786	 CA 	110	 -44.086	  -3.695	  34.119
806	 CA 	111	 -46.479	  -0.909	  34.956
821	 CA 	112	 -47.362	   2.304	  33.219
894	 CA 	116	 -54.296	   3.388	  35.055
1467	 CA 	151	 -38.352	   2.103	  -3.888
1477	 CA 	152	 -41.205	   2.780	  -6.369
1497	 CA 	153	 -39.926	   6.259	  -7.106
2201	 CA 	197	 -31.702	   6.574	  -7.287
2279	 CA 	202	 -30.868	   3.254	   0.412
2324	 CA 	206	 -30.475	  -1.409	   3.801
2373	 CA 	209	 -22.612	  -0.590	  -1.249
2380	 CA 	210	 -21.602	   2.854	  -2.667
5325	 CA 	395	 -24.559	 -18.535	  22.333
5344	 CA 	396	 -24.267	 -16.134	  25.351
5356	 CA 	397	 -24.812	 -13.070	  23.072
5367	 CA 	398	 -22.155	 -11.012	  21.046
6370	 CA 	462	 -17.619	 -13.242	   4.258
6406	 CA 	465	 -18.892	 -17.139	   6.525
6933	 CA 	500	 -13.043	 -13.032	  15.069
6980	 CA 	503	 -14.330	 -13.913	  10.356
21341	CLA 	735	 -22.777	   3.191	   3.747
21342	CLA 	736	 -24.372	  -2.991	 -14.815
21344	CLA 	736	  24.485	  19.626	 -43.793
