786	 CA 	110	 -46.094	  -1.228	  35.798
806	 CA 	111	 -47.727	   2.093	  35.963
821	 CA 	112	 -48.622	   4.467	  33.083
894	 CA 	116	 -55.865	   5.451	  36.145
1467	 CA 	151	 -38.310	   2.219	  -3.811
1477	 CA 	152	 -41.353	   2.792	  -6.222
1497	 CA 	153	 -40.181	   6.383	  -6.636
2201	 CA 	197	 -32.040	   7.016	  -7.421
2279	 CA 	202	 -31.415	   3.486	   0.387
2324	 CA 	206	 -30.782	  -1.409	   3.519
2373	 CA 	209	 -22.932	  -0.544	  -1.953
2380	 CA 	210	 -21.684	   2.920	  -2.833
5325	 CA 	395	 -26.258	 -17.651	  21.448
5344	 CA 	396	 -26.123	 -15.851	  24.784
5356	 CA 	397	 -26.121	 -12.320	  22.982
5367	 CA 	398	 -23.784	 -10.157	  20.849
6370	 CA 	462	 -17.855	 -13.219	   3.962
6406	 CA 	465	 -19.168	 -17.322	   6.527
6933	 CA 	500	 -14.037	 -12.534	  15.524
6980	 CA 	503	 -14.790	 -13.393	  10.629
21341	CLA 	735	 -23.678	   3.490	   3.302
21342	CLA 	736	 -24.609	  -2.976	 -14.945
21344	CLA 	736	  39.543	  -8.153	 -40.564
