786	 CA 	110	 -44.372	  -1.403	  34.443
806	 CA 	111	 -46.639	   1.340	  35.804
821	 CA 	112	 -47.928	   4.698	  34.633
894	 CA 	116	 -54.880	   4.313	  38.042
1467	 CA 	151	 -37.907	   2.427	  -3.614
1477	 CA 	152	 -40.832	   3.182	  -6.047
1497	 CA 	153	 -39.399	   6.691	  -6.633
2201	 CA 	197	 -31.497	   7.218	  -7.228
2279	 CA 	202	 -30.394	   3.751	   0.726
2324	 CA 	206	 -30.548	  -0.890	   4.207
2373	 CA 	209	 -22.539	  -0.245	  -1.304
2380	 CA 	210	 -21.881	   3.001	  -3.124
5325	 CA 	395	 -24.806	 -16.860	  22.949
5344	 CA 	396	 -23.766	 -14.402	  25.874
5356	 CA 	397	 -23.905	 -11.569	  23.386
5367	 CA 	398	 -21.686	  -9.982	  20.922
6370	 CA 	462	 -17.945	 -12.816	   4.776
6406	 CA 	465	 -19.787	 -16.545	   7.062
6933	 CA 	500	 -13.157	 -12.586	  15.382
6980	 CA 	503	 -14.655	 -13.258	  10.720
21341	CLA 	735	 -22.587	   4.021	   4.381
21342	CLA 	736	 -24.037	  -2.919	 -15.078
21344	CLA 	736	  31.827	  20.450	 -42.580
