786	 CA 	110	 -47.206	   1.412	  33.399
806	 CA 	111	 -49.795	   4.158	  34.337
821	 CA 	112	 -51.852	   6.179	  31.841
894	 CA 	116	 -58.855	   4.998	  34.654
1467	 CA 	151	 -38.489	   1.798	  -3.155
1477	 CA 	152	 -41.513	   2.499	  -5.392
1497	 CA 	153	 -40.428	   6.177	  -5.604
2201	 CA 	197	 -32.029	   7.191	  -7.532
2279	 CA 	202	 -30.711	   4.171	   0.350
2324	 CA 	206	 -31.189	  -1.367	   3.699
2373	 CA 	209	 -22.715	  -0.720	  -2.266
2380	 CA 	210	 -21.772	   3.009	  -3.045
5325	 CA 	395	 -22.658	 -19.366	  25.151
5344	 CA 	396	 -26.492	 -19.393	  24.690
5356	 CA 	397	 -27.826	 -16.569	  22.514
5367	 CA 	398	 -25.204	 -14.950	  20.130
6370	 CA 	462	 -17.631	 -12.926	   4.031
6406	 CA 	465	 -19.237	 -16.935	   6.659
6933	 CA 	500	 -13.045	 -12.316	  15.252
6980	 CA 	503	 -13.777	 -13.661	  10.474
21341	CLA 	735	 -21.316	   3.158	   2.330
21342	CLA 	736	 -24.890	  -1.770	 -15.168
21344	CLA 	736	  29.437	   2.020	 -16.097
