786	 CA 	110	 -48.479	   1.581	  33.268
806	 CA 	111	 -50.747	   4.373	  34.737
821	 CA 	112	 -53.345	   6.242	  32.602
894	 CA 	116	 -59.846	   4.906	  34.575
1467	 CA 	151	 -38.675	   1.478	  -3.485
1477	 CA 	152	 -41.524	   2.133	  -6.071
1497	 CA 	153	 -40.658	   5.820	  -6.645
2201	 CA 	197	 -32.559	   6.904	  -7.691
2279	 CA 	202	 -31.167	   3.482	  -0.114
2324	 CA 	206	 -31.016	  -0.980	   3.065
2373	 CA 	209	 -22.666	  -0.287	  -2.180
2380	 CA 	210	 -21.618	   3.254	  -3.213
5325	 CA 	395	 -24.266	 -18.318	  26.601
5344	 CA 	396	 -28.099	 -18.316	  26.192
5356	 CA 	397	 -28.966	 -15.114	  24.237
5367	 CA 	398	 -26.589	 -13.467	  21.716
6370	 CA 	462	 -18.192	 -12.218	   3.922
6406	 CA 	465	 -19.864	 -16.264	   6.473
6933	 CA 	500	 -14.783	 -12.089	  15.657
6980	 CA 	503	 -15.178	 -12.716	  10.855
21341	CLA 	735	 -22.812	   3.608	   3.422
21342	CLA 	736	 -24.295	  -1.997	 -14.911
21344	CLA 	736	  30.450	   3.554	 -14.935
