786	 CA 	110	 -43.709	  -2.274	  34.616
806	 CA 	111	 -45.328	   0.820	  36.097
821	 CA 	112	 -46.392	   4.191	  34.530
894	 CA 	116	 -52.533	   4.786	  38.412
1467	 CA 	151	 -38.452	   1.936	  -3.002
1477	 CA 	152	 -41.357	   2.235	  -5.557
1497	 CA 	153	 -39.951	   5.854	  -6.395
2201	 CA 	197	 -31.990	   6.587	  -7.389
2279	 CA 	202	 -31.333	   3.695	   0.693
2324	 CA 	206	 -30.850	  -2.091	   4.470
2373	 CA 	209	 -23.030	  -0.201	  -1.001
2380	 CA 	210	 -22.067	   2.974	  -2.906
5325	 CA 	395	 -24.822	 -18.411	  22.706
5344	 CA 	396	 -25.410	 -16.063	  25.818
5356	 CA 	397	 -26.425	 -13.153	  23.484
5367	 CA 	398	 -23.404	 -11.602	  21.755
6370	 CA 	462	 -17.423	 -13.192	   4.614
6406	 CA 	465	 -18.637	 -17.216	   6.797
6933	 CA 	500	 -13.414	 -12.933	  15.443
6980	 CA 	503	 -13.956	 -13.526	  10.756
21341	CLA 	735	 -22.926	   1.929	   5.187
21342	CLA 	736	 -24.405	  -2.831	 -14.659
21344	CLA 	736	  33.964	   4.513	 -39.054
