786	 CA 	110	 -46.287	  -0.588	  35.928
806	 CA 	111	 -49.012	   2.129	  36.494
821	 CA 	112	 -51.408	   3.573	  33.911
894	 CA 	116	 -58.293	   1.491	  36.629
1467	 CA 	151	 -38.525	   1.595	  -3.623
1477	 CA 	152	 -41.306	   1.957	  -6.226
1497	 CA 	153	 -40.201	   5.648	  -6.653
2201	 CA 	197	 -31.844	   6.235	  -7.060
2279	 CA 	202	 -31.490	   2.313	   0.748
2324	 CA 	206	 -30.732	  -1.480	   4.204
2373	 CA 	209	 -23.045	  -0.866	  -1.290
2380	 CA 	210	 -22.266	   2.583	  -2.805
5325	 CA 	395	 -26.396	 -16.659	  22.166
5344	 CA 	396	 -26.639	 -14.065	  24.989
5356	 CA 	397	 -26.247	 -11.236	  22.335
5367	 CA 	398	 -22.992	  -9.664	  20.923
6370	 CA 	462	 -17.861	 -12.630	   4.838
6406	 CA 	465	 -19.737	 -16.692	   7.166
6933	 CA 	500	 -13.879	 -12.930	  16.100
6980	 CA 	503	 -14.690	 -13.600	  11.401
21341	CLA 	735	 -23.519	   2.871	   4.411
21342	CLA 	736	 -24.115	  -3.171	 -14.933
21344	CLA 	736	  16.269	  30.613	 -39.388
