786	 CA 	110	 -44.530	  -1.956	  33.349
806	 CA 	111	 -46.037	   1.309	  34.704
821	 CA 	112	 -47.444	   4.494	  33.080
894	 CA 	116	 -54.300	   4.676	  35.924
1467	 CA 	151	 -38.874	   2.185	  -4.611
1477	 CA 	152	 -41.668	   2.769	  -7.174
1497	 CA 	153	 -40.305	   6.270	  -7.996
2201	 CA 	197	 -32.173	   6.495	  -8.059
2279	 CA 	202	 -31.266	   3.308	   0.124
2324	 CA 	206	 -31.034	  -1.540	   3.520
2373	 CA 	209	 -22.983	  -0.434	  -1.248
2380	 CA 	210	 -22.326	   2.840	  -2.978
5325	 CA 	395	 -26.083	 -18.577	  22.072
5344	 CA 	396	 -25.626	 -16.210	  24.952
5356	 CA 	397	 -25.722	 -12.686	  23.605
5367	 CA 	398	 -23.307	 -10.725	  21.270
6370	 CA 	462	 -18.104	 -13.303	   4.308
6406	 CA 	465	 -19.481	 -17.346	   6.421
6933	 CA 	500	 -14.545	 -13.027	  15.669
6980	 CA 	503	 -15.190	 -13.800	  10.613
21341	CLA 	735	 -23.237	   2.150	   4.393
21342	CLA 	736	 -23.874	  -2.749	 -14.804
21344	CLA 	736	  28.108	   7.251	 -35.934
