786	 CA 	110	 -46.187	  -2.445	  33.650
806	 CA 	111	 -48.466	   0.716	  34.411
821	 CA 	112	 -48.996	   4.023	  32.666
894	 CA 	116	 -55.823	   5.851	  35.873
1467	 CA 	151	 -38.444	   2.090	  -3.756
1477	 CA 	152	 -41.183	   2.283	  -6.473
1497	 CA 	153	 -39.979	   5.854	  -7.417
2201	 CA 	197	 -31.990	   6.150	  -7.851
2279	 CA 	202	 -31.550	   3.146	   0.245
2324	 CA 	206	 -31.303	  -1.220	   3.748
2373	 CA 	209	 -22.737	  -0.583	  -1.741
2380	 CA 	210	 -22.162	   3.052	  -2.904
5325	 CA 	395	 -26.579	 -18.103	  21.479
5344	 CA 	396	 -26.973	 -15.766	  24.530
5356	 CA 	397	 -27.281	 -12.655	  22.353
5367	 CA 	398	 -23.782	 -11.535	  21.164
6370	 CA 	462	 -17.838	 -13.344	   4.419
6406	 CA 	465	 -19.470	 -17.331	   6.884
6933	 CA 	500	 -14.227	 -12.991	  15.570
6980	 CA 	503	 -14.697	 -13.879	  10.499
21341	CLA 	735	 -23.274	   2.062	   4.409
21342	CLA 	736	 -24.909	  -3.509	 -14.589
21344	CLA 	736	  35.029	  -1.813	 -39.526
