786	 CA 	110	 -44.226	  -3.751	  34.567
806	 CA 	111	 -46.330	  -0.761	  35.319
821	 CA 	112	 -47.569	   2.033	  33.163
894	 CA 	116	 -54.012	   3.565	  36.589
1467	 CA 	151	 -38.300	   0.925	  -4.151
1477	 CA 	152	 -41.349	   1.321	  -6.413
1497	 CA 	153	 -40.196	   4.928	  -7.303
2201	 CA 	197	 -32.287	   5.779	  -7.798
2279	 CA 	202	 -31.047	   2.554	  -0.036
2324	 CA 	206	 -30.503	  -1.416	   3.716
2373	 CA 	209	 -22.744	  -0.692	  -1.678
2380	 CA 	210	 -22.359	   2.858	  -3.192
5325	 CA 	395	 -23.970	 -18.717	  22.105
5344	 CA 	396	 -24.139	 -16.518	  25.299
5356	 CA 	397	 -25.127	 -13.250	  23.429
5367	 CA 	398	 -22.449	 -11.174	  21.539
6370	 CA 	462	 -17.472	 -12.678	   4.411
6406	 CA 	465	 -18.803	 -17.014	   6.552
6933	 CA 	500	 -13.569	 -13.182	  15.396
6980	 CA 	503	 -14.265	 -13.778	  10.336
21341	CLA 	735	 -22.755	   2.194	   4.207
21342	CLA 	736	 -24.246	  -3.361	 -14.343
21344	CLA 	736	  22.902	  12.595	 -42.230
