786	 CA 	110	 -44.804	   3.088	  34.708
806	 CA 	111	 -48.234	   4.989	  35.241
821	 CA 	112	 -51.008	   6.096	  32.922
894	 CA 	116	 -56.899	   3.697	  36.622
1467	 CA 	151	 -38.511	   1.764	  -3.875
1477	 CA 	152	 -41.554	   2.140	  -6.153
1497	 CA 	153	 -40.445	   5.703	  -6.958
2201	 CA 	197	 -32.124	   6.276	  -7.085
2279	 CA 	202	 -30.956	   2.556	   0.754
2324	 CA 	206	 -30.414	  -1.785	   4.397
2373	 CA 	209	 -22.690	  -0.150	  -1.351
2380	 CA 	210	 -22.166	   3.347	  -2.938
5325	 CA 	395	 -24.799	 -16.648	  22.457
5344	 CA 	396	 -24.705	 -14.004	  25.123
5356	 CA 	397	 -24.968	 -11.491	  22.212
5367	 CA 	398	 -22.144	  -9.879	  20.365
6370	 CA 	462	 -18.022	 -12.775	   4.434
6406	 CA 	465	 -19.417	 -16.887	   7.065
6933	 CA 	500	 -13.819	 -12.241	  15.822
6980	 CA 	503	 -14.400	 -13.043	  10.849
21341	CLA 	735	 -23.214	   3.107	   4.341
21342	CLA 	736	 -24.370	  -3.197	 -14.376
21344	CLA 	736	  25.060	  35.062	 -38.265
