786	 CA 	110	 -48.414	  -0.120	  34.428
806	 CA 	111	 -50.367	   3.123	  35.212
821	 CA 	112	 -52.591	   5.330	  32.947
894	 CA 	116	 -59.009	   4.161	  36.387
1467	 CA 	151	 -38.883	   1.287	  -3.285
1477	 CA 	152	 -42.070	   1.866	  -5.436
1497	 CA 	153	 -40.954	   5.491	  -6.048
2201	 CA 	197	 -32.203	   7.541	  -7.433
2279	 CA 	202	 -30.756	   3.776	   0.336
2324	 CA 	206	 -30.530	  -0.775	   4.122
2373	 CA 	209	 -22.787	  -0.774	  -1.971
2380	 CA 	210	 -21.763	   2.680	  -3.210
5325	 CA 	395	 -23.518	 -18.644	  25.386
5344	 CA 	396	 -27.238	 -18.721	  25.585
5356	 CA 	397	 -28.043	 -15.206	  24.329
5367	 CA 	398	 -25.608	 -14.184	  21.620
6370	 CA 	462	 -17.858	 -12.645	   4.071
6406	 CA 	465	 -19.443	 -16.637	   6.579
6933	 CA 	500	 -13.996	 -12.216	  15.234
6980	 CA 	503	 -14.654	 -13.207	  10.622
21341	CLA 	735	 -23.107	   3.446	   2.862
21342	CLA 	736	 -24.485	  -1.928	 -14.842
21344	CLA 	736	  29.883	   0.695	 -13.513
