786	 CA 	110	 -44.931	  -2.663	  33.943
806	 CA 	111	 -46.962	   0.345	  35.485
821	 CA 	112	 -48.980	   3.139	  33.880
894	 CA 	116	 -56.631	   2.681	  36.480
1467	 CA 	151	 -38.777	   1.214	  -4.073
1477	 CA 	152	 -41.688	   2.139	  -6.393
1497	 CA 	153	 -40.375	   5.796	  -6.885
2201	 CA 	197	 -32.121	   6.468	  -7.226
2279	 CA 	202	 -30.878	   2.641	   0.598
2324	 CA 	206	 -30.637	  -2.001	   3.983
2373	 CA 	209	 -22.758	  -0.419	  -1.305
2380	 CA 	210	 -21.832	   2.801	  -3.205
5325	 CA 	395	 -24.385	 -17.875	  22.368
5344	 CA 	396	 -23.726	 -15.555	  25.368
5356	 CA 	397	 -23.921	 -12.486	  22.940
5367	 CA 	398	 -21.563	 -10.404	  20.772
6370	 CA 	462	 -17.666	 -13.176	   4.387
6406	 CA 	465	 -19.234	 -17.069	   6.972
6933	 CA 	500	 -12.876	 -12.846	  15.311
6980	 CA 	503	 -14.015	 -13.690	  10.570
21341	CLA 	735	 -23.190	   3.195	   4.287
21342	CLA 	736	 -23.995	  -2.908	 -14.925
21344	CLA 	736	  31.714	  23.095	 -44.721
