786	 CA 	110	 -47.820	   0.670	  33.601
806	 CA 	111	 -49.948	   3.606	  34.841
821	 CA 	112	 -51.984	   6.142	  32.858
894	 CA 	116	 -58.424	   5.098	  35.843
1467	 CA 	151	 -38.658	   2.243	  -3.874
1477	 CA 	152	 -41.547	   3.331	  -6.020
1497	 CA 	153	 -39.884	   6.620	  -6.544
2201	 CA 	197	 -31.959	   7.534	  -7.453
2279	 CA 	202	 -30.483	   3.737	   0.037
2324	 CA 	206	 -30.670	  -0.626	   3.091
2373	 CA 	209	 -21.942	  -0.186	  -1.944
2380	 CA 	210	 -20.983	   3.148	  -3.382
5325	 CA 	395	 -23.963	 -18.695	  25.451
5344	 CA 	396	 -27.728	 -18.539	  25.065
5356	 CA 	397	 -28.879	 -15.057	  23.893
5367	 CA 	398	 -26.324	 -13.261	  21.659
6370	 CA 	462	 -17.547	 -12.476	   4.028
6406	 CA 	465	 -19.105	 -16.576	   6.754
6933	 CA 	500	 -14.380	 -12.129	  15.441
6980	 CA 	503	 -14.598	 -12.834	  10.530
21341	CLA 	735	 -20.973	   2.778	   1.623
21342	CLA 	736	 -24.493	  -1.988	 -15.377
21344	CLA 	736	  33.514	   2.489	 -14.976
