786	 CA 	110	 -44.665	  -4.491	  34.492
806	 CA 	111	 -46.941	  -1.503	  35.009
821	 CA 	112	 -48.127	   1.768	  33.418
894	 CA 	116	 -54.748	   3.439	  35.825
1467	 CA 	151	 -39.491	   1.607	  -4.514
1477	 CA 	152	 -42.312	   2.593	  -6.905
1497	 CA 	153	 -40.517	   5.935	  -7.400
2201	 CA 	197	 -32.203	   6.286	  -7.563
2279	 CA 	202	 -31.304	   2.956	   0.416
2324	 CA 	206	 -30.748	  -1.606	   3.579
2373	 CA 	209	 -23.402	  -0.625	  -1.886
2380	 CA 	210	 -22.361	   2.909	  -3.013
5325	 CA 	395	 -25.258	 -18.508	  21.459
5344	 CA 	396	 -25.043	 -16.320	  24.570
5356	 CA 	397	 -25.586	 -12.977	  22.680
5367	 CA 	398	 -22.608	 -11.189	  21.229
6370	 CA 	462	 -18.036	 -12.735	   4.354
6406	 CA 	465	 -19.490	 -16.812	   6.890
6933	 CA 	500	 -13.760	 -12.954	  14.984
6980	 CA 	503	 -14.449	 -13.523	  10.526
21341	CLA 	735	 -22.951	   4.527	   4.704
21342	CLA 	736	 -24.275	  -3.148	 -14.626
21344	CLA 	736	  25.107	  19.461	 -39.272
