786	 CA 	110	 -44.257	  -3.172	  33.619
806	 CA 	111	 -45.820	   0.079	  35.071
821	 CA 	112	 -46.873	   3.312	  33.370
894	 CA 	116	 -53.693	   5.114	  35.340
1467	 CA 	151	 -38.586	   1.448	  -4.305
1477	 CA 	152	 -41.301	   1.893	  -6.878
1497	 CA 	153	 -40.230	   5.474	  -7.538
2201	 CA 	197	 -32.336	   6.454	  -7.990
2279	 CA 	202	 -31.177	   3.001	   0.290
2324	 CA 	206	 -30.638	  -1.332	   3.858
2373	 CA 	209	 -23.131	  -0.460	  -1.182
2380	 CA 	210	 -22.713	   2.904	  -2.760
5325	 CA 	395	 -25.212	 -18.795	  22.154
5344	 CA 	396	 -24.751	 -17.238	  25.620
5356	 CA 	397	 -25.361	 -13.748	  24.031
5367	 CA 	398	 -22.737	 -11.880	  21.930
6370	 CA 	462	 -17.446	 -13.351	   4.443
6406	 CA 	465	 -19.277	 -17.320	   6.764
6933	 CA 	500	 -13.764	 -13.044	  15.701
6980	 CA 	503	 -14.615	 -13.705	  10.601
21341	CLA 	735	 -22.840	   2.608	   5.014
21342	CLA 	736	 -24.311	  -2.976	 -14.631
21344	CLA 	736	  26.745	   7.375	 -36.584
