786	 CA 	110	 -44.205	  -2.806	  35.272
806	 CA 	111	 -46.616	  -0.326	  37.002
821	 CA 	112	 -48.587	   2.210	  35.007
894	 CA 	116	 -54.997	   1.990	  37.439
1467	 CA 	151	 -38.125	   0.590	  -4.344
1477	 CA 	152	 -41.089	   1.661	  -6.676
1497	 CA 	153	 -39.469	   5.094	  -7.115
2201	 CA 	197	 -31.652	   6.214	  -7.645
2279	 CA 	202	 -30.240	   2.291	  -0.006
2324	 CA 	206	 -30.192	  -2.468	   4.055
2373	 CA 	209	 -22.191	  -0.510	  -0.845
2380	 CA 	210	 -22.158	   2.748	  -2.958
5325	 CA 	395	 -24.419	 -17.628	  22.240
5344	 CA 	396	 -25.128	 -14.972	  24.836
5356	 CA 	397	 -25.053	 -12.397	  22.136
5367	 CA 	398	 -21.651	 -10.957	  20.788
6370	 CA 	462	 -17.793	 -13.855	   3.975
6406	 CA 	465	 -19.029	 -17.977	   6.574
6933	 CA 	500	 -12.649	 -13.205	  14.821
6980	 CA 	503	 -14.345	 -14.048	  10.024
21341	CLA 	735	 -22.745	   1.580	   4.268
21342	CLA 	736	 -24.204	  -3.024	 -14.444
21344	CLA 	736	  25.013	  28.545	 -43.940
