786	 CA 	110	 -44.125	  -2.023	  33.431
806	 CA 	111	 -45.494	   0.893	  35.466
821	 CA 	112	 -46.519	   4.295	  33.698
894	 CA 	116	 -53.004	   3.964	  36.940
1467	 CA 	151	 -38.492	   1.513	  -3.702
1477	 CA 	152	 -41.451	   1.874	  -6.176
1497	 CA 	153	 -39.956	   5.249	  -7.106
2201	 CA 	197	 -31.967	   6.104	  -7.560
2279	 CA 	202	 -31.034	   2.848	   0.400
2324	 CA 	206	 -31.106	  -1.677	   3.939
2373	 CA 	209	 -23.117	  -0.616	  -1.309
2380	 CA 	210	 -22.473	   2.868	  -2.747
5325	 CA 	395	 -25.239	 -18.162	  21.606
5344	 CA 	396	 -25.553	 -16.087	  24.804
5356	 CA 	397	 -25.981	 -12.423	  23.609
5367	 CA 	398	 -23.903	 -10.305	  21.157
6370	 CA 	462	 -17.651	 -13.188	   4.541
6406	 CA 	465	 -18.560	 -17.271	   6.909
6933	 CA 	500	 -13.467	 -12.666	  15.406
6980	 CA 	503	 -14.117	 -13.658	  10.907
21341	CLA 	735	 -22.908	   1.842	   5.534
21342	CLA 	736	 -24.159	  -3.353	 -14.724
21344	CLA 	736	  27.954	   7.059	 -35.919
