786	 CA 	110	 -44.358	  -0.904	  35.375
806	 CA 	111	 -46.209	   2.131	  36.963
821	 CA 	112	 -47.677	   5.305	  35.380
894	 CA 	116	 -55.174	   4.589	  38.047
1467	 CA 	151	 -38.685	   1.078	  -4.075
1477	 CA 	152	 -41.416	   2.001	  -6.585
1497	 CA 	153	 -39.937	   5.524	  -6.997
2201	 CA 	197	 -31.804	   6.397	  -7.346
2279	 CA 	202	 -30.663	   3.113	   0.607
2324	 CA 	206	 -30.702	  -1.765	   4.352
2373	 CA 	209	 -22.841	  -0.098	  -1.097
2380	 CA 	210	 -21.934	   3.324	  -2.740
5325	 CA 	395	 -25.299	 -16.083	  22.876
5344	 CA 	396	 -24.996	 -13.363	  25.658
5356	 CA 	397	 -24.604	 -10.774	  22.812
5367	 CA 	398	 -21.749	  -9.404	  20.702
6370	 CA 	462	 -17.729	 -13.155	   4.958
6406	 CA 	465	 -19.278	 -17.289	   7.649
6933	 CA 	500	 -13.280	 -12.552	  15.397
6980	 CA 	503	 -14.345	 -13.643	  10.879
21341	CLA 	735	 -22.805	   3.559	   4.230
21342	CLA 	736	 -23.917	  -3.308	 -13.773
21344	CLA 	736	  23.478	  24.839	 -45.955
