786	 CA 	110	 -44.891	  -0.659	  34.289
806	 CA 	111	 -46.190	   2.254	  36.333
821	 CA 	112	 -47.746	   5.315	  34.578
894	 CA 	116	 -55.602	   4.985	  36.947
1467	 CA 	151	 -38.443	   2.087	  -3.713
1477	 CA 	152	 -41.227	   2.894	  -6.152
1497	 CA 	153	 -39.781	   6.531	  -6.488
2201	 CA 	197	 -31.414	   6.674	  -7.076
2279	 CA 	202	 -30.950	   2.810	   0.794
2324	 CA 	206	 -30.917	  -1.628	   4.388
2373	 CA 	209	 -23.045	  -0.666	  -1.053
2380	 CA 	210	 -21.815	   2.776	  -2.349
5325	 CA 	395	 -25.859	 -15.688	  22.706
5344	 CA 	396	 -25.547	 -12.955	  25.339
5356	 CA 	397	 -25.262	 -10.466	  22.398
5367	 CA 	398	 -22.300	  -9.334	  20.266
6370	 CA 	462	 -18.087	 -12.854	   4.882
6406	 CA 	465	 -19.453	 -16.557	   7.381
6933	 CA 	500	 -14.091	 -12.208	  15.913
6980	 CA 	503	 -14.753	 -13.241	  11.197
21341	CLA 	735	 -22.844	   3.202	   4.193
21342	CLA 	736	 -24.415	  -2.693	 -14.784
21344	CLA 	736	  23.868	  25.872	 -46.114
