786	 CA 	110	 -45.956	   5.308	  36.688
806	 CA 	111	 -49.201	   7.110	  37.617
821	 CA 	112	 -51.499	   9.427	  35.343
894	 CA 	116	 -57.143	   5.881	  39.025
1467	 CA 	151	 -39.137	   2.935	  -2.943
1477	 CA 	152	 -42.025	   3.681	  -5.435
1497	 CA 	153	 -40.556	   7.058	  -6.384
2201	 CA 	197	 -32.173	   6.816	  -7.031
2279	 CA 	202	 -31.717	   3.686	   1.115
2324	 CA 	206	 -30.635	  -0.674	   4.613
2373	 CA 	209	 -23.255	  -0.028	  -1.221
2380	 CA 	210	 -22.321	   3.115	  -3.281
5325	 CA 	395	 -24.090	 -15.456	  24.014
5344	 CA 	396	 -23.332	 -13.339	  27.167
5356	 CA 	397	 -24.370	 -10.215	  25.139
5367	 CA 	398	 -21.769	  -8.884	  22.694
6370	 CA 	462	 -17.616	 -12.130	   5.466
6406	 CA 	465	 -19.199	 -15.767	   8.327
6933	 CA 	500	 -12.968	 -10.883	  15.888
6980	 CA 	503	 -14.144	 -12.021	  11.262
21341	CLA 	735	 -23.318	   4.187	   3.735
21342	CLA 	736	 -24.425	  -2.984	 -14.576
21344	CLA 	736	  28.688	  52.474	 -33.063
