786	 CA 	110	 -44.903	  -3.383	  34.317
806	 CA 	111	 -47.418	  -0.517	  35.143
821	 CA 	112	 -48.493	   2.742	  33.368
894	 CA 	116	 -55.822	   3.315	  35.233
1467	 CA 	151	 -38.680	   1.369	  -3.904
1477	 CA 	152	 -41.535	   2.278	  -6.363
1497	 CA 	153	 -40.095	   5.755	  -6.838
2201	 CA 	197	 -31.786	   6.779	  -7.402
2279	 CA 	202	 -31.248	   2.820	   0.543
2324	 CA 	206	 -30.480	  -1.090	   4.302
2373	 CA 	209	 -23.013	  -0.681	  -1.225
2380	 CA 	210	 -22.071	   2.786	  -2.497
5325	 CA 	395	 -25.003	 -17.915	  22.181
5344	 CA 	396	 -24.419	 -15.669	  25.373
5356	 CA 	397	 -24.671	 -12.537	  23.104
5367	 CA 	398	 -22.015	 -10.616	  21.190
6370	 CA 	462	 -17.836	 -12.761	   4.374
6406	 CA 	465	 -19.663	 -17.023	   6.528
6933	 CA 	500	 -13.430	 -12.734	  14.944
6980	 CA 	503	 -14.573	 -13.504	  10.370
21341	CLA 	735	 -23.320	   3.086	   3.917
21342	CLA 	736	 -24.562	  -3.003	 -14.594
21344	CLA 	736	  24.344	  19.515	 -42.127
