786	 CA 	110	 -44.728	   3.656	  35.308
806	 CA 	111	 -47.981	   5.432	  36.287
821	 CA 	112	 -50.281	   7.852	  34.268
894	 CA 	116	 -55.531	   3.798	  37.346
1467	 CA 	151	 -38.622	   2.576	  -3.497
1477	 CA 	152	 -41.197	   3.421	  -6.072
1497	 CA 	153	 -39.746	   6.794	  -6.849
2201	 CA 	197	 -31.710	   6.637	  -7.264
2279	 CA 	202	 -30.961	   3.518	   0.590
2324	 CA 	206	 -30.452	  -0.745	   4.605
2373	 CA 	209	 -22.605	  -0.143	  -1.062
2380	 CA 	210	 -22.004	   3.083	  -2.975
5325	 CA 	395	 -24.038	 -15.803	  23.742
5344	 CA 	396	 -23.229	 -13.493	  26.669
5356	 CA 	397	 -23.330	 -10.435	  24.184
5367	 CA 	398	 -20.838	  -8.765	  21.843
6370	 CA 	462	 -18.017	 -12.810	   5.030
6406	 CA 	465	 -19.704	 -16.183	   7.791
6933	 CA 	500	 -13.042	 -12.079	  15.649
6980	 CA 	503	 -14.574	 -12.787	  11.137
21341	CLA 	735	 -22.745	   3.267	   3.934
21342	CLA 	736	 -24.238	  -3.038	 -15.036
21344	CLA 	736	  24.936	  49.699	 -43.136
