786	 CA 	110	 -45.535	   3.011	  35.910
806	 CA 	111	 -48.527	   5.438	  35.996
821	 CA 	112	 -51.572	   6.115	  33.611
894	 CA 	116	 -57.527	   3.788	  37.771
1467	 CA 	151	 -38.949	   1.748	  -3.470
1477	 CA 	152	 -41.940	   2.317	  -5.762
1497	 CA 	153	 -40.787	   5.936	  -6.595
2201	 CA 	197	 -32.501	   6.100	  -7.256
2279	 CA 	202	 -31.243	   2.528	   0.472
2324	 CA 	206	 -30.637	  -1.394	   4.028
2373	 CA 	209	 -22.741	  -0.295	  -1.413
2380	 CA 	210	 -22.066	   3.077	  -3.035
5325	 CA 	395	 -24.961	 -16.212	  23.412
5344	 CA 	396	 -24.648	 -13.628	  26.187
5356	 CA 	397	 -24.754	 -10.747	  23.583
5367	 CA 	398	 -22.070	  -8.818	  21.568
6370	 CA 	462	 -17.943	 -12.506	   4.702
6406	 CA 	465	 -18.943	 -16.222	   7.150
6933	 CA 	500	 -13.291	 -11.804	  15.759
6980	 CA 	503	 -14.278	 -12.760	  10.785
21341	CLA 	735	 -23.184	   3.086	   4.146
21342	CLA 	736	 -24.921	  -2.964	 -14.877
21344	CLA 	736	  26.457	  41.149	 -43.209
