786	 CA 	110	 -45.164	   0.525	  35.769
806	 CA 	111	 -48.477	   2.169	  37.104
821	 CA 	112	 -50.907	   4.345	  35.099
894	 CA 	116	 -56.834	   3.472	  37.123
1467	 CA 	151	 -38.722	   1.887	  -3.353
1477	 CA 	152	 -41.751	   2.792	  -5.660
1497	 CA 	153	 -40.385	   6.276	  -6.687
2201	 CA 	197	 -31.906	   6.749	  -7.109
2279	 CA 	202	 -31.157	   3.350	   1.066
2324	 CA 	206	 -30.342	  -1.780	   4.906
2373	 CA 	209	 -23.005	  -0.564	  -0.895
2380	 CA 	210	 -22.246	   2.823	  -2.572
5325	 CA 	395	 -23.163	 -17.252	  23.326
5344	 CA 	396	 -22.146	 -14.755	  26.119
5356	 CA 	397	 -23.276	 -11.800	  24.020
5367	 CA 	398	 -21.077	  -9.708	  21.706
6370	 CA 	462	 -17.430	 -12.698	   4.894
6406	 CA 	465	 -19.019	 -16.255	   7.680
6933	 CA 	500	 -12.139	 -11.808	  15.739
6980	 CA 	503	 -13.656	 -12.788	  10.884
21341	CLA 	735	 -22.785	   2.482	   4.709
21342	CLA 	736	 -24.130	  -2.731	 -14.745
21344	CLA 	736	  24.585	  63.709	 -32.489
