786	 CA 	110	 -44.141	  -4.520	  33.218
806	 CA 	111	 -46.057	  -1.806	  34.968
821	 CA 	112	 -46.934	   1.677	  33.690
894	 CA 	116	 -53.481	   3.479	  36.783
1467	 CA 	151	 -38.423	   1.067	  -3.977
1477	 CA 	152	 -41.515	   1.724	  -6.263
1497	 CA 	153	 -40.303	   5.261	  -6.792
2201	 CA 	197	 -32.043	   6.100	  -7.673
2279	 CA 	202	 -30.883	   2.690	   0.115
2324	 CA 	206	 -30.676	  -2.262	   3.862
2373	 CA 	209	 -23.118	  -0.910	  -1.400
2380	 CA 	210	 -21.891	   2.480	  -2.774
5325	 CA 	395	 -24.387	 -19.020	  22.004
5344	 CA 	396	 -24.062	 -16.638	  24.942
5356	 CA 	397	 -24.933	 -13.627	  22.614
5367	 CA 	398	 -22.367	 -11.584	  20.565
6370	 CA 	462	 -17.409	 -12.927	   3.985
6406	 CA 	465	 -18.738	 -17.236	   6.392
6933	 CA 	500	 -13.187	 -13.484	  15.003
6980	 CA 	503	 -13.914	 -14.032	  10.112
21341	CLA 	735	 -22.713	   1.005	   4.610
21342	CLA 	736	 -24.746	  -3.166	 -14.640
21344	CLA 	736	  22.397	  11.137	 -38.971
