786	 CA 	110	 -48.227	   0.204	  32.506
806	 CA 	111	 -50.689	   2.960	  33.409
821	 CA 	112	 -52.526	   5.362	  31.144
894	 CA 	116	 -59.309	   3.672	  34.315
1467	 CA 	151	 -39.176	   1.333	  -3.691
1477	 CA 	152	 -42.100	   2.085	  -6.073
1497	 CA 	153	 -40.742	   5.541	  -6.557
2201	 CA 	197	 -32.275	   6.682	  -7.683
2279	 CA 	202	 -31.015	   3.889	   0.289
2324	 CA 	206	 -30.746	  -1.315	   3.602
2373	 CA 	209	 -22.578	  -0.557	  -1.713
2380	 CA 	210	 -22.000	   3.005	  -3.096
5325	 CA 	395	 -22.791	 -19.511	  24.680
5344	 CA 	396	 -26.374	 -19.471	  23.557
5356	 CA 	397	 -27.178	 -16.041	  22.177
5367	 CA 	398	 -24.398	 -14.522	  20.020
6370	 CA 	462	 -18.125	 -12.301	   3.953
6406	 CA 	465	 -19.325	 -16.350	   6.642
6933	 CA 	500	 -13.261	 -12.487	  15.883
6980	 CA 	503	 -13.997	 -13.508	  10.975
21341	CLA 	735	 -21.101	   3.488	   1.941
21342	CLA 	736	 -24.901	  -1.809	 -15.347
21344	CLA 	736	  29.929	   1.928	 -15.408
