786	 CA 	110	 -43.616	  -2.831	  34.034
806	 CA 	111	 -45.652	   0.180	  35.162
821	 CA 	112	 -46.846	   3.591	  33.714
894	 CA 	116	 -53.387	   3.986	  36.835
1467	 CA 	151	 -38.659	   1.368	  -3.817
1477	 CA 	152	 -41.474	   2.275	  -6.160
1497	 CA 	153	 -39.931	   5.678	  -7.142
2201	 CA 	197	 -32.105	   6.395	  -7.260
2279	 CA 	202	 -30.716	   3.243	   0.793
2324	 CA 	206	 -30.697	  -1.398	   4.232
2373	 CA 	209	 -23.065	  -0.484	  -1.165
2380	 CA 	210	 -22.216	   2.928	  -2.795
5325	 CA 	395	 -24.392	 -17.408	  22.695
5344	 CA 	396	 -23.815	 -14.939	  25.513
5356	 CA 	397	 -24.237	 -12.290	  22.804
5367	 CA 	398	 -21.684	 -10.161	  20.794
6370	 CA 	462	 -17.878	 -12.932	   4.321
6406	 CA 	465	 -19.336	 -16.956	   6.703
6933	 CA 	500	 -13.407	 -12.537	  15.452
6980	 CA 	503	 -14.401	 -13.468	  10.760
21341	CLA 	735	 -22.969	   2.947	   4.337
21342	CLA 	736	 -24.377	  -3.210	 -14.580
21344	CLA 	736	  26.187	  17.937	 -46.596
