786	 CA 	110	 -45.208	   3.300	  36.755
806	 CA 	111	 -48.173	   5.662	  37.485
821	 CA 	112	 -50.229	   8.390	  35.576
894	 CA 	116	 -57.031	   5.390	  37.962
1467	 CA 	151	 -38.001	   2.831	  -3.264
1477	 CA 	152	 -41.039	   3.375	  -5.491
1497	 CA 	153	 -39.589	   6.775	  -6.350
2201	 CA 	197	 -31.408	   6.863	  -7.260
2279	 CA 	202	 -30.819	   3.550	   0.619
2324	 CA 	206	 -30.757	  -0.873	   3.941
2373	 CA 	209	 -22.687	  -0.211	  -1.451
2380	 CA 	210	 -22.050	   3.191	  -2.925
5325	 CA 	395	 -25.312	 -16.086	  22.625
5344	 CA 	396	 -24.346	 -14.264	  25.789
5356	 CA 	397	 -24.356	 -10.700	  24.306
5367	 CA 	398	 -21.981	  -8.906	  21.846
6370	 CA 	462	 -18.059	 -12.039	   4.849
6406	 CA 	465	 -19.531	 -16.273	   7.186
6933	 CA 	500	 -13.930	 -11.788	  15.250
6980	 CA 	503	 -14.770	 -12.632	  10.526
21341	CLA 	735	 -23.371	   3.549	   3.442
21342	CLA 	736	 -24.227	  -2.898	 -14.698
21344	CLA 	736	  22.230	  43.115	 -40.223
