786	 CA 	110	 -44.524	  -2.836	  34.657
806	 CA 	111	 -46.600	  -0.158	  36.384
821	 CA 	112	 -48.215	   3.187	  35.212
894	 CA 	116	 -54.264	   2.724	  38.590
1467	 CA 	151	 -38.425	   1.242	  -3.550
1477	 CA 	152	 -41.548	   1.659	  -5.777
1497	 CA 	153	 -40.300	   5.280	  -6.386
2201	 CA 	197	 -32.249	   6.566	  -7.260
2279	 CA 	202	 -31.162	   3.086	   0.587
2324	 CA 	206	 -30.815	  -1.229	   4.289
2373	 CA 	209	 -22.630	  -0.496	  -1.161
2380	 CA 	210	 -22.253	   2.916	  -2.848
5325	 CA 	395	 -24.127	 -17.134	  22.272
5344	 CA 	396	 -24.169	 -14.598	  25.124
5356	 CA 	397	 -24.215	 -11.749	  22.565
5367	 CA 	398	 -21.415	 -10.451	  20.345
6370	 CA 	462	 -17.818	 -12.596	   4.408
6406	 CA 	465	 -18.762	 -16.895	   6.533
6933	 CA 	500	 -12.709	 -12.793	  15.439
6980	 CA 	503	 -14.239	 -13.398	  10.613
21341	CLA 	735	 -23.920	   2.327	   4.046
21342	CLA 	736	 -24.625	  -2.961	 -14.651
21344	CLA 	736	  28.315	  21.683	 -44.945
