786	 CA 	110	 -44.919	   0.031	  36.657
806	 CA 	111	 -47.996	   2.448	  36.816
821	 CA 	112	 -50.047	   3.980	  34.098
894	 CA 	116	 -56.947	   2.114	  36.630
1467	 CA 	151	 -38.610	   1.273	  -3.565
1477	 CA 	152	 -41.428	   2.011	  -6.085
1497	 CA 	153	 -40.021	   5.580	  -6.817
2201	 CA 	197	 -31.607	   6.025	  -7.175
2279	 CA 	202	 -30.362	   2.471	   0.651
2324	 CA 	206	 -29.967	  -2.426	   4.676
2373	 CA 	209	 -22.725	  -0.749	  -1.376
2380	 CA 	210	 -21.952	   2.773	  -2.722
5325	 CA 	395	 -25.758	 -16.930	  21.787
5344	 CA 	396	 -26.097	 -14.197	  24.434
5356	 CA 	397	 -25.845	 -11.543	  21.711
5367	 CA 	398	 -22.437	 -10.172	  20.579
6370	 CA 	462	 -17.544	 -12.981	   4.441
6406	 CA 	465	 -18.985	 -17.121	   6.790
6933	 CA 	500	 -13.896	 -12.992	  15.246
6980	 CA 	503	 -14.301	 -13.459	  10.669
21341	CLA 	735	 -22.244	   2.526	   4.423
21342	CLA 	736	 -24.126	  -2.865	 -14.915
21344	CLA 	736	  14.787	  31.230	 -43.257
