786	 CA 	110	 -47.943	  -1.322	  32.758
806	 CA 	111	 -50.288	   1.477	  33.812
821	 CA 	112	 -52.103	   4.314	  32.192
894	 CA 	116	 -59.745	   1.998	  34.287
1467	 CA 	151	 -38.884	   1.317	  -4.082
1477	 CA 	152	 -42.038	   2.172	  -6.190
1497	 CA 	153	 -40.878	   5.721	  -6.580
2201	 CA 	197	 -32.395	   6.977	  -7.568
2279	 CA 	202	 -31.101	   3.406	   0.149
2324	 CA 	206	 -31.120	  -1.584	   2.542
2373	 CA 	209	 -22.573	  -0.577	  -2.281
2380	 CA 	210	 -21.879	   3.029	  -3.176
5325	 CA 	395	 -23.209	 -19.862	  25.016
5344	 CA 	396	 -26.797	 -19.414	  24.147
5356	 CA 	397	 -27.419	 -16.325	  21.948
5367	 CA 	398	 -24.844	 -14.716	  19.786
6370	 CA 	462	 -18.029	 -12.819	   4.211
6406	 CA 	465	 -19.561	 -16.506	   6.643
6933	 CA 	500	 -13.410	 -12.894	  15.531
6980	 CA 	503	 -14.209	 -13.564	  10.626
21341	CLA 	735	 -21.237	   3.296	   2.331
21342	CLA 	736	 -24.702	  -1.424	 -15.398
21344	CLA 	736	  29.697	   3.240	 -15.005
