786	 CA 	110	 -43.808	   2.729	  35.972
806	 CA 	111	 -47.332	   4.256	  36.283
821	 CA 	112	 -49.747	   6.504	  34.193
894	 CA 	116	 -55.565	   5.013	  37.434
1467	 CA 	151	 -38.422	   2.702	  -3.492
1477	 CA 	152	 -41.300	   3.253	  -6.026
1497	 CA 	153	 -40.279	   6.900	  -6.938
2201	 CA 	197	 -32.074	   7.035	  -7.318
2279	 CA 	202	 -30.611	   3.241	   0.288
2324	 CA 	206	 -30.328	  -0.529	   4.365
2373	 CA 	209	 -22.655	  -0.415	  -1.370
2380	 CA 	210	 -21.967	   2.970	  -2.895
5325	 CA 	395	 -25.107	 -15.689	  23.055
5344	 CA 	396	 -23.672	 -13.834	  26.109
5356	 CA 	397	 -24.262	 -10.536	  24.142
5367	 CA 	398	 -21.996	  -8.959	  21.560
6370	 CA 	462	 -17.710	 -12.938	   4.847
6406	 CA 	465	 -19.255	 -16.484	   7.682
6933	 CA 	500	 -13.555	 -12.031	  15.692
6980	 CA 	503	 -14.588	 -12.915	  10.943
21341	CLA 	735	 -22.486	   3.902	   3.935
21342	CLA 	736	 -24.708	  -2.643	 -14.714
21344	CLA 	736	  21.201	  40.199	 -36.713
