786	 CA 	110	 -43.515	  -4.126	  35.319
806	 CA 	111	 -45.528	  -1.011	  36.128
821	 CA 	112	 -46.736	   2.384	  34.702
894	 CA 	116	 -53.723	   3.412	  36.454
1467	 CA 	151	 -38.336	   1.305	  -3.760
1477	 CA 	152	 -41.314	   1.775	  -6.116
1497	 CA 	153	 -40.088	   5.336	  -7.152
2201	 CA 	197	 -32.469	   6.277	  -7.587
2279	 CA 	202	 -31.023	   3.175	   0.319
2324	 CA 	206	 -30.659	  -1.251	   3.927
2373	 CA 	209	 -23.280	  -0.489	  -1.584
2380	 CA 	210	 -22.260	   2.888	  -3.058
5325	 CA 	395	 -24.609	 -18.664	  21.679
5344	 CA 	396	 -24.472	 -16.257	  24.734
5356	 CA 	397	 -25.003	 -13.065	  22.659
5367	 CA 	398	 -22.219	 -10.721	  21.271
6370	 CA 	462	 -17.793	 -12.722	   4.379
6406	 CA 	465	 -19.051	 -16.666	   6.678
6933	 CA 	500	 -13.938	 -12.671	  15.537
6980	 CA 	503	 -14.586	 -12.917	  10.718
21341	CLA 	735	 -22.534	   2.912	   5.862
21342	CLA 	736	 -23.919	  -2.992	 -14.762
21344	CLA 	736	  25.482	  19.217	 -39.265
