786	 CA 	110	 -46.216	   0.553	  35.181
806	 CA 	111	 -49.146	   2.449	  36.658
821	 CA 	112	 -51.536	   4.822	  34.896
894	 CA 	116	 -57.355	   3.503	  37.366
1467	 CA 	151	 -39.080	   2.192	  -3.584
1477	 CA 	152	 -41.686	   2.952	  -6.113
1497	 CA 	153	 -40.308	   6.479	  -6.716
2201	 CA 	197	 -31.960	   6.617	  -6.760
2279	 CA 	202	 -31.184	   3.334	   1.036
2324	 CA 	206	 -30.548	  -1.759	   4.883
2373	 CA 	209	 -22.952	  -0.144	  -0.675
2380	 CA 	210	 -21.850	   2.951	  -2.492
5325	 CA 	395	 -23.983	 -17.108	  23.321
5344	 CA 	396	 -23.597	 -14.810	  26.313
5356	 CA 	397	 -24.489	 -11.653	  24.176
5367	 CA 	398	 -22.077	  -9.751	  21.927
6370	 CA 	462	 -17.913	 -12.947	   4.617
6406	 CA 	465	 -19.097	 -16.771	   7.341
6933	 CA 	500	 -13.002	 -12.132	  15.221
6980	 CA 	503	 -14.117	 -13.233	  10.717
21341	CLA 	735	 -22.994	   3.449	   4.758
21342	CLA 	736	 -24.403	  -2.786	 -14.995
21344	CLA 	736	  26.275	  63.140	 -29.805
