786	 CA 	110	 -44.074	  -3.006	  34.159
806	 CA 	111	 -46.026	   0.089	  35.219
821	 CA 	112	 -47.281	   3.332	  33.679
894	 CA 	116	 -53.457	   3.682	  37.643
1467	 CA 	151	 -38.637	   1.601	  -4.086
1477	 CA 	152	 -41.503	   2.170	  -6.579
1497	 CA 	153	 -40.149	   5.686	  -7.314
2201	 CA 	197	 -32.013	   6.300	  -7.689
2279	 CA 	202	 -31.034	   3.189	   0.045
2324	 CA 	206	 -30.513	  -1.747	   4.102
2373	 CA 	209	 -22.787	  -0.465	  -1.247
2380	 CA 	210	 -21.607	   2.681	  -2.794
5325	 CA 	395	 -25.194	 -17.736	  21.535
5344	 CA 	396	 -25.552	 -15.691	  24.717
5356	 CA 	397	 -25.503	 -12.474	  22.831
5367	 CA 	398	 -22.276	 -11.105	  21.442
6370	 CA 	462	 -17.732	 -12.731	   4.358
6406	 CA 	465	 -18.789	 -16.759	   6.834
6933	 CA 	500	 -13.691	 -12.837	  15.621
6980	 CA 	503	 -13.976	 -13.366	  10.463
21341	CLA 	735	 -22.325	   1.214	   4.756
21342	CLA 	736	 -24.652	  -3.598	 -14.330
21344	CLA 	736	  33.125	   1.950	 -37.335
