786	 CA 	110	 -45.358	   0.357	  35.600
806	 CA 	111	 -47.137	   3.473	  36.770
821	 CA 	112	 -49.590	   5.389	  34.651
894	 CA 	116	 -56.857	   3.764	  37.040
1467	 CA 	151	 -38.271	   2.281	  -3.879
1477	 CA 	152	 -41.184	   3.337	  -6.241
1497	 CA 	153	 -39.739	   6.953	  -6.769
2201	 CA 	197	 -31.584	   7.064	  -7.299
2279	 CA 	202	 -30.704	   3.524	   0.575
2324	 CA 	206	 -30.592	  -0.892	   4.058
2373	 CA 	209	 -22.555	  -0.283	  -0.877
2380	 CA 	210	 -21.648	   2.944	  -2.797
5325	 CA 	395	 -25.302	 -16.158	  22.869
5344	 CA 	396	 -24.602	 -13.636	  25.734
5356	 CA 	397	 -24.727	 -10.506	  23.515
5367	 CA 	398	 -21.902	  -9.310	  21.295
6370	 CA 	462	 -17.655	 -12.818	   4.371
6406	 CA 	465	 -19.385	 -16.682	   6.949
6933	 CA 	500	 -13.263	 -12.411	  15.322
6980	 CA 	503	 -14.592	 -13.245	  10.694
21341	CLA 	735	 -22.857	   3.864	   4.341
21342	CLA 	736	 -24.343	  -3.311	 -14.732
21344	CLA 	736	  20.107	  26.840	 -42.348
