786	 CA 	110	 -45.774	   1.214	  35.225
806	 CA 	111	 -47.287	   4.551	  36.297
821	 CA 	112	 -49.945	   6.570	  34.230
894	 CA 	116	 -56.766	   4.564	  37.020
1467	 CA 	151	 -38.687	   2.220	  -3.801
1477	 CA 	152	 -41.321	   3.147	  -6.464
1497	 CA 	153	 -39.799	   6.644	  -6.998
2201	 CA 	197	 -31.530	   7.073	  -7.183
2279	 CA 	202	 -30.647	   3.654	   0.541
2324	 CA 	206	 -31.003	  -0.629	   4.166
2373	 CA 	209	 -22.787	  -0.010	  -0.644
2380	 CA 	210	 -22.090	   2.942	  -2.898
5325	 CA 	395	 -25.882	 -15.375	  23.095
5344	 CA 	396	 -25.075	 -12.709	  25.708
5356	 CA 	397	 -24.905	 -10.131	  22.914
5367	 CA 	398	 -22.203	  -8.538	  20.707
6370	 CA 	462	 -18.227	 -12.589	   4.679
6406	 CA 	465	 -19.640	 -16.408	   6.852
6933	 CA 	500	 -14.043	 -11.755	  15.776
6980	 CA 	503	 -15.054	 -13.035	  10.715
21341	CLA 	735	 -23.012	   3.691	   4.517
21342	CLA 	736	 -24.435	  -3.314	 -14.442
21344	CLA 	736	  19.649	  25.129	 -44.543
