786	 CA 	110	 -47.462	   1.966	  33.008
806	 CA 	111	 -49.593	   5.024	  34.144
821	 CA 	112	 -51.411	   7.437	  31.972
894	 CA 	116	 -58.402	   5.812	  35.335
1467	 CA 	151	 -38.870	   1.805	  -3.908
1477	 CA 	152	 -41.786	   2.875	  -6.233
1497	 CA 	153	 -40.109	   6.398	  -6.738
2201	 CA 	197	 -31.588	   7.141	  -7.494
2279	 CA 	202	 -30.646	   3.877	   0.159
2324	 CA 	206	 -30.309	  -0.355	   3.406
2373	 CA 	209	 -22.268	  -0.133	  -1.890
2380	 CA 	210	 -21.448	   3.379	  -3.235
5325	 CA 	395	 -23.719	 -17.681	  25.615
5344	 CA 	396	 -27.507	 -17.767	  24.944
5356	 CA 	397	 -28.427	 -14.417	  23.478
5367	 CA 	398	 -26.288	 -12.459	  21.047
6370	 CA 	462	 -18.129	 -12.439	   3.864
6406	 CA 	465	 -19.345	 -16.255	   6.890
6933	 CA 	500	 -13.897	 -11.354	  15.252
6980	 CA 	503	 -14.777	 -12.397	  10.647
21341	CLA 	735	 -20.680	   3.152	   1.240
21342	CLA 	736	 -24.559	  -2.061	 -15.609
21344	CLA 	736	  34.389	   3.663	 -15.970
