786	 CA 	110	 -47.820	   0.485	  33.424
806	 CA 	111	 -50.117	   3.178	  34.846
821	 CA 	112	 -52.253	   5.745	  33.037
894	 CA 	116	 -59.408	   4.176	  35.653
1467	 CA 	151	 -39.035	   1.298	  -3.513
1477	 CA 	152	 -41.972	   1.961	  -5.970
1497	 CA 	153	 -40.523	   5.553	  -6.455
2201	 CA 	197	 -32.084	   6.732	  -7.210
2279	 CA 	202	 -30.958	   3.548	   0.900
2324	 CA 	206	 -30.696	  -1.156	   3.417
2373	 CA 	209	 -22.477	  -0.234	  -1.003
2380	 CA 	210	 -21.665	   3.133	  -2.723
5325	 CA 	395	 -23.879	 -19.427	  26.893
5344	 CA 	396	 -27.364	 -18.968	  25.404
5356	 CA 	397	 -28.069	 -15.830	  23.269
5367	 CA 	398	 -25.410	 -14.120	  21.252
6370	 CA 	462	 -17.361	 -12.584	   4.403
6406	 CA 	465	 -19.394	 -16.586	   6.864
6933	 CA 	500	 -14.202	 -12.341	  15.697
6980	 CA 	503	 -14.810	 -13.335	  10.645
21341	CLA 	735	 -22.457	   3.436	   4.046
21342	CLA 	736	 -24.243	  -2.137	 -15.244
21344	CLA 	736	  29.797	   2.942	 -12.645
