786	 CA 	110	 -44.711	   1.770	  36.277
806	 CA 	111	 -48.107	   2.735	  37.765
821	 CA 	112	 -51.204	   3.533	  35.524
894	 CA 	116	 -57.515	   1.677	  37.078
1467	 CA 	151	 -39.087	   1.836	  -3.726
1477	 CA 	152	 -41.964	   2.708	  -6.082
1497	 CA 	153	 -40.657	   6.270	  -6.727
2201	 CA 	197	 -32.180	   6.745	  -7.144
2279	 CA 	202	 -31.165	   3.091	   0.748
2324	 CA 	206	 -30.534	  -1.192	   4.182
2373	 CA 	209	 -22.869	  -0.049	  -0.982
2380	 CA 	210	 -22.160	   2.982	  -3.046
5325	 CA 	395	 -23.808	 -17.429	  22.888
5344	 CA 	396	 -23.552	 -15.164	  26.001
5356	 CA 	397	 -24.210	 -12.302	  23.429
5367	 CA 	398	 -21.398	 -10.419	  21.626
6370	 CA 	462	 -17.790	 -12.757	   4.464
6406	 CA 	465	 -19.257	 -16.709	   7.077
6933	 CA 	500	 -13.332	 -12.107	  15.301
6980	 CA 	503	 -14.397	 -12.990	  10.410
21341	CLA 	735	 -23.147	   3.269	   4.831
21342	CLA 	736	 -24.523	  -2.847	 -14.584
21344	CLA 	736	  23.835	  41.739	 -36.840
