786	 CA 	110	 -46.411	   3.458	  35.458
806	 CA 	111	 -49.778	   5.170	  36.618
821	 CA 	112	 -52.584	   6.077	  34.156
894	 CA 	116	 -58.809	   3.758	  37.368
1467	 CA 	151	 -38.640	   2.381	  -3.361
1477	 CA 	152	 -41.323	   2.787	  -5.979
1497	 CA 	153	 -40.220	   6.350	  -6.784
2201	 CA 	197	 -32.393	   6.752	  -7.515
2279	 CA 	202	 -31.688	   3.374	   0.393
2324	 CA 	206	 -30.915	  -1.094	   3.960
2373	 CA 	209	 -22.953	  -0.211	  -1.381
2380	 CA 	210	 -22.177	   3.092	  -3.181
5325	 CA 	395	 -25.101	 -16.598	  23.394
5344	 CA 	396	 -24.789	 -14.132	  26.439
5356	 CA 	397	 -24.947	 -11.147	  24.010
5367	 CA 	398	 -22.109	  -9.203	  22.167
6370	 CA 	462	 -17.837	 -12.827	   4.906
6406	 CA 	465	 -19.654	 -16.562	   7.698
6933	 CA 	500	 -14.184	 -11.842	  15.973
6980	 CA 	503	 -14.746	 -13.095	  11.213
21341	CLA 	735	 -23.498	   3.204	   3.750
21342	CLA 	736	 -24.555	  -3.102	 -14.746
21344	CLA 	736	  26.720	  37.587	 -38.442
