786	 CA 	110	 -46.477	   1.293	  35.508
806	 CA 	111	 -49.525	   3.296	  36.655
821	 CA 	112	 -51.421	   5.752	  34.422
894	 CA 	116	 -57.407	   4.301	  37.200
1467	 CA 	151	 -39.012	   2.661	  -4.423
1477	 CA 	152	 -41.929	   3.513	  -6.727
1497	 CA 	153	 -40.373	   6.966	  -7.294
2201	 CA 	197	 -31.822	   6.974	  -7.307
2279	 CA 	202	 -30.982	   3.203	   0.789
2324	 CA 	206	 -31.124	  -1.380	   4.023
2373	 CA 	209	 -22.880	  -0.235	  -1.220
2380	 CA 	210	 -22.369	   2.998	  -3.039
5325	 CA 	395	 -23.818	 -17.186	  23.080
5344	 CA 	396	 -23.110	 -14.867	  26.032
5356	 CA 	397	 -23.973	 -11.799	  23.801
5367	 CA 	398	 -21.798	  -9.656	  21.472
6370	 CA 	462	 -17.737	 -12.860	   4.579
6406	 CA 	465	 -19.335	 -16.560	   7.678
6933	 CA 	500	 -12.743	 -12.009	  15.611
6980	 CA 	503	 -14.289	 -13.096	  10.749
21341	CLA 	735	 -23.434	   2.794	   4.310
21342	CLA 	736	 -24.668	  -2.689	 -14.650
21344	CLA 	736	  27.160	  63.697	 -30.579
