786	 CA 	110	 -46.693	   4.436	  35.214
806	 CA 	111	 -49.852	   6.538	  36.240
821	 CA 	112	 -52.378	   8.642	  34.208
894	 CA 	116	 -58.071	   5.055	  37.065
1467	 CA 	151	 -39.168	   2.399	  -3.904
1477	 CA 	152	 -42.075	   3.093	  -6.507
1497	 CA 	153	 -40.798	   6.677	  -6.917
2201	 CA 	197	 -32.066	   6.761	  -7.653
2279	 CA 	202	 -31.383	   3.387	   0.182
2324	 CA 	206	 -30.814	  -1.048	   4.301
2373	 CA 	209	 -23.069	  -0.042	  -1.196
2380	 CA 	210	 -22.018	   3.063	  -2.907
5325	 CA 	395	 -24.708	 -16.282	  23.004
5344	 CA 	396	 -23.431	 -14.557	  26.252
5356	 CA 	397	 -23.540	 -11.232	  24.289
5367	 CA 	398	 -21.332	  -9.188	  21.799
6370	 CA 	462	 -18.031	 -12.678	   4.500
6406	 CA 	465	 -19.663	 -16.501	   7.313
6933	 CA 	500	 -13.264	 -12.162	  15.524
6980	 CA 	503	 -14.708	 -13.168	  10.876
21341	CLA 	735	 -23.544	   3.529	   4.098
21342	CLA 	736	 -24.421	  -2.755	 -14.982
21344	CLA 	736	  22.971	  54.005	 -37.513
