786	 CA 	110	 -44.856	   1.797	  36.442
806	 CA 	111	 -48.330	   3.458	  36.329
821	 CA 	112	 -50.398	   5.006	  33.482
894	 CA 	116	 -56.929	   3.552	  37.228
1467	 CA 	151	 -38.397	   0.665	  -3.416
1477	 CA 	152	 -41.367	   1.190	  -5.780
1497	 CA 	153	 -40.262	   4.767	  -6.328
2201	 CA 	197	 -32.107	   5.892	  -7.077
2279	 CA 	202	 -31.056	   2.421	   1.011
2324	 CA 	206	 -30.660	  -2.318	   3.929
2373	 CA 	209	 -22.573	  -0.570	  -0.939
2380	 CA 	210	 -21.745	   2.688	  -2.862
5325	 CA 	395	 -24.564	 -17.342	  22.805
5344	 CA 	396	 -24.630	 -14.534	  25.395
5356	 CA 	397	 -24.648	 -11.816	  22.578
5367	 CA 	398	 -21.879	  -9.765	  20.861
6370	 CA 	462	 -17.144	 -12.758	   4.945
6406	 CA 	465	 -18.523	 -16.810	   7.281
6933	 CA 	500	 -12.839	 -12.302	  16.042
6980	 CA 	503	 -13.785	 -13.234	  11.172
21341	CLA 	735	 -23.061	   2.715	   4.304
21342	CLA 	736	 -24.428	  -3.076	 -14.769
21344	CLA 	736	  20.499	  35.842	 -37.168
