786	 CA 	110	 -43.502	   1.620	  36.250
806	 CA 	111	 -46.751	   3.352	  37.412
821	 CA 	112	 -49.419	   5.746	  35.938
894	 CA 	116	 -55.361	   3.876	  38.749
1467	 CA 	151	 -38.630	   3.185	  -3.053
1477	 CA 	152	 -41.492	   3.285	  -5.579
1497	 CA 	153	 -40.466	   6.879	  -6.550
2201	 CA 	197	 -32.066	   6.948	  -6.918
2279	 CA 	202	 -31.098	   3.414	   0.993
2324	 CA 	206	 -30.702	  -0.749	   4.131
2373	 CA 	209	 -22.728	  -0.301	  -0.828
2380	 CA 	210	 -21.844	   2.945	  -2.552
5325	 CA 	395	 -24.630	 -16.139	  22.681
5344	 CA 	396	 -24.058	 -13.988	  25.739
5356	 CA 	397	 -24.732	 -10.829	  23.838
5367	 CA 	398	 -21.980	  -9.469	  21.619
6370	 CA 	462	 -18.014	 -12.314	   4.364
6406	 CA 	465	 -19.534	 -16.354	   7.073
6933	 CA 	500	 -13.333	 -12.141	  15.727
6980	 CA 	503	 -14.686	 -12.716	  10.636
21341	CLA 	735	 -22.842	   3.061	   4.346
21342	CLA 	736	 -24.986	  -3.082	 -14.359
21344	CLA 	736	  20.478	  42.257	 -36.027
