786	 CA 	110	 -43.624	   1.835	  35.793
806	 CA 	111	 -47.352	   2.147	  36.527
821	 CA 	112	 -50.569	   3.870	  35.503
894	 CA 	116	 -56.781	   3.772	  38.171
1467	 CA 	151	 -38.456	   2.444	  -3.408
1477	 CA 	152	 -41.446	   2.638	  -5.883
1497	 CA 	153	 -40.283	   6.198	  -6.952
2201	 CA 	197	 -31.708	   6.845	  -7.425
2279	 CA 	202	 -30.862	   3.444	   0.738
2324	 CA 	206	 -30.601	  -0.619	   4.184
2373	 CA 	209	 -22.730	  -0.153	  -1.142
2380	 CA 	210	 -22.054	   3.207	  -2.798
5325	 CA 	395	 -24.651	 -16.369	  23.180
5344	 CA 	396	 -24.551	 -14.178	  26.309
5356	 CA 	397	 -25.302	 -10.969	  24.299
5367	 CA 	398	 -22.557	  -9.631	  22.114
6370	 CA 	462	 -17.924	 -12.571	   4.978
6406	 CA 	465	 -19.724	 -16.408	   7.715
6933	 CA 	500	 -13.728	 -11.696	  15.713
6980	 CA 	503	 -14.811	 -12.951	  10.974
21341	CLA 	735	 -22.820	   3.555	   4.474
21342	CLA 	736	 -24.574	  -2.804	 -14.753
21344	CLA 	736	  23.824	  39.821	 -38.415
