786	 CA 	110	 -44.040	  -3.394	  33.967
806	 CA 	111	 -46.306	  -0.462	  35.016
821	 CA 	112	 -47.747	   2.713	  33.298
894	 CA 	116	 -54.309	   3.376	  35.671
1467	 CA 	151	 -38.248	   1.830	  -3.547
1477	 CA 	152	 -40.942	   2.285	  -6.183
1497	 CA 	153	 -39.873	   5.779	  -6.871
2201	 CA 	197	 -31.816	   6.554	  -7.068
2279	 CA 	202	 -30.984	   2.859	   0.620
2324	 CA 	206	 -30.656	  -1.854	   3.776
2373	 CA 	209	 -23.022	  -0.319	  -1.396
2380	 CA 	210	 -22.046	   3.057	  -2.966
5325	 CA 	395	 -24.024	 -18.268	  22.395
5344	 CA 	396	 -23.173	 -15.801	  25.234
5356	 CA 	397	 -24.128	 -12.747	  22.972
5367	 CA 	398	 -21.929	 -10.656	  20.769
6370	 CA 	462	 -17.765	 -13.672	   3.943
6406	 CA 	465	 -19.162	 -17.313	   6.324
6933	 CA 	500	 -13.607	 -12.884	  15.222
6980	 CA 	503	 -14.473	 -13.896	  10.399
21341	CLA 	735	 -23.020	   3.859	   4.162
21342	CLA 	736	 -24.546	  -3.210	 -14.415
21344	CLA 	736	  29.132	  17.580	 -46.391
