786	 CA 	110	 -45.448	  -2.825	  32.968
806	 CA 	111	 -46.907	   0.306	  34.636
821	 CA 	112	 -48.459	   3.415	  32.855
894	 CA 	116	 -55.194	   3.758	  35.496
1467	 CA 	151	 -39.104	   1.410	  -4.398
1477	 CA 	152	 -41.893	   1.783	  -7.023
1497	 CA 	153	 -40.654	   5.401	  -7.679
2201	 CA 	197	 -32.475	   5.994	  -7.997
2279	 CA 	202	 -31.472	   2.330	  -0.426
2324	 CA 	206	 -31.025	  -2.366	   3.169
2373	 CA 	209	 -22.988	  -0.684	  -1.741
2380	 CA 	210	 -22.232	   2.760	  -3.096
5325	 CA 	395	 -24.654	 -18.736	  21.450
5344	 CA 	396	 -24.202	 -16.764	  24.776
5356	 CA 	397	 -24.694	 -13.643	  22.507
5367	 CA 	398	 -22.224	 -11.144	  21.053
6370	 CA 	462	 -17.861	 -12.805	   4.239
6406	 CA 	465	 -19.103	 -16.933	   6.331
6933	 CA 	500	 -14.004	 -13.243	  15.896
6980	 CA 	503	 -14.605	 -13.879	  10.516
21341	CLA 	735	 -23.149	   1.766	   4.234
21342	CLA 	736	 -24.470	  -2.978	 -14.446
21344	CLA 	736	  23.857	   8.987	 -40.931
