786	 CA 	110	 -45.877	  -1.959	  33.652
806	 CA 	111	 -48.087	   0.568	  35.477
821	 CA 	112	 -49.875	   3.497	  33.746
894	 CA 	116	 -57.137	   4.391	  36.335
1467	 CA 	151	 -38.175	   2.178	  -4.473
1477	 CA 	152	 -41.090	   2.816	  -6.892
1497	 CA 	153	 -39.722	   6.361	  -7.425
2201	 CA 	197	 -31.519	   6.933	  -8.137
2279	 CA 	202	 -30.965	   3.266	  -0.089
2324	 CA 	206	 -30.816	  -1.617	   3.934
2373	 CA 	209	 -22.857	  -0.413	  -1.374
2380	 CA 	210	 -22.044	   3.078	  -2.934
5325	 CA 	395	 -24.695	 -17.795	  23.220
5344	 CA 	396	 -24.108	 -15.186	  25.987
5356	 CA 	397	 -24.828	 -12.487	  23.400
5367	 CA 	398	 -22.016	 -10.636	  21.644
6370	 CA 	462	 -18.031	 -12.882	   4.902
6406	 CA 	465	 -19.396	 -16.804	   7.356
6933	 CA 	500	 -13.619	 -12.771	  15.778
6980	 CA 	503	 -14.651	 -13.511	  11.054
21341	CLA 	735	 -22.963	   3.267	   3.908
21342	CLA 	736	 -24.185	  -3.025	 -14.553
21344	CLA 	736	  33.192	  18.349	 -44.182
