786	 CA 	110	 -44.963	  -0.265	  35.989
806	 CA 	111	 -47.977	   2.089	  36.368
821	 CA 	112	 -50.410	   4.005	  34.001
894	 CA 	116	 -57.031	   1.905	  36.989
1467	 CA 	151	 -38.466	   1.576	  -4.027
1477	 CA 	152	 -41.370	   1.993	  -6.586
1497	 CA 	153	 -40.056	   5.635	  -7.205
2201	 CA 	197	 -32.078	   5.951	  -7.563
2279	 CA 	202	 -31.101	   2.067	   0.262
2324	 CA 	206	 -30.551	  -2.162	   4.159
2373	 CA 	209	 -22.912	  -0.994	  -1.254
2380	 CA 	210	 -22.325	   2.484	  -2.802
5325	 CA 	395	 -25.314	 -16.740	  22.053
5344	 CA 	396	 -25.032	 -14.353	  24.955
5356	 CA 	397	 -24.839	 -11.371	  22.447
5367	 CA 	398	 -21.927	  -9.514	  20.974
6370	 CA 	462	 -17.507	 -13.188	   4.653
6406	 CA 	465	 -19.345	 -16.997	   7.032
6933	 CA 	500	 -13.279	 -12.782	  15.851
6980	 CA 	503	 -14.505	 -13.524	  11.071
21341	CLA 	735	 -23.359	   2.939	   3.747
21342	CLA 	736	 -24.516	  -3.163	 -14.881
21344	CLA 	736	  13.890	  32.530	 -40.315
