786	 CA 	110	 -44.543	  -1.002	  34.217
806	 CA 	111	 -46.756	   2.022	  34.737
821	 CA 	112	 -48.098	   5.129	  32.884
894	 CA 	116	 -54.812	   6.145	  35.334
1467	 CA 	151	 -38.696	   2.879	  -4.317
1477	 CA 	152	 -41.571	   3.465	  -6.681
1497	 CA 	153	 -39.885	   6.862	  -7.556
2201	 CA 	197	 -32.053	   7.558	  -7.702
2279	 CA 	202	 -30.843	   3.994	   0.029
2324	 CA 	206	 -30.695	  -0.791	   3.360
2373	 CA 	209	 -23.080	  -0.186	  -2.099
2380	 CA 	210	 -21.565	   3.216	  -2.800
5325	 CA 	395	 -26.128	 -16.891	  22.407
5344	 CA 	396	 -25.585	 -14.411	  25.286
5356	 CA 	397	 -25.803	 -11.515	  22.758
5367	 CA 	398	 -23.442	  -9.622	  20.674
6370	 CA 	462	 -18.327	 -12.658	   4.684
6406	 CA 	465	 -19.991	 -16.600	   7.246
6933	 CA 	500	 -13.978	 -12.490	  15.319
6980	 CA 	503	 -14.833	 -13.340	  10.711
21341	CLA 	735	 -22.647	   3.546	   3.390
21342	CLA 	736	 -24.330	  -2.858	 -14.581
21344	CLA 	736	  24.944	  15.740	 -43.000
