786	 CA 	110	 -44.411	   3.998	  36.567
806	 CA 	111	 -47.672	   5.731	  37.592
821	 CA 	112	 -50.514	   7.434	  35.749
894	 CA 	116	 -56.337	   3.855	  38.844
1467	 CA 	151	 -38.623	   2.256	  -2.917
1477	 CA 	152	 -41.711	   2.624	  -5.149
1497	 CA 	153	 -40.573	   6.170	  -6.103
2201	 CA 	197	 -31.895	   6.471	  -6.895
2279	 CA 	202	 -30.954	   3.149	   0.893
2324	 CA 	206	 -30.782	  -1.290	   4.364
2373	 CA 	209	 -22.829	  -0.503	  -0.859
2380	 CA 	210	 -21.963	   2.633	  -2.777
5325	 CA 	395	 -23.467	 -15.979	  23.550
5344	 CA 	396	 -22.849	 -13.795	  26.624
5356	 CA 	397	 -23.216	 -10.707	  24.382
5367	 CA 	398	 -20.517	  -8.997	  22.363
6370	 CA 	462	 -18.144	 -12.998	   4.421
6406	 CA 	465	 -19.589	 -16.440	   7.545
6933	 CA 	500	 -12.775	 -11.685	  15.140
6980	 CA 	503	 -14.338	 -12.891	  10.756
21341	CLA 	735	 -22.754	   3.010	   4.178
21342	CLA 	736	 -24.823	  -3.207	 -14.665
21344	CLA 	736	  18.917	  47.900	 -43.705
