786	 CA 	110	 -48.796	   0.412	  32.398
806	 CA 	111	 -51.206	   3.169	  33.645
821	 CA 	112	 -53.043	   5.881	  31.765
894	 CA 	116	 -60.380	   4.719	  34.227
1467	 CA 	151	 -38.223	   2.222	  -4.213
1477	 CA 	152	 -41.225	   2.810	  -6.473
1497	 CA 	153	 -40.136	   6.445	  -7.117
2201	 CA 	197	 -31.801	   7.360	  -8.167
2279	 CA 	202	 -30.374	   4.457	  -0.237
2324	 CA 	206	 -31.040	  -0.663	   2.973
2373	 CA 	209	 -22.660	   0.155	  -1.933
2380	 CA 	210	 -21.414	   3.438	  -3.384
5325	 CA 	395	 -24.125	 -18.618	  25.607
5344	 CA 	396	 -27.916	 -18.944	  24.824
5356	 CA 	397	 -29.099	 -15.514	  23.865
5367	 CA 	398	 -26.976	 -13.671	  21.303
6370	 CA 	462	 -18.490	 -12.071	   4.818
6406	 CA 	465	 -20.083	 -15.842	   7.332
6933	 CA 	500	 -14.475	 -11.677	  16.130
6980	 CA 	503	 -15.178	 -12.666	  11.314
21341	CLA 	735	 -23.171	   3.444	   3.169
21342	CLA 	736	 -24.216	  -2.020	 -14.987
21344	CLA 	736	  29.875	   1.693	 -13.636
