786	 CA 	110	 -46.277	   3.422	  34.658
806	 CA 	111	 -49.647	   4.660	  35.971
821	 CA 	112	 -52.665	   5.464	  33.717
894	 CA 	116	 -58.954	   3.798	  35.576
1467	 CA 	151	 -38.974	   2.330	  -4.495
1477	 CA 	152	 -41.846	   2.835	  -6.940
1497	 CA 	153	 -40.316	   6.164	  -7.852
2201	 CA 	197	 -32.272	   6.858	  -8.443
2279	 CA 	202	 -31.339	   3.698	  -0.291
2324	 CA 	206	 -31.237	  -0.807	   3.587
2373	 CA 	209	 -23.015	  -0.162	  -1.488
2380	 CA 	210	 -22.354	   3.103	  -3.413
5325	 CA 	395	 -25.916	 -16.199	  23.085
5344	 CA 	396	 -25.236	 -13.995	  26.134
5356	 CA 	397	 -25.305	 -10.867	  23.808
5367	 CA 	398	 -22.821	  -8.959	  21.802
6370	 CA 	462	 -18.687	 -13.211	   4.793
6406	 CA 	465	 -20.472	 -16.949	   7.720
6933	 CA 	500	 -15.009	 -11.575	  15.847
6980	 CA 	503	 -15.633	 -12.885	  10.872
21341	CLA 	735	 -23.576	   3.786	   4.082
21342	CLA 	736	 -24.577	  -2.595	 -14.822
21344	CLA 	736	  24.422	  39.835	 -37.929
