786	 CA 	110	 -48.125	   1.352	  34.456
806	 CA 	111	 -50.324	   4.316	  35.484
821	 CA 	112	 -52.288	   6.786	  33.381
894	 CA 	116	 -59.376	   5.132	  35.963
1467	 CA 	151	 -38.488	   1.436	  -3.045
1477	 CA 	152	 -41.467	   2.293	  -5.326
1497	 CA 	153	 -40.332	   6.025	  -5.908
2201	 CA 	197	 -32.221	   7.706	  -7.523
2279	 CA 	202	 -30.224	   4.168	   0.179
2324	 CA 	206	 -30.147	  -1.357	   3.823
2373	 CA 	209	 -22.262	  -0.102	  -1.378
2380	 CA 	210	 -21.644	   3.173	  -3.059
5325	 CA 	395	 -23.327	 -17.994	  25.839
5344	 CA 	396	 -27.144	 -18.303	  26.101
5356	 CA 	397	 -28.228	 -14.822	  24.963
5367	 CA 	398	 -25.785	 -13.708	  22.326
6370	 CA 	462	 -17.229	 -12.404	   4.410
6406	 CA 	465	 -19.041	 -16.174	   7.022
6933	 CA 	500	 -13.374	 -11.535	  15.776
6980	 CA 	503	 -14.152	 -12.658	  10.897
21341	CLA 	735	 -22.163	   3.559	   3.536
21342	CLA 	736	 -24.835	  -2.017	 -14.655
21344	CLA 	736	  30.340	  -0.120	 -13.793
