786	 CA 	110	 -48.926	   1.236	  32.123
806	 CA 	111	 -51.277	   4.056	  32.864
821	 CA 	112	 -53.474	   6.174	  30.542
894	 CA 	116	 -60.616	   4.802	  33.142
1467	 CA 	151	 -38.561	   1.529	  -3.685
1477	 CA 	152	 -41.588	   2.187	  -5.850
1497	 CA 	153	 -40.484	   5.811	  -6.633
2201	 CA 	197	 -31.992	   6.911	  -7.973
2279	 CA 	202	 -30.937	   3.715	   0.184
2324	 CA 	206	 -30.828	  -1.645	   3.365
2373	 CA 	209	 -22.700	  -0.400	  -1.710
2380	 CA 	210	 -21.541	   2.855	  -3.082
5325	 CA 	395	 -22.841	 -19.108	  24.765
5344	 CA 	396	 -26.658	 -18.831	  24.397
5356	 CA 	397	 -27.700	 -15.687	  22.483
5367	 CA 	398	 -25.209	 -13.971	  20.116
6370	 CA 	462	 -18.175	 -12.795	   4.269
6406	 CA 	465	 -19.500	 -16.621	   6.591
6933	 CA 	500	 -13.346	 -12.592	  15.022
6980	 CA 	503	 -14.069	 -13.898	  10.518
21341	CLA 	735	 -21.325	   3.026	   2.291
21342	CLA 	736	 -25.364	  -2.088	 -14.755
21344	CLA 	736	  29.590	   1.614	 -14.712
