786	 CA 	110	 -44.183	  -1.685	  35.070
806	 CA 	111	 -46.870	   0.633	  36.736
821	 CA 	112	 -48.393	   3.905	  35.498
894	 CA 	116	 -55.529	   4.511	  37.730
1467	 CA 	151	 -38.696	   2.372	  -3.604
1477	 CA 	152	 -41.755	   3.111	  -5.927
1497	 CA 	153	 -40.134	   6.532	  -6.567
2201	 CA 	197	 -31.687	   6.771	  -7.120
2279	 CA 	202	 -30.737	   3.454	   1.108
2324	 CA 	206	 -30.135	  -0.889	   4.425
2373	 CA 	209	 -22.419	  -0.141	  -1.063
2380	 CA 	210	 -21.875	   3.223	  -2.775
5325	 CA 	395	 -24.923	 -16.938	  22.584
5344	 CA 	396	 -24.589	 -14.498	  25.433
5356	 CA 	397	 -24.551	 -11.515	  23.018
5367	 CA 	398	 -21.668	  -9.826	  21.073
6370	 CA 	462	 -17.921	 -12.961	   4.415
6406	 CA 	465	 -19.380	 -16.816	   7.060
6933	 CA 	500	 -14.021	 -12.667	  15.319
6980	 CA 	503	 -14.549	 -13.315	  10.582
21341	CLA 	735	 -22.444	   4.110	   5.057
21342	CLA 	736	 -24.224	  -2.849	 -14.589
21344	CLA 	736	  32.207	  18.593	 -44.671
