786	 CA 	110	 -46.319	  -0.116	  35.790
806	 CA 	111	 -49.276	   2.048	  37.265
821	 CA 	112	 -51.851	   4.214	  35.322
894	 CA 	116	 -58.194	   3.283	  37.869
1467	 CA 	151	 -38.545	   3.339	  -3.421
1477	 CA 	152	 -41.568	   3.853	  -5.687
1497	 CA 	153	 -40.379	   7.351	  -6.466
2201	 CA 	197	 -32.108	   7.149	  -6.609
2279	 CA 	202	 -31.089	   3.438	   1.284
2324	 CA 	206	 -30.795	  -1.239	   4.669
2373	 CA 	209	 -22.465	   0.316	  -0.523
2380	 CA 	210	 -21.906	   3.193	  -2.902
5325	 CA 	395	 -24.196	 -17.592	  23.445
5344	 CA 	396	 -23.232	 -15.418	  26.503
5356	 CA 	397	 -23.989	 -12.351	  24.276
5367	 CA 	398	 -21.726	 -10.405	  21.865
6370	 CA 	462	 -18.502	 -12.366	   4.899
6406	 CA 	465	 -19.592	 -16.276	   7.438
6933	 CA 	500	 -13.044	 -11.941	  15.901
6980	 CA 	503	 -14.952	 -13.213	  11.194
21341	CLA 	735	 -23.450	   3.970	   4.609
21342	CLA 	736	 -24.252	  -2.573	 -14.686
21344	CLA 	736	  29.199	  60.978	 -26.517
