786	 CA 	110	 -45.637	   1.728	  35.160
806	 CA 	111	 -47.581	   4.968	  35.720
821	 CA 	112	 -50.426	   6.968	  34.058
894	 CA 	116	 -57.763	   6.080	  37.074
1467	 CA 	151	 -38.746	   2.424	  -3.621
1477	 CA 	152	 -41.308	   3.340	  -6.326
1497	 CA 	153	 -39.828	   6.872	  -6.848
2201	 CA 	197	 -31.723	   6.880	  -7.084
2279	 CA 	202	 -30.796	   3.272	   0.603
2324	 CA 	206	 -30.693	  -0.651	   4.360
2373	 CA 	209	 -22.926	  -0.052	  -0.947
2380	 CA 	210	 -21.987	   3.151	  -2.737
5325	 CA 	395	 -25.645	 -14.854	  23.672
5344	 CA 	396	 -25.696	 -12.060	  26.110
5356	 CA 	397	 -25.109	  -9.464	  23.464
5367	 CA 	398	 -22.224	  -8.595	  21.144
6370	 CA 	462	 -18.323	 -12.399	   4.589
6406	 CA 	465	 -19.478	 -16.545	   7.155
6933	 CA 	500	 -13.827	 -11.907	  15.882
6980	 CA 	503	 -14.897	 -12.939	  11.103
21341	CLA 	735	 -22.539	   3.741	   4.668
21342	CLA 	736	 -24.494	  -3.018	 -14.627
21344	CLA 	736	  20.654	  22.807	 -43.477
