786	 CA 	110	 -46.226	   4.900	  36.513
806	 CA 	111	 -49.106	   7.354	  37.288
821	 CA 	112	 -51.298	   9.536	  35.131
894	 CA 	116	 -58.013	   7.404	  37.605
1467	 CA 	151	 -38.474	   3.698	  -3.387
1477	 CA 	152	 -41.507	   4.565	  -5.784
1497	 CA 	153	 -40.077	   8.001	  -6.627
2201	 CA 	197	 -31.270	   7.737	  -7.447
2279	 CA 	202	 -31.099	   4.139	   0.655
2324	 CA 	206	 -30.932	   0.118	   4.018
2373	 CA 	209	 -22.849	   0.103	  -1.054
2380	 CA 	210	 -21.960	   2.994	  -3.108
5325	 CA 	395	 -25.362	 -15.453	  22.563
5344	 CA 	396	 -24.510	 -13.496	  25.701
5356	 CA 	397	 -24.212	 -10.029	  23.897
5367	 CA 	398	 -22.001	  -8.619	  21.109
6370	 CA 	462	 -18.546	 -12.612	   4.395
6406	 CA 	465	 -20.120	 -16.218	   7.273
6933	 CA 	500	 -14.214	 -11.550	  15.631
6980	 CA 	503	 -15.256	 -12.610	  10.955
21341	CLA 	735	 -23.327	   3.949	   3.885
21342	CLA 	736	 -25.114	  -2.944	 -14.896
21344	CLA 	736	  24.119	  40.584	 -39.273
