786	 CA 	110	 -46.687	   2.415	  35.863
806	 CA 	111	 -50.010	   4.125	  36.685
821	 CA 	112	 -52.756	   6.208	  34.947
894	 CA 	116	 -58.701	   3.131	  38.235
1467	 CA 	151	 -38.664	   3.011	  -4.368
1477	 CA 	152	 -41.822	   3.387	  -6.523
1497	 CA 	153	 -40.753	   6.917	  -7.362
2201	 CA 	197	 -31.946	   6.543	  -7.658
2279	 CA 	202	 -31.328	   3.213	   0.614
2324	 CA 	206	 -30.424	  -1.059	   3.918
2373	 CA 	209	 -23.018	  -0.320	  -1.623
2380	 CA 	210	 -22.011	   3.083	  -3.198
5325	 CA 	395	 -25.237	 -17.054	  22.418
5344	 CA 	396	 -24.094	 -14.817	  25.462
5356	 CA 	397	 -24.345	 -11.874	  22.989
5367	 CA 	398	 -21.699	  -9.705	  21.295
6370	 CA 	462	 -18.194	 -12.892	   4.113
6406	 CA 	465	 -19.703	 -16.636	   6.483
6933	 CA 	500	 -13.754	 -12.452	  15.594
6980	 CA 	503	 -15.062	 -13.081	  10.620
21341	CLA 	735	 -22.993	   3.313	   4.212
21342	CLA 	736	 -24.839	  -3.039	 -15.080
21344	CLA 	736	  19.249	  46.069	 -38.096
