786	 CA 	110	 -49.310	   0.730	  32.514
806	 CA 	111	 -51.624	   3.762	  33.586
821	 CA 	112	 -52.796	   6.427	  31.250
894	 CA 	116	 -59.774	   5.072	  33.102
1467	 CA 	151	 -38.789	   2.270	  -4.637
1477	 CA 	152	 -42.182	   2.947	  -6.569
1497	 CA 	153	 -40.902	   6.589	  -7.232
2201	 CA 	197	 -32.064	   7.765	  -8.049
2279	 CA 	202	 -30.953	   3.935	  -0.167
2324	 CA 	206	 -31.130	  -1.127	   2.963
2373	 CA 	209	 -22.726	  -0.691	  -2.448
2380	 CA 	210	 -21.839	   2.906	  -3.202
5325	 CA 	395	 -23.461	 -18.509	  26.410
5344	 CA 	396	 -27.239	 -18.166	  25.606
5356	 CA 	397	 -28.339	 -14.841	  23.951
5367	 CA 	398	 -25.900	 -13.547	  21.309
6370	 CA 	462	 -17.784	 -12.765	   4.049
6406	 CA 	465	 -19.532	 -16.529	   6.346
6933	 CA 	500	 -14.125	 -11.787	  14.911
6980	 CA 	503	 -15.015	 -12.684	  10.426
21341	CLA 	735	 -21.386	   3.413	   1.630
21342	CLA 	736	 -24.240	  -2.384	 -15.251
21344	CLA 	736	  35.904	   4.468	 -14.245
