786	 CA 	110	 -45.859	   2.337	  36.383
806	 CA 	111	 -49.078	   4.370	  37.071
821	 CA 	112	 -51.096	   6.935	  35.096
894	 CA 	116	 -57.707	   3.935	  38.444
1467	 CA 	151	 -38.522	   3.425	  -3.798
1477	 CA 	152	 -41.419	   3.820	  -6.333
1497	 CA 	153	 -40.209	   7.417	  -7.227
2201	 CA 	197	 -31.719	   7.091	  -7.542
2279	 CA 	202	 -31.359	   3.455	   0.393
2324	 CA 	206	 -30.881	  -0.992	   4.090
2373	 CA 	209	 -22.954	  -0.162	  -1.816
2380	 CA 	210	 -22.110	   3.247	  -3.429
5325	 CA 	395	 -25.916	 -16.599	  21.821
5344	 CA 	396	 -24.859	 -14.460	  24.885
5356	 CA 	397	 -25.561	 -11.175	  22.964
5367	 CA 	398	 -22.739	  -9.186	  21.114
6370	 CA 	462	 -18.341	 -12.532	   4.376
6406	 CA 	465	 -20.091	 -16.592	   6.618
6933	 CA 	500	 -13.802	 -11.866	  14.925
6980	 CA 	503	 -15.109	 -13.254	  10.306
21341	CLA 	735	 -23.345	   3.309	   3.586
21342	CLA 	736	 -24.542	  -2.936	 -14.682
21344	CLA 	736	  19.986	  46.484	 -39.141
