786	 CA 	110	 -46.363	   3.939	  36.685
806	 CA 	111	 -49.742	   5.293	  36.810
821	 CA 	112	 -51.925	   7.382	  34.439
894	 CA 	116	 -58.733	   4.765	  37.034
1467	 CA 	151	 -38.811	   2.390	  -3.469
1477	 CA 	152	 -41.579	   2.900	  -6.012
1497	 CA 	153	 -40.503	   6.474	  -7.043
2201	 CA 	197	 -32.366	   6.816	  -7.470
2279	 CA 	202	 -31.825	   3.755	   0.699
2324	 CA 	206	 -31.008	  -0.993	   3.969
2373	 CA 	209	 -23.143	  -0.019	  -1.325
2380	 CA 	210	 -22.657	   3.262	  -3.263
5325	 CA 	395	 -25.656	 -15.684	  23.469
5344	 CA 	396	 -24.572	 -13.548	  26.333
5356	 CA 	397	 -24.887	 -10.590	  24.002
5367	 CA 	398	 -22.331	  -9.019	  21.712
6370	 CA 	462	 -18.640	 -12.082	   4.724
6406	 CA 	465	 -20.168	 -16.053	   7.269
6933	 CA 	500	 -14.323	 -12.075	  15.582
6980	 CA 	503	 -15.440	 -12.874	  11.061
21341	CLA 	735	 -23.163	   3.944	   4.028
21342	CLA 	736	 -24.653	  -3.363	 -14.705
21344	CLA 	736	  23.822	  39.575	 -36.973
