786	 CA 	110	 -44.071	  -3.930	  34.118
806	 CA 	111	 -46.191	  -0.972	  35.096
821	 CA 	112	 -47.332	   2.114	  33.061
894	 CA 	116	 -54.452	   3.352	  35.228
1467	 CA 	151	 -38.971	   1.691	  -3.915
1477	 CA 	152	 -41.724	   2.213	  -6.543
1497	 CA 	153	 -40.465	   5.711	  -7.189
2201	 CA 	197	 -32.168	   6.697	  -7.461
2279	 CA 	202	 -31.384	   2.792	   0.359
2324	 CA 	206	 -30.766	  -1.831	   3.972
2373	 CA 	209	 -23.021	  -0.504	  -1.786
2380	 CA 	210	 -22.092	   3.095	  -2.865
5325	 CA 	395	 -24.732	 -18.490	  22.003
5344	 CA 	396	 -24.589	 -16.166	  25.047
5356	 CA 	397	 -25.145	 -13.216	  22.657
5367	 CA 	398	 -22.536	 -10.969	  21.106
6370	 CA 	462	 -17.925	 -12.751	   4.051
6406	 CA 	465	 -19.452	 -17.349	   6.113
6933	 CA 	500	 -13.633	 -13.211	  14.828
6980	 CA 	503	 -14.663	 -13.980	  10.069
21341	CLA 	735	 -22.762	   2.718	   3.108
21342	CLA 	736	 -24.280	  -3.222	 -14.606
21344	CLA 	736	  24.272	  19.169	 -43.733
