786	 CA 	110	 -48.606	  -1.049	  32.465
806	 CA 	111	 -51.094	   1.642	  33.537
821	 CA 	112	 -52.783	   4.452	  31.693
894	 CA 	116	 -59.878	   2.200	  33.472
1467	 CA 	151	 -38.450	   1.245	  -3.928
1477	 CA 	152	 -41.416	   1.967	  -6.238
1497	 CA 	153	 -40.510	   5.675	  -6.791
2201	 CA 	197	 -32.038	   6.615	  -7.889
2279	 CA 	202	 -30.723	   3.571	   0.042
2324	 CA 	206	 -30.577	  -1.241	   3.218
2373	 CA 	209	 -22.181	  -0.339	  -1.908
2380	 CA 	210	 -21.510	   3.253	  -3.014
5325	 CA 	395	 -23.400	 -19.387	  25.138
5344	 CA 	396	 -27.017	 -18.945	  24.220
5356	 CA 	397	 -27.468	 -15.779	  22.022
5367	 CA 	398	 -24.642	 -14.245	  20.359
6370	 CA 	462	 -17.531	 -12.681	   4.235
6406	 CA 	465	 -19.015	 -16.340	   6.956
6933	 CA 	500	 -13.201	 -12.454	  15.903
6980	 CA 	503	 -14.267	 -13.096	  11.030
21341	CLA 	735	 -22.596	   3.122	   3.934
21342	CLA 	736	 -24.690	  -1.804	 -15.094
21344	CLA 	736	  29.817	   3.204	 -14.455
