786	 CA 	110	 -43.570	   0.071	  35.106
806	 CA 	111	 -45.784	   2.876	  36.659
821	 CA 	112	 -47.118	   5.836	  34.829
894	 CA 	116	 -53.623	   6.464	  38.087
1467	 CA 	151	 -38.614	   2.704	  -3.539
1477	 CA 	152	 -41.342	   3.464	  -6.057
1497	 CA 	153	 -39.802	   7.066	  -6.638
2201	 CA 	197	 -31.877	   7.451	  -7.299
2279	 CA 	202	 -31.129	   3.858	   0.592
2324	 CA 	206	 -31.205	  -0.725	   4.350
2373	 CA 	209	 -23.117	  -0.170	  -1.057
2380	 CA 	210	 -22.069	   3.067	  -2.812
5325	 CA 	395	 -25.046	 -15.712	  23.370
5344	 CA 	396	 -24.377	 -12.969	  26.100
5356	 CA 	397	 -24.591	  -9.985	  23.849
5367	 CA 	398	 -21.948	  -8.706	  21.397
6370	 CA 	462	 -18.514	 -12.772	   4.599
6406	 CA 	465	 -19.456	 -16.788	   7.071
6933	 CA 	500	 -13.154	 -12.177	  15.413
6980	 CA 	503	 -14.375	 -13.045	  10.787
21341	CLA 	735	 -23.465	   4.167	   3.645
21342	CLA 	736	 -24.212	  -2.979	 -14.597
21344	CLA 	736	  23.036	  22.026	 -41.083
