786	 CA 	110	 -45.575	   4.721	  36.703
806	 CA 	111	 -48.881	   6.633	  37.323
821	 CA 	112	 -51.329	   8.734	  35.337
894	 CA 	116	 -57.278	   5.081	  38.184
1467	 CA 	151	 -38.961	   2.272	  -3.453
1477	 CA 	152	 -41.851	   2.819	  -5.836
1497	 CA 	153	 -40.925	   6.523	  -6.421
2201	 CA 	197	 -32.397	   6.738	  -7.105
2279	 CA 	202	 -31.214	   3.089	   1.093
2324	 CA 	206	 -30.316	  -0.981	   4.740
2373	 CA 	209	 -22.691	  -0.074	  -1.461
2380	 CA 	210	 -21.894	   3.380	  -2.890
5325	 CA 	395	 -23.727	 -16.014	  23.508
5344	 CA 	396	 -23.073	 -13.724	  26.512
5356	 CA 	397	 -23.469	 -10.568	  24.320
5367	 CA 	398	 -21.212	  -9.033	  21.742
6370	 CA 	462	 -17.559	 -12.415	   4.680
6406	 CA 	465	 -19.031	 -16.342	   7.503
6933	 CA 	500	 -13.267	 -11.579	  15.420
6980	 CA 	503	 -14.307	 -12.406	  10.775
21341	CLA 	735	 -22.908	   3.589	   4.024
21342	CLA 	736	 -24.005	  -2.762	 -14.589
21344	CLA 	736	  21.725	  54.662	 -38.158
