786	 CA 	110	 -44.394	  -3.380	  33.820
806	 CA 	111	 -46.108	  -0.379	  35.498
821	 CA 	112	 -47.186	   2.979	  33.915
894	 CA 	116	 -53.741	   5.050	  36.645
1467	 CA 	151	 -38.715	   1.705	  -3.960
1477	 CA 	152	 -41.533	   2.425	  -6.493
1497	 CA 	153	 -40.175	   5.881	  -6.920
2201	 CA 	197	 -32.180	   6.141	  -7.437
2279	 CA 	202	 -31.362	   2.990	   0.597
2324	 CA 	206	 -30.432	  -2.090	   4.402
2373	 CA 	209	 -22.778	  -0.437	  -1.195
2380	 CA 	210	 -22.159	   2.915	  -3.000
5325	 CA 	395	 -24.163	 -18.681	  22.691
5344	 CA 	396	 -24.247	 -16.483	  25.789
5356	 CA 	397	 -24.486	 -13.482	  23.426
5367	 CA 	398	 -21.950	 -11.245	  21.891
6370	 CA 	462	 -17.905	 -13.047	   4.207
6406	 CA 	465	 -19.319	 -17.340	   6.799
6933	 CA 	500	 -13.839	 -12.749	  15.701
6980	 CA 	503	 -14.551	 -13.822	  10.877
21341	CLA 	735	 -22.438	   2.763	   4.900
21342	CLA 	736	 -24.266	  -3.056	 -14.468
21344	CLA 	736	  21.895	  10.117	 -42.362
