786	 CA 	110	 -43.960	   3.640	  36.889
806	 CA 	111	 -47.565	   5.052	  37.433
821	 CA 	112	 -50.094	   6.951	  35.223
894	 CA 	116	 -56.762	   5.622	  38.425
1467	 CA 	151	 -38.384	   3.433	  -3.147
1477	 CA 	152	 -41.470	   3.803	  -5.365
1497	 CA 	153	 -40.254	   7.309	  -6.400
2201	 CA 	197	 -32.084	   6.972	  -7.116
2279	 CA 	202	 -30.629	   3.429	   1.284
2324	 CA 	206	 -30.468	  -1.240	   4.657
2373	 CA 	209	 -23.088	  -0.389	  -0.963
2380	 CA 	210	 -22.169	   2.713	  -3.052
5325	 CA 	395	 -24.448	 -16.468	  23.095
5344	 CA 	396	 -23.596	 -14.291	  26.158
5356	 CA 	397	 -24.311	 -11.114	  23.966
5367	 CA 	398	 -21.504	  -9.339	  21.913
6370	 CA 	462	 -18.067	 -12.646	   4.804
6406	 CA 	465	 -19.579	 -16.752	   7.596
6933	 CA 	500	 -13.006	 -12.178	  15.508
6980	 CA 	503	 -14.255	 -13.034	  10.875
21341	CLA 	735	 -23.091	   3.801	   4.001
21342	CLA 	736	 -24.974	  -2.972	 -14.530
21344	CLA 	736	  22.772	  36.655	 -39.326
