786	 CA 	110	 -44.133	  -2.478	  33.856
806	 CA 	111	 -46.787	  -0.089	  35.239
821	 CA 	112	 -48.658	   3.170	  34.018
894	 CA 	116	 -55.953	   2.866	  36.739
1467	 CA 	151	 -37.936	   1.541	  -3.744
1477	 CA 	152	 -40.778	   2.005	  -6.160
1497	 CA 	153	 -39.335	   5.600	  -6.796
2201	 CA 	197	 -31.635	   6.632	  -7.681
2279	 CA 	202	 -30.706	   2.971	   0.041
2324	 CA 	206	 -30.499	  -1.324	   3.904
2373	 CA 	209	 -22.914	  -0.581	  -1.651
2380	 CA 	210	 -22.222	   2.708	  -3.315
5325	 CA 	395	 -24.589	 -17.684	  22.485
5344	 CA 	396	 -23.728	 -15.293	  25.449
5356	 CA 	397	 -24.193	 -12.223	  23.143
5367	 CA 	398	 -21.593	 -10.530	  20.953
6370	 CA 	462	 -17.868	 -13.306	   4.177
6406	 CA 	465	 -19.177	 -17.334	   6.457
6933	 CA 	500	 -13.018	 -13.137	  15.088
6980	 CA 	503	 -14.420	 -13.628	  10.685
21341	CLA 	735	 -23.095	   3.097	   4.216
21342	CLA 	736	 -23.925	  -2.835	 -15.064
21344	CLA 	736	  32.255	  20.697	 -43.139
