786	 CA 	110	 -43.695	  -2.563	  35.106
806	 CA 	111	 -45.807	   0.422	  36.238
821	 CA 	112	 -47.366	   3.282	  34.235
894	 CA 	116	 -53.964	   2.976	  37.944
1467	 CA 	151	 -38.271	   1.537	  -3.886
1477	 CA 	152	 -41.252	   2.368	  -6.295
1497	 CA 	153	 -39.974	   5.911	  -6.875
2201	 CA 	197	 -31.862	   6.873	  -7.405
2279	 CA 	202	 -30.735	   3.026	   0.264
2324	 CA 	206	 -30.424	  -1.500	   4.643
2373	 CA 	209	 -22.690	  -0.431	  -1.107
2380	 CA 	210	 -22.173	   2.665	  -3.216
5325	 CA 	395	 -24.599	 -16.435	  22.799
5344	 CA 	396	 -24.375	 -13.865	  25.687
5356	 CA 	397	 -24.968	 -10.878	  23.143
5367	 CA 	398	 -21.925	  -9.564	  21.179
6370	 CA 	462	 -17.712	 -13.150	   4.056
6406	 CA 	465	 -18.926	 -17.299	   6.505
6933	 CA 	500	 -12.955	 -12.201	  15.146
6980	 CA 	503	 -14.090	 -13.303	  10.436
21341	CLA 	735	 -23.009	   3.534	   3.980
21342	CLA 	736	 -23.951	  -3.083	 -14.683
21344	CLA 	736	  22.891	  26.325	 -41.377
