786	 CA 	110	 -46.120	  -0.354	  34.825
806	 CA 	111	 -47.914	   2.744	  36.321
821	 CA 	112	 -50.506	   4.756	  34.327
894	 CA 	116	 -57.082	   2.724	  36.915
1467	 CA 	151	 -38.948	   2.420	  -4.033
1477	 CA 	152	 -41.650	   3.293	  -6.646
1497	 CA 	153	 -40.035	   6.644	  -7.189
2201	 CA 	197	 -31.835	   6.498	  -7.464
2279	 CA 	202	 -31.315	   3.418	   0.577
2324	 CA 	206	 -30.945	  -0.497	   4.158
2373	 CA 	209	 -23.295	  -0.284	  -1.237
2380	 CA 	210	 -22.661	   2.924	  -2.999
5325	 CA 	395	 -25.633	 -16.386	  22.347
5344	 CA 	396	 -25.286	 -13.824	  25.158
5356	 CA 	397	 -25.250	 -11.085	  22.476
5367	 CA 	398	 -22.400	  -9.359	  20.757
6370	 CA 	462	 -17.965	 -12.683	   4.436
6406	 CA 	465	 -19.535	 -17.055	   7.146
6933	 CA 	500	 -13.428	 -12.415	  15.437
6980	 CA 	503	 -14.405	 -13.315	  10.869
21341	CLA 	735	 -23.257	   3.934	   4.886
21342	CLA 	736	 -24.404	  -3.270	 -14.349
21344	CLA 	736	  20.518	  25.001	 -43.293
