786	 CA 	110	 -46.655	   3.953	  35.541
806	 CA 	111	 -50.004	   5.760	  36.342
821	 CA 	112	 -52.204	   7.945	  34.283
894	 CA 	116	 -57.675	   4.484	  37.419
1467	 CA 	151	 -39.068	   2.692	  -3.935
1477	 CA 	152	 -41.964	   3.398	  -6.538
1497	 CA 	153	 -40.598	   6.937	  -7.232
2201	 CA 	197	 -32.265	   6.539	  -7.427
2279	 CA 	202	 -31.361	   3.334	   0.584
2324	 CA 	206	 -30.775	  -0.664	   4.090
2373	 CA 	209	 -22.942	  -0.329	  -1.277
2380	 CA 	210	 -22.510	   2.994	  -2.998
5325	 CA 	395	 -24.582	 -16.152	  23.763
5344	 CA 	396	 -23.612	 -13.713	  26.584
5356	 CA 	397	 -24.104	 -10.839	  23.931
5367	 CA 	398	 -21.808	  -9.225	  21.426
6370	 CA 	462	 -17.712	 -12.188	   4.891
6406	 CA 	465	 -19.452	 -15.970	   7.876
6933	 CA 	500	 -14.278	 -11.203	  15.777
6980	 CA 	503	 -14.615	 -12.284	  11.180
21341	CLA 	735	 -23.013	   3.407	   3.867
21342	CLA 	736	 -24.623	  -3.159	 -14.673
21344	CLA 	736	  28.070	  51.777	 -30.168
