786	 CA 	110	 -46.505	   1.269	  35.926
806	 CA 	111	 -49.587	   3.378	  36.491
821	 CA 	112	 -51.882	   5.239	  34.252
894	 CA 	116	 -59.334	   4.881	  36.571
1467	 CA 	151	 -38.834	   2.546	  -3.899
1477	 CA 	152	 -41.609	   3.118	  -6.387
1497	 CA 	153	 -40.331	   6.691	  -7.277
2201	 CA 	197	 -32.218	   6.709	  -7.671
2279	 CA 	202	 -31.697	   3.263	   0.680
2324	 CA 	206	 -31.160	  -1.074	   4.472
2373	 CA 	209	 -23.174	   0.254	  -1.131
2380	 CA 	210	 -22.381	   3.361	  -3.065
5325	 CA 	395	 -23.708	 -17.066	  23.403
5344	 CA 	396	 -22.664	 -14.488	  26.039
5356	 CA 	397	 -24.141	 -11.569	  23.939
5367	 CA 	398	 -21.848	  -9.538	  21.518
6370	 CA 	462	 -18.107	 -12.295	   4.457
6406	 CA 	465	 -19.480	 -16.271	   7.160
6933	 CA 	500	 -13.405	 -11.666	  15.154
6980	 CA 	503	 -14.620	 -12.569	  10.581
21341	CLA 	735	 -23.267	   3.662	   4.346
21342	CLA 	736	 -24.368	  -3.040	 -14.581
21344	CLA 	736	  23.580	  55.727	 -26.926
