786	 CA 	110	 -44.917	   0.878	  35.340
806	 CA 	111	 -46.742	   4.167	  36.283
821	 CA 	112	 -49.085	   6.509	  34.327
894	 CA 	116	 -56.709	   5.823	  36.520
1467	 CA 	151	 -39.010	   2.176	  -3.733
1477	 CA 	152	 -41.677	   3.092	  -6.201
1497	 CA 	153	 -40.270	   6.541	  -6.671
2201	 CA 	197	 -31.811	   6.847	  -7.042
2279	 CA 	202	 -30.764	   3.291	   1.131
2324	 CA 	206	 -30.400	  -1.219	   4.706
2373	 CA 	209	 -23.290	  -0.238	  -1.186
2380	 CA 	210	 -22.004	   3.030	  -2.507
5325	 CA 	395	 -24.429	 -15.327	  23.327
5344	 CA 	396	 -24.774	 -12.473	  25.908
5356	 CA 	397	 -24.719	  -9.822	  23.036
5367	 CA 	398	 -21.582	  -8.416	  21.314
6370	 CA 	462	 -17.521	 -12.579	   5.017
6406	 CA 	465	 -18.915	 -16.563	   7.564
6933	 CA 	500	 -12.984	 -12.060	  15.860
6980	 CA 	503	 -14.130	 -12.852	  11.230
21341	CLA 	735	 -23.122	   4.074	   4.032
21342	CLA 	736	 -24.664	  -2.972	 -14.313
21344	CLA 	736	  21.833	  25.545	 -45.891
