786	 CA 	110	 -47.458	  -0.967	  34.646
806	 CA 	111	 -49.478	   2.351	  34.133
821	 CA 	112	 -50.409	   4.979	  31.484
894	 CA 	116	 -57.363	   5.384	  32.643
1467	 CA 	151	 -39.330	   2.198	  -5.209
1477	 CA 	152	 -42.076	   2.944	  -7.708
1497	 CA 	153	 -40.482	   6.327	  -8.591
2201	 CA 	197	 -31.898	   6.884	  -8.737
2279	 CA 	202	 -31.999	   3.501	  -0.616
2324	 CA 	206	 -31.493	  -1.707	   2.207
2373	 CA 	209	 -23.034	  -0.093	  -2.190
2380	 CA 	210	 -21.921	   3.459	  -3.182
5325	 CA 	395	 -27.567	 -18.378	  21.031
5344	 CA 	396	 -27.839	 -16.053	  24.041
5356	 CA 	397	 -28.258	 -12.920	  21.874
5367	 CA 	398	 -25.072	 -11.466	  20.151
6370	 CA 	462	 -18.935	 -12.994	   3.627
6406	 CA 	465	 -20.189	 -17.116	   5.614
6933	 CA 	500	 -15.879	 -12.753	  15.147
6980	 CA 	503	 -15.975	 -13.559	   9.949
21341	CLA 	735	 -23.263	   3.425	   2.465
21342	CLA 	736	 -24.509	  -2.798	 -14.946
21344	CLA 	736	  32.720	 -12.054	 -28.604
