786	 CA 	110	 -44.853	   3.175	  35.312
806	 CA 	111	 -48.188	   4.898	  36.185
821	 CA 	112	 -50.456	   7.557	  34.655
894	 CA 	116	 -56.472	   4.088	  37.358
1467	 CA 	151	 -38.934	   2.921	  -4.648
1477	 CA 	152	 -41.824	   3.579	  -7.059
1497	 CA 	153	 -40.539	   7.118	  -7.700
2201	 CA 	197	 -32.073	   7.303	  -7.647
2279	 CA 	202	 -31.178	   3.352	   0.331
2324	 CA 	206	 -30.550	  -1.026	   3.992
2373	 CA 	209	 -23.119	   0.016	  -1.289
2380	 CA 	210	 -22.399	   3.151	  -3.328
5325	 CA 	395	 -24.356	 -16.234	  22.973
5344	 CA 	396	 -23.222	 -13.930	  25.889
5356	 CA 	397	 -23.770	 -10.855	  23.619
5367	 CA 	398	 -21.622	  -8.899	  21.251
6370	 CA 	462	 -18.011	 -12.270	   4.318
6406	 CA 	465	 -19.645	 -16.310	   6.910
6933	 CA 	500	 -14.008	 -11.637	  15.164
6980	 CA 	503	 -14.914	 -12.589	  10.645
21341	CLA 	735	 -23.075	   3.417	   3.772
21342	CLA 	736	 -24.409	  -2.692	 -14.745
21344	CLA 	736	  25.123	  49.874	 -37.290
