786	 CA 	110	 -43.581	  -1.351	  34.857
806	 CA 	111	 -45.847	   1.612	  35.995
821	 CA 	112	 -47.908	   4.559	  34.553
894	 CA 	116	 -55.440	   4.243	  38.000
1467	 CA 	151	 -38.690	   1.653	  -3.694
1477	 CA 	152	 -41.602	   2.373	  -6.066
1497	 CA 	153	 -40.172	   5.892	  -6.862
2201	 CA 	197	 -32.493	   6.241	  -7.433
2279	 CA 	202	 -31.144	   2.899	   0.554
2324	 CA 	206	 -30.459	  -1.318	   3.870
2373	 CA 	209	 -22.780	  -0.423	  -1.288
2380	 CA 	210	 -21.840	   2.952	  -2.742
5325	 CA 	395	 -24.773	 -16.066	  22.813
5344	 CA 	396	 -25.117	 -13.386	  25.424
5356	 CA 	397	 -24.855	 -10.794	  22.533
5367	 CA 	398	 -21.602	  -9.632	  21.020
6370	 CA 	462	 -17.936	 -13.396	   4.456
6406	 CA 	465	 -19.154	 -17.755	   7.143
6933	 CA 	500	 -13.516	 -13.183	  15.591
6980	 CA 	503	 -14.341	 -14.033	  10.753
21341	CLA 	735	 -23.222	   3.083	   3.851
21342	CLA 	736	 -24.271	  -3.102	 -14.882
21344	CLA 	736	  21.796	  26.793	 -43.287
