786	 CA 	110	 -46.063	   0.639	  35.049
806	 CA 	111	 -47.922	   3.937	  35.935
821	 CA 	112	 -50.585	   5.922	  34.306
894	 CA 	116	 -58.661	   4.918	  35.777
1467	 CA 	151	 -38.586	   2.078	  -3.996
1477	 CA 	152	 -41.352	   2.591	  -6.571
1497	 CA 	153	 -40.010	   6.183	  -7.063
2201	 CA 	197	 -31.790	   6.317	  -7.352
2279	 CA 	202	 -31.114	   3.060	   0.629
2324	 CA 	206	 -30.995	  -1.366	   4.309
2373	 CA 	209	 -22.832	  -0.415	  -0.987
2380	 CA 	210	 -22.172	   2.931	  -3.020
5325	 CA 	395	 -25.282	 -15.644	  23.096
5344	 CA 	396	 -25.685	 -12.869	  25.874
5356	 CA 	397	 -25.247	 -10.227	  23.198
5367	 CA 	398	 -22.052	  -8.986	  21.554
6370	 CA 	462	 -17.829	 -12.738	   4.452
6406	 CA 	465	 -18.901	 -16.737	   7.255
6933	 CA 	500	 -13.475	 -11.849	  15.725
6980	 CA 	503	 -14.618	 -12.910	  10.999
21341	CLA 	735	 -22.302	   3.634	   4.263
21342	CLA 	736	 -24.059	  -3.144	 -14.525
21344	CLA 	736	  20.570	  22.651	 -43.326
