786	 CA 	110	 -45.988	  -1.356	  34.432
806	 CA 	111	 -48.169	   1.835	  34.709
821	 CA 	112	 -48.956	   4.843	  32.501
894	 CA 	116	 -55.437	   6.699	  34.718
1467	 CA 	151	 -38.556	   2.660	  -3.821
1477	 CA 	152	 -41.383	   3.239	  -6.405
1497	 CA 	153	 -39.990	   6.737	  -6.938
2201	 CA 	197	 -31.827	   7.095	  -7.448
2279	 CA 	202	 -31.021	   3.369	   0.376
2324	 CA 	206	 -30.657	  -0.719	   3.773
2373	 CA 	209	 -23.102	  -0.093	  -1.865
2380	 CA 	210	 -22.210	   3.385	  -3.089
5325	 CA 	395	 -26.482	 -18.302	  21.652
5344	 CA 	396	 -26.764	 -16.054	  24.659
5356	 CA 	397	 -26.742	 -12.671	  23.050
5367	 CA 	398	 -24.053	 -11.063	  20.968
6370	 CA 	462	 -17.936	 -12.855	   4.242
6406	 CA 	465	 -19.179	 -17.116	   6.468
6933	 CA 	500	 -14.645	 -12.203	  14.706
6980	 CA 	503	 -14.778	 -12.938	   9.977
21341	CLA 	735	 -22.790	   2.507	   4.538
21342	CLA 	736	 -24.824	  -3.040	 -14.975
21344	CLA 	736	  36.023	  -7.859	 -42.182
