786	 CA 	110	 -44.796	  -0.661	  34.359
806	 CA 	111	 -46.820	   2.015	  36.102
821	 CA 	112	 -48.454	   5.199	  34.965
894	 CA 	116	 -55.033	   4.928	  37.424
1467	 CA 	151	 -38.603	   2.907	  -4.268
1477	 CA 	152	 -41.455	   3.837	  -6.668
1497	 CA 	153	 -39.875	   7.134	  -7.501
2201	 CA 	197	 -31.261	   7.299	  -7.397
2279	 CA 	202	 -30.711	   3.887	   0.579
2324	 CA 	206	 -30.297	  -0.992	   4.164
2373	 CA 	209	 -22.656	   0.075	  -1.194
2380	 CA 	210	 -22.180	   3.283	  -3.178
5325	 CA 	395	 -25.568	 -16.187	  22.977
5344	 CA 	396	 -25.122	 -13.827	  25.901
5356	 CA 	397	 -25.311	 -10.827	  23.418
5367	 CA 	398	 -22.591	  -9.382	  21.277
6370	 CA 	462	 -18.571	 -12.719	   4.875
6406	 CA 	465	 -20.389	 -16.378	   7.141
6933	 CA 	500	 -13.986	 -12.511	  15.564
6980	 CA 	503	 -15.014	 -13.397	  10.862
21341	CLA 	735	 -22.833	   3.541	   3.846
21342	CLA 	736	 -24.245	  -2.796	 -14.844
21344	CLA 	736	  30.154	  18.131	 -43.120
