786	 CA 	110	 -44.710	   3.110	  35.578
806	 CA 	111	 -47.896	   5.404	  35.766
821	 CA 	112	 -50.303	   6.402	  33.059
894	 CA 	116	 -56.813	   4.501	  37.119
1467	 CA 	151	 -38.601	   1.904	  -3.936
1477	 CA 	152	 -41.757	   2.290	  -6.129
1497	 CA 	153	 -40.711	   5.835	  -6.803
2201	 CA 	197	 -32.666	   6.496	  -7.431
2279	 CA 	202	 -31.290	   2.772	   0.413
2324	 CA 	206	 -30.986	  -1.659	   4.046
2373	 CA 	209	 -22.669	  -0.671	  -1.107
2380	 CA 	210	 -22.241	   2.653	  -2.820
5325	 CA 	395	 -24.885	 -15.514	  23.093
5344	 CA 	396	 -24.755	 -12.557	  25.441
5356	 CA 	397	 -25.148	 -10.162	  22.402
5367	 CA 	398	 -22.022	  -9.039	  20.497
6370	 CA 	462	 -17.625	 -12.550	   4.962
6406	 CA 	465	 -18.875	 -16.357	   7.248
6933	 CA 	500	 -13.194	 -11.491	  15.746
6980	 CA 	503	 -14.153	 -12.396	  11.129
21341	CLA 	735	 -23.540	   2.902	   4.109
21342	CLA 	736	 -24.155	  -2.708	 -14.650
21344	CLA 	736	  23.790	  35.830	 -39.989
