786	 CA 	110	 -49.556	   0.988	  32.185
806	 CA 	111	 -52.005	   3.862	  33.107
821	 CA 	112	 -53.519	   6.510	  30.909
894	 CA 	116	 -60.496	   5.180	  33.011
1467	 CA 	151	 -39.276	   1.996	  -4.615
1477	 CA 	152	 -42.272	   2.628	  -6.879
1497	 CA 	153	 -41.245	   6.296	  -7.523
2201	 CA 	197	 -32.152	   7.384	  -8.604
2279	 CA 	202	 -31.304	   3.905	  -0.991
2324	 CA 	206	 -31.229	  -0.832	   2.323
2373	 CA 	209	 -22.736	  -0.524	  -2.373
2380	 CA 	210	 -21.819	   3.204	  -3.098
5325	 CA 	395	 -24.520	 -17.768	  26.226
5344	 CA 	396	 -28.383	 -17.376	  25.672
5356	 CA 	397	 -29.370	 -14.100	  23.849
5367	 CA 	398	 -26.488	 -12.952	  21.521
6370	 CA 	462	 -18.200	 -12.638	   3.869
6406	 CA 	465	 -19.614	 -16.833	   6.320
6933	 CA 	500	 -14.497	 -11.391	  15.108
6980	 CA 	503	 -15.379	 -12.902	  10.636
21341	CLA 	735	 -21.768	   3.245	   2.120
21342	CLA 	736	 -24.464	  -1.948	 -15.370
21344	CLA 	736	  34.659	   4.327	 -13.516
