786	 CA 	110	 -47.627	   0.748	  33.833
806	 CA 	111	 -50.216	   3.379	  34.425
821	 CA 	112	 -52.150	   5.821	  32.234
894	 CA 	116	 -60.108	   5.039	  34.313
1467	 CA 	151	 -38.369	   1.821	  -2.981
1477	 CA 	152	 -41.392	   2.868	  -5.226
1497	 CA 	153	 -40.337	   6.468	  -5.419
2201	 CA 	197	 -31.743	   7.304	  -7.050
2279	 CA 	202	 -30.566	   3.402	   0.757
2324	 CA 	206	 -30.772	  -1.158	   3.901
2373	 CA 	209	 -22.328	  -0.393	  -1.876
2380	 CA 	210	 -21.521	   3.107	  -3.294
5325	 CA 	395	 -23.745	 -19.427	  25.833
5344	 CA 	396	 -27.413	 -18.962	  24.683
5356	 CA 	397	 -27.787	 -15.644	  22.781
5367	 CA 	398	 -25.021	 -13.927	  20.835
6370	 CA 	462	 -17.958	 -12.700	   4.460
6406	 CA 	465	 -19.390	 -16.494	   6.761
6933	 CA 	500	 -13.910	 -12.748	  15.634
6980	 CA 	503	 -14.554	 -13.262	  10.636
21341	CLA 	735	 -22.520	   2.789	   3.671
21342	CLA 	736	 -25.045	  -1.973	 -15.069
21344	CLA 	736	  30.483	   0.796	 -15.055
