786	 CA 	110	 -43.589	  -2.084	  34.991
806	 CA 	111	 -45.600	   0.733	  36.646
821	 CA 	112	 -47.669	   3.628	  35.116
894	 CA 	116	 -53.957	   4.145	  38.186
1467	 CA 	151	 -38.589	   1.200	  -3.528
1477	 CA 	152	 -41.355	   1.927	  -6.061
1497	 CA 	153	 -39.908	   5.527	  -6.605
2201	 CA 	197	 -32.146	   6.297	  -7.308
2279	 CA 	202	 -30.918	   3.241	   0.679
2324	 CA 	206	 -30.531	  -1.478	   4.320
2373	 CA 	209	 -22.470	  -0.533	  -1.303
2380	 CA 	210	 -22.176	   2.932	  -2.791
5325	 CA 	395	 -24.141	 -16.818	  22.292
5344	 CA 	396	 -24.354	 -14.370	  25.232
5356	 CA 	397	 -24.389	 -11.485	  22.739
5367	 CA 	398	 -21.196	  -9.878	  21.226
6370	 CA 	462	 -17.020	 -13.349	   4.202
6406	 CA 	465	 -18.617	 -17.409	   6.641
6933	 CA 	500	 -12.347	 -12.929	  15.361
6980	 CA 	503	 -13.827	 -13.680	  10.802
21341	CLA 	735	 -23.211	   1.991	   4.281
21342	CLA 	736	 -24.362	  -3.182	 -15.043
21344	CLA 	736	  24.690	  22.225	 -44.783
