786	 CA 	110	 -48.386	   1.084	  33.063
806	 CA 	111	 -50.634	   3.833	  34.401
821	 CA 	112	 -52.852	   6.194	  32.406
894	 CA 	116	 -60.615	   5.270	  34.193
1467	 CA 	151	 -38.721	   2.119	  -3.225
1477	 CA 	152	 -41.496	   2.911	  -5.864
1497	 CA 	153	 -40.078	   6.385	  -6.368
2201	 CA 	197	 -32.098	   7.135	  -7.465
2279	 CA 	202	 -31.054	   3.815	   0.625
2324	 CA 	206	 -30.936	  -0.343	   3.239
2373	 CA 	209	 -22.812	   0.134	  -1.959
2380	 CA 	210	 -21.876	   3.592	  -2.926
5325	 CA 	395	 -24.660	 -18.985	  25.952
5344	 CA 	396	 -28.446	 -18.894	  25.220
5356	 CA 	397	 -29.373	 -15.535	  23.589
5367	 CA 	398	 -26.704	 -14.010	  21.264
6370	 CA 	462	 -18.236	 -12.546	   4.086
6406	 CA 	465	 -19.658	 -16.372	   6.396
6933	 CA 	500	 -14.448	 -12.473	  15.557
6980	 CA 	503	 -15.091	 -13.231	  10.417
21341	CLA 	735	 -22.537	   3.737	   4.128
21342	CLA 	736	 -25.024	  -1.459	 -15.539
21344	CLA 	736	  29.989	   3.833	 -12.199
