786	 CA 	110	 -46.066	   1.397	  36.430
806	 CA 	111	 -49.280	   3.050	  37.936
821	 CA 	112	 -51.218	   5.648	  35.911
894	 CA 	116	 -56.742	   2.807	  38.267
1467	 CA 	151	 -38.845	   3.221	  -3.153
1477	 CA 	152	 -41.722	   3.664	  -5.566
1497	 CA 	153	 -40.359	   7.040	  -6.535
2201	 CA 	197	 -32.336	   6.912	  -6.918
2279	 CA 	202	 -31.240	   3.261	   1.214
2324	 CA 	206	 -30.116	  -0.985	   4.888
2373	 CA 	209	 -22.866	  -0.394	  -0.730
2380	 CA 	210	 -22.409	   2.587	  -2.958
5325	 CA 	395	 -23.195	 -17.616	  23.730
5344	 CA 	396	 -22.217	 -15.235	  26.611
5356	 CA 	397	 -23.036	 -12.286	  24.361
5367	 CA 	398	 -20.990	 -10.636	  21.632
6370	 CA 	462	 -17.531	 -12.926	   5.021
6406	 CA 	465	 -19.385	 -16.973	   7.737
6933	 CA 	500	 -12.837	 -12.338	  15.453
6980	 CA 	503	 -14.149	 -13.176	  11.053
21341	CLA 	735	 -22.377	   3.351	   4.980
21342	CLA 	736	 -24.176	  -2.890	 -14.723
21344	CLA 	736	  26.090	  54.770	 -29.979
