786	 CA 	110	 -45.363	   0.361	  35.095
806	 CA 	111	 -47.439	   3.331	  36.281
821	 CA 	112	 -50.228	   4.888	  34.217
894	 CA 	116	 -57.361	   3.868	  36.996
1467	 CA 	151	 -38.389	   2.069	  -4.119
1477	 CA 	152	 -41.295	   2.832	  -6.590
1497	 CA 	153	 -40.019	   6.374	  -7.266
2201	 CA 	197	 -32.188	   6.736	  -7.580
2279	 CA 	202	 -31.146	   3.649	   0.524
2324	 CA 	206	 -30.855	  -0.536	   4.346
2373	 CA 	209	 -22.850	  -0.333	  -1.211
2380	 CA 	210	 -21.813	   2.861	  -2.724
5325	 CA 	395	 -25.536	 -16.268	  22.456
5344	 CA 	396	 -26.032	 -13.631	  25.310
5356	 CA 	397	 -25.475	 -10.877	  22.731
5367	 CA 	398	 -22.417	  -9.476	  20.837
6370	 CA 	462	 -18.047	 -12.802	   4.591
6406	 CA 	465	 -19.432	 -16.693	   7.268
6933	 CA 	500	 -13.736	 -11.980	  15.727
6980	 CA 	503	 -14.576	 -12.845	  10.887
21341	CLA 	735	 -23.221	   3.334	   4.064
21342	CLA 	736	 -24.512	  -3.097	 -14.845
21344	CLA 	736	  19.716	  27.178	 -40.795
