786	 CA 	110	 -44.228	  -2.273	  34.408
806	 CA 	111	 -45.852	   0.975	  35.721
821	 CA 	112	 -47.032	   4.006	  33.736
894	 CA 	116	 -53.977	   5.715	  35.960
1467	 CA 	151	 -38.318	   1.862	  -3.746
1477	 CA 	152	 -41.299	   2.059	  -6.159
1497	 CA 	153	 -40.286	   5.712	  -6.827
2201	 CA 	197	 -31.860	   6.694	  -7.219
2279	 CA 	202	 -31.076	   2.819	   0.344
2324	 CA 	206	 -30.759	  -1.208	   3.435
2373	 CA 	209	 -22.882	  -0.438	  -1.335
2380	 CA 	210	 -22.245	   2.910	  -2.941
5325	 CA 	395	 -24.996	 -18.222	  21.965
5344	 CA 	396	 -24.491	 -16.234	  25.276
5356	 CA 	397	 -24.729	 -12.993	  23.150
5367	 CA 	398	 -22.427	 -10.701	  21.208
6370	 CA 	462	 -18.022	 -13.280	   4.296
6406	 CA 	465	 -19.054	 -17.463	   6.576
6933	 CA 	500	 -14.401	 -13.474	  15.281
6980	 CA 	503	 -14.676	 -14.144	  10.717
21341	CLA 	735	 -22.804	   2.032	   5.252
21342	CLA 	736	 -24.373	  -2.957	 -14.535
21344	CLA 	736	  27.550	   6.466	 -37.771
