786	 CA 	110	 -46.787	  -1.891	  35.517
806	 CA 	111	 -48.552	   1.531	  35.583
821	 CA 	112	 -49.434	   4.341	  33.250
894	 CA 	116	 -56.321	   5.144	  35.552
1467	 CA 	151	 -38.545	   2.013	  -3.987
1477	 CA 	152	 -41.659	   2.365	  -6.380
1497	 CA 	153	 -40.468	   5.950	  -7.212
2201	 CA 	197	 -32.531	   6.701	  -7.752
2279	 CA 	202	 -31.754	   3.446	   0.196
2324	 CA 	206	 -30.502	  -1.645	   4.013
2373	 CA 	209	 -23.176	  -0.581	  -1.873
2380	 CA 	210	 -22.244	   2.965	  -3.002
5325	 CA 	395	 -26.293	 -17.687	  21.575
5344	 CA 	396	 -26.601	 -15.699	  24.891
5356	 CA 	397	 -26.717	 -12.268	  23.227
5367	 CA 	398	 -23.594	 -10.694	  21.505
6370	 CA 	462	 -17.671	 -12.819	   4.037
6406	 CA 	465	 -18.880	 -17.061	   6.153
6933	 CA 	500	 -13.556	 -12.334	  15.207
6980	 CA 	503	 -14.173	 -13.169	  10.591
21341	CLA 	735	 -23.697	   3.475	   3.444
21342	CLA 	736	 -24.677	  -3.220	 -14.512
21344	CLA 	736	  40.133	  -7.642	 -39.765
