786	 CA 	110	 -44.944	   3.277	  36.644
806	 CA 	111	 -48.640	   4.433	  36.695
821	 CA 	112	 -50.935	   6.616	  34.524
894	 CA 	116	 -57.449	   4.948	  36.901
1467	 CA 	151	 -38.243	   3.288	  -3.513
1477	 CA 	152	 -41.327	   3.844	  -5.794
1497	 CA 	153	 -39.895	   7.259	  -6.724
2201	 CA 	197	 -31.675	   7.417	  -7.335
2279	 CA 	202	 -31.113	   3.457	   0.521
2324	 CA 	206	 -30.683	  -0.917	   4.240
2373	 CA 	209	 -23.159	  -0.132	  -1.300
2380	 CA 	210	 -22.073	   3.028	  -3.207
5325	 CA 	395	 -25.123	 -16.748	  22.930
5344	 CA 	396	 -24.491	 -14.423	  25.951
5356	 CA 	397	 -24.977	 -11.267	  23.737
5367	 CA 	398	 -21.960	  -9.776	  21.727
6370	 CA 	462	 -17.931	 -12.708	   3.966
6406	 CA 	465	 -19.573	 -16.596	   6.787
6933	 CA 	500	 -13.378	 -12.191	  15.189
6980	 CA 	503	 -14.606	 -12.783	  10.562
21341	CLA 	735	 -22.878	   3.043	   4.576
21342	CLA 	736	 -24.464	  -2.883	 -14.632
21344	CLA 	736	  24.675	  39.179	 -38.723
