786	 CA 	110	 -47.493	  -3.084	  32.703
806	 CA 	111	 -49.954	  -0.437	  34.136
821	 CA 	112	 -51.188	   2.882	  32.747
894	 CA 	116	 -58.431	   2.974	  36.756
1467	 CA 	151	 -39.002	   2.533	  -4.043
1477	 CA 	152	 -41.948	   3.318	  -6.314
1497	 CA 	153	 -40.791	   6.873	  -7.164
2201	 CA 	197	 -32.218	   7.361	  -7.889
2279	 CA 	202	 -31.745	   3.559	  -0.407
2324	 CA 	206	 -31.271	  -1.413	   2.596
2373	 CA 	209	 -23.068	  -0.407	  -2.501
2380	 CA 	210	 -21.596	   3.115	  -2.770
5325	 CA 	395	 -26.197	 -17.008	  20.818
5344	 CA 	396	 -26.003	 -14.199	  23.345
5356	 CA 	397	 -26.140	 -11.607	  20.458
5367	 CA 	398	 -22.597	 -10.677	  19.042
6370	 CA 	462	 -17.787	 -12.699	   3.902
6406	 CA 	465	 -18.971	 -17.268	   5.742
6933	 CA 	500	 -14.244	 -12.804	  14.644
6980	 CA 	503	 -14.939	 -13.585	   9.989
21341	CLA 	735	 -23.161	   3.297	   2.842
21342	CLA 	736	 -24.658	  -2.563	 -14.701
21344	CLA 	736	  37.318	   7.006	 -13.913
