786	 CA 	110	 -48.797	   3.539	  35.158
806	 CA 	111	 -50.920	   6.255	  36.661
821	 CA 	112	 -53.536	   7.844	  34.408
894	 CA 	116	 -60.859	   3.807	  34.518
1467	 CA 	151	 -38.644	   1.819	  -2.527
1477	 CA 	152	 -41.846	   2.184	  -4.644
1497	 CA 	153	 -40.716	   5.748	  -5.494
2201	 CA 	197	 -32.169	   6.634	  -7.077
2279	 CA 	202	 -30.667	   3.234	   0.754
2324	 CA 	206	 -29.910	  -1.199	   3.901
2373	 CA 	209	 -22.601	   0.067	  -2.562
2380	 CA 	210	 -21.517	   3.729	  -2.575
5325	 CA 	395	 -20.770	 -19.194	  26.120
5344	 CA 	396	 -24.467	 -19.712	  25.560
5356	 CA 	397	 -25.728	 -16.904	  23.230
5367	 CA 	398	 -23.325	 -14.421	  21.686
6370	 CA 	462	 -17.005	 -12.153	   4.791
6406	 CA 	465	 -18.428	 -16.126	   7.351
6933	 CA 	500	 -12.426	 -11.262	  14.841
6980	 CA 	503	 -13.670	 -12.502	  10.555
21341	CLA 	735	 -19.482	   0.826	  -0.781
21342	CLA 	736	 -25.418	  -2.479	 -14.698
21344	CLA 	736	  29.322	   1.160	 -14.667
