786	 CA 	110	 -47.573	   3.881	  35.806
806	 CA 	111	 -50.834	   5.578	  36.840
821	 CA 	112	 -53.202	   7.787	  34.839
894	 CA 	116	 -58.863	   4.265	  37.577
1467	 CA 	151	 -38.917	   1.968	  -3.820
1477	 CA 	152	 -41.667	   2.524	  -6.582
1497	 CA 	153	 -40.331	   6.129	  -7.125
2201	 CA 	197	 -32.182	   6.549	  -7.418
2279	 CA 	202	 -31.700	   3.014	   0.468
2324	 CA 	206	 -30.768	  -1.457	   4.517
2373	 CA 	209	 -22.962	   0.132	  -1.430
2380	 CA 	210	 -22.029	   3.380	  -3.184
5325	 CA 	395	 -25.153	 -16.437	  22.932
5344	 CA 	396	 -25.008	 -14.259	  26.151
5356	 CA 	397	 -25.312	 -11.227	  23.886
5367	 CA 	398	 -22.269	 -10.125	  21.664
6370	 CA 	462	 -18.338	 -12.903	   4.662
6406	 CA 	465	 -19.805	 -16.470	   7.253
6933	 CA 	500	 -14.041	 -12.334	  15.727
6980	 CA 	503	 -14.838	 -12.802	  11.040
21341	CLA 	735	 -23.635	   3.208	   4.309
21342	CLA 	736	 -24.366	  -2.863	 -14.937
21344	CLA 	736	  29.377	  55.101	 -32.904
