786	 CA 	110	 -43.761	  -1.954	  35.347
806	 CA 	111	 -45.713	   1.237	  36.447
821	 CA 	112	 -47.605	   3.805	  34.307
894	 CA 	116	 -53.510	   3.501	  37.592
1467	 CA 	151	 -38.376	   2.687	  -3.552
1477	 CA 	152	 -41.388	   3.339	  -5.780
1497	 CA 	153	 -40.099	   6.885	  -6.528
2201	 CA 	197	 -32.094	   7.172	  -7.254
2279	 CA 	202	 -31.285	   3.629	   0.885
2324	 CA 	206	 -30.301	  -1.623	   3.884
2373	 CA 	209	 -22.724	  -0.533	  -2.207
2380	 CA 	210	 -21.727	   3.065	  -2.581
5325	 CA 	395	 -24.978	 -17.769	  22.077
5344	 CA 	396	 -25.045	 -15.478	  25.127
5356	 CA 	397	 -25.501	 -12.334	  22.853
5367	 CA 	398	 -22.366	 -10.892	  21.112
6370	 CA 	462	 -17.885	 -12.914	   3.864
6406	 CA 	465	 -19.417	 -17.125	   6.252
6933	 CA 	500	 -14.143	 -12.560	  15.059
6980	 CA 	503	 -14.635	 -13.430	  10.090
21341	CLA 	735	 -22.712	   3.069	   3.503
21342	CLA 	736	 -23.937	  -2.560	 -15.040
21344	CLA 	736	  33.826	   3.941	 -23.474
