786	 CA 	110	 -43.732	  -1.528	  34.189
806	 CA 	111	 -45.929	   0.848	  36.340
821	 CA 	112	 -47.922	   3.705	  34.851
894	 CA 	116	 -54.378	   3.427	  38.331
1467	 CA 	151	 -38.917	   0.943	  -3.862
1477	 CA 	152	 -41.675	   2.088	  -6.395
1497	 CA 	153	 -40.258	   5.520	  -6.835
2201	 CA 	197	 -32.003	   6.300	  -7.398
2279	 CA 	202	 -31.009	   2.730	   0.417
2324	 CA 	206	 -30.908	  -1.750	   4.129
2373	 CA 	209	 -22.781	  -0.628	  -1.414
2380	 CA 	210	 -21.913	   2.934	  -2.755
5325	 CA 	395	 -25.061	 -16.674	  23.053
5344	 CA 	396	 -24.385	 -14.097	  25.793
5356	 CA 	397	 -24.921	 -11.316	  23.233
5367	 CA 	398	 -22.026	  -9.869	  21.284
6370	 CA 	462	 -17.519	 -12.966	   4.622
6406	 CA 	465	 -18.653	 -17.437	   7.326
6933	 CA 	500	 -12.893	 -12.317	  15.489
6980	 CA 	503	 -14.092	 -13.568	  10.632
21341	CLA 	735	 -23.187	   2.652	   3.471
21342	CLA 	736	 -23.913	  -3.121	 -14.687
21344	CLA 	736	  21.809	  25.376	 -38.379
