786	 CA 	110	 -44.480	   1.284	  35.155
806	 CA 	111	 -46.073	   4.513	  36.747
821	 CA 	112	 -49.302	   5.551	  35.073
894	 CA 	116	 -56.942	   4.437	  38.043
1467	 CA 	151	 -38.431	   2.741	  -3.386
1477	 CA 	152	 -41.272	   3.461	  -5.896
1497	 CA 	153	 -39.851	   7.110	  -6.491
2201	 CA 	197	 -31.784	   6.767	  -7.012
2279	 CA 	202	 -30.785	   3.336	   0.644
2324	 CA 	206	 -30.914	  -1.204	   4.101
2373	 CA 	209	 -23.008	  -0.248	  -1.103
2380	 CA 	210	 -21.912	   2.888	  -2.744
5325	 CA 	395	 -25.580	 -16.095	  23.050
5344	 CA 	396	 -25.250	 -13.396	  25.773
5356	 CA 	397	 -24.944	 -10.602	  23.274
5367	 CA 	398	 -21.975	  -9.323	  21.321
6370	 CA 	462	 -18.121	 -12.985	   4.775
6406	 CA 	465	 -19.185	 -17.025	   7.408
6933	 CA 	500	 -13.315	 -12.214	  15.678
6980	 CA 	503	 -14.472	 -13.498	  11.025
21341	CLA 	735	 -23.481	   4.003	   3.924
21342	CLA 	736	 -24.351	  -3.178	 -14.689
21344	CLA 	736	  19.875	  28.657	 -39.805
