786	 CA 	110	 -45.943	  -3.026	  32.085
806	 CA 	111	 -48.314	  -0.420	  33.561
821	 CA 	112	 -50.314	   2.571	  32.311
894	 CA 	116	 -55.549	   1.190	  37.243
1467	 CA 	151	 -39.046	   1.471	  -4.441
1477	 CA 	152	 -41.711	   2.004	  -7.080
1497	 CA 	153	 -40.759	   5.772	  -7.471
2201	 CA 	197	 -31.813	   7.188	  -8.510
2279	 CA 	202	 -31.385	   3.552	  -0.809
2324	 CA 	206	 -31.244	  -1.474	   2.902
2373	 CA 	209	 -23.061	  -0.783	  -1.791
2380	 CA 	210	 -22.518	   2.830	  -3.072
5325	 CA 	395	 -24.894	 -18.786	  22.860
5344	 CA 	396	 -26.751	 -17.426	  26.002
5356	 CA 	397	 -26.108	 -13.992	  24.469
5367	 CA 	398	 -24.489	 -12.748	  21.201
6370	 CA 	462	 -17.854	 -13.274	   4.543
6406	 CA 	465	 -18.418	 -17.238	   6.659
6933	 CA 	500	 -13.705	 -11.827	  15.271
6980	 CA 	503	 -14.395	 -13.012	  10.571
21341	CLA 	735	 -22.232	   2.682	   1.865
21342	CLA 	736	 -24.812	  -3.003	 -14.588
21344	CLA 	736	  35.113	   6.035	 -11.871
