786	 CA 	110	 -47.411	  -3.420	  31.042
806	 CA 	111	 -50.008	  -1.111	  32.710
821	 CA 	112	 -51.982	   1.984	  31.564
894	 CA 	116	 -59.104	   3.016	  34.583
1467	 CA 	151	 -38.746	   1.608	  -5.077
1477	 CA 	152	 -41.681	   2.305	  -7.436
1497	 CA 	153	 -40.430	   5.944	  -7.408
2201	 CA 	197	 -32.159	   6.949	  -8.181
2279	 CA 	202	 -31.359	   3.224	  -0.591
2324	 CA 	206	 -31.807	  -1.902	   2.884
2373	 CA 	209	 -23.017	  -0.580	  -2.104
2380	 CA 	210	 -22.348	   3.076	  -3.147
5325	 CA 	395	 -26.353	 -17.854	  21.923
5344	 CA 	396	 -30.208	 -17.340	  22.244
5356	 CA 	397	 -29.280	 -14.011	  20.668
5367	 CA 	398	 -26.022	 -12.557	  19.439
6370	 CA 	462	 -18.305	 -12.781	   3.989
6406	 CA 	465	 -19.470	 -16.902	   5.740
6933	 CA 	500	 -14.894	 -12.708	  15.462
6980	 CA 	503	 -15.477	 -13.622	  10.517
21341	CLA 	735	 -22.050	   2.915	   1.910
21342	CLA 	736	 -24.500	  -3.039	 -14.862
21344	CLA 	736	  35.609	   5.955	 -10.079
