786	 CA 	110	 -44.620	  -2.471	  35.859
806	 CA 	111	 -46.934	   0.504	  35.921
821	 CA 	112	 -47.927	   3.481	  33.613
894	 CA 	116	 -54.715	   4.098	  37.507
1467	 CA 	151	 -38.996	   2.972	  -3.809
1477	 CA 	152	 -41.984	   3.706	  -6.155
1497	 CA 	153	 -40.526	   7.148	  -6.959
2201	 CA 	197	 -32.297	   7.634	  -7.910
2279	 CA 	202	 -31.547	   4.156	  -0.105
2324	 CA 	206	 -31.818	  -0.227	   3.264
2373	 CA 	209	 -23.432	  -0.024	  -2.154
2380	 CA 	210	 -21.612	   3.308	  -2.743
5325	 CA 	395	 -26.874	 -16.472	  21.895
5344	 CA 	396	 -26.254	 -13.741	  24.591
5356	 CA 	397	 -26.156	 -10.983	  21.937
5367	 CA 	398	 -23.148	  -9.665	  19.774
6370	 CA 	462	 -18.588	 -12.113	   4.644
6406	 CA 	465	 -19.383	 -16.324	   6.656
6933	 CA 	500	 -14.524	 -11.712	  15.373
6980	 CA 	503	 -15.136	 -13.047	  10.636
21341	CLA 	735	 -23.693	   3.100	   2.917
21342	CLA 	736	 -24.385	  -2.678	 -14.926
21344	CLA 	736	  33.944	   6.073	 -17.350
