786	 CA 	110	 -49.281	  -2.147	  32.936
806	 CA 	111	 -51.988	   0.298	  34.346
821	 CA 	112	 -53.516	   3.444	  32.720
894	 CA 	116	 -59.928	   3.983	  36.278
1467	 CA 	151	 -38.782	   2.403	  -4.257
1477	 CA 	152	 -41.660	   2.888	  -6.760
1497	 CA 	153	 -40.425	   6.311	  -7.679
2201	 CA 	197	 -32.446	   7.429	  -8.311
2279	 CA 	202	 -31.534	   3.542	  -0.573
2324	 CA 	206	 -32.009	  -0.928	   2.860
2373	 CA 	209	 -22.945	  -0.420	  -2.346
2380	 CA 	210	 -22.120	   3.253	  -3.205
5325	 CA 	395	 -26.264	 -17.392	  20.548
5344	 CA 	396	 -26.652	 -14.665	  23.384
5356	 CA 	397	 -25.909	 -11.876	  20.694
5367	 CA 	398	 -22.473	 -11.032	  19.278
6370	 CA 	462	 -17.782	 -12.855	   3.401
6406	 CA 	465	 -19.138	 -17.244	   5.657
6933	 CA 	500	 -14.426	 -12.711	  15.158
6980	 CA 	503	 -14.973	 -13.505	   9.975
21341	CLA 	735	 -23.681	   3.472	   4.016
21342	CLA 	736	 -24.730	  -2.821	 -14.976
21344	CLA 	736	  36.203	   5.198	 -13.423
