786	 CA 	110	 -47.612	  -2.768	  32.765
806	 CA 	111	 -49.676	   0.448	  33.509
821	 CA 	112	 -51.195	   3.489	  31.813
894	 CA 	116	 -55.923	   3.527	  36.268
1467	 CA 	151	 -38.892	   2.064	  -4.395
1477	 CA 	152	 -41.804	   2.947	  -6.726
1497	 CA 	153	 -40.235	   6.339	  -7.255
2201	 CA 	197	 -32.092	   7.060	  -8.069
2279	 CA 	202	 -31.180	   3.306	  -0.556
2324	 CA 	206	 -31.209	  -1.821	   2.652
2373	 CA 	209	 -22.880	  -0.250	  -2.050
2380	 CA 	210	 -21.632	   3.220	  -3.160
5325	 CA 	395	 -26.467	 -16.507	  20.547
5344	 CA 	396	 -26.237	 -14.132	  23.464
5356	 CA 	397	 -25.930	 -11.297	  20.733
5367	 CA 	398	 -22.632	  -9.999	  19.160
6370	 CA 	462	 -18.271	 -12.981	   3.376
6406	 CA 	465	 -19.438	 -17.344	   5.839
6933	 CA 	500	 -14.458	 -12.619	  14.644
6980	 CA 	503	 -15.345	 -13.458	   9.879
21341	CLA 	735	 -23.340	   3.356	   2.882
21342	CLA 	736	 -24.924	  -2.792	 -14.582
21344	CLA 	736	  33.679	   6.160	 -10.438
