786	 CA 	110	 -49.161	   0.622	  31.750
806	 CA 	111	 -51.381	   3.527	  32.953
821	 CA 	112	 -53.288	   6.201	  31.001
894	 CA 	116	 -61.506	   6.605	  32.428
1467	 CA 	151	 -39.192	   3.023	  -4.571
1477	 CA 	152	 -42.027	   3.962	  -7.199
1497	 CA 	153	 -40.453	   7.447	  -7.370
2201	 CA 	197	 -32.340	   7.978	  -8.204
2279	 CA 	202	 -31.690	   4.116	  -0.692
2324	 CA 	206	 -31.900	  -0.405	   2.486
2373	 CA 	209	 -23.254	  -0.188	  -1.783
2380	 CA 	210	 -22.025	   3.220	  -3.256
5325	 CA 	395	 -26.378	 -16.577	  23.186
5344	 CA 	396	 -30.246	 -16.281	  23.286
5356	 CA 	397	 -29.904	 -12.850	  21.682
5367	 CA 	398	 -26.952	 -10.930	  20.112
6370	 CA 	462	 -19.242	 -12.864	   4.023
6406	 CA 	465	 -20.878	 -16.734	   6.366
6933	 CA 	500	 -15.733	 -12.410	  14.773
6980	 CA 	503	 -15.985	 -13.518	  10.153
21341	CLA 	735	 -21.645	   2.215	   0.856
21342	CLA 	736	 -25.162	  -2.864	 -15.082
21344	CLA 	736	  35.316	   5.215	  -9.713
