786	 CA 	110	 -44.894	   2.630	  36.494
806	 CA 	111	 -47.707	   5.160	  36.457
821	 CA 	112	 -50.292	   6.353	  33.900
894	 CA 	116	 -56.578	   3.667	  37.686
1467	 CA 	151	 -38.712	   1.984	  -3.859
1477	 CA 	152	 -41.688	   2.388	  -6.189
1497	 CA 	153	 -40.493	   6.010	  -6.827
2201	 CA 	197	 -32.095	   6.524	  -7.576
2279	 CA 	202	 -30.883	   3.016	   0.699
2324	 CA 	206	 -30.811	  -1.456	   4.171
2373	 CA 	209	 -22.624	  -0.379	  -1.374
2380	 CA 	210	 -21.783	   2.881	  -3.081
5325	 CA 	395	 -24.935	 -16.139	  23.130
5344	 CA 	396	 -25.137	 -13.473	  25.827
5356	 CA 	397	 -25.130	 -10.752	  23.208
5367	 CA 	398	 -22.018	  -9.344	  21.486
6370	 CA 	462	 -17.390	 -12.449	   4.552
6406	 CA 	465	 -19.110	 -16.841	   7.264
6933	 CA 	500	 -13.691	 -11.712	  15.649
6980	 CA 	503	 -14.457	 -12.716	  10.856
21341	CLA 	735	 -22.753	   3.514	   4.539
21342	CLA 	736	 -24.051	  -2.954	 -14.192
21344	CLA 	736	  17.571	  36.195	 -37.449
