786	 CA 	110	 -48.787	  -0.834	  31.914
806	 CA 	111	 -51.046	   1.977	  33.253
821	 CA 	112	 -52.767	   5.155	  31.875
894	 CA 	116	 -60.919	   4.322	  33.355
1467	 CA 	151	 -38.844	   2.241	  -4.029
1477	 CA 	152	 -41.639	   3.313	  -6.532
1497	 CA 	153	 -40.312	   6.929	  -6.751
2201	 CA 	197	 -32.231	   7.660	  -7.953
2279	 CA 	202	 -31.095	   3.677	  -0.124
2324	 CA 	206	 -31.523	  -1.065	   3.093
2373	 CA 	209	 -23.194	  -0.266	  -2.005
2380	 CA 	210	 -22.233	   3.352	  -2.830
5325	 CA 	395	 -26.268	 -17.840	  23.198
5344	 CA 	396	 -30.226	 -17.276	  23.520
5356	 CA 	397	 -29.591	 -13.984	  21.699
5367	 CA 	398	 -26.636	 -11.994	  20.121
6370	 CA 	462	 -18.805	 -12.898	   3.696
6406	 CA 	465	 -20.583	 -16.782	   5.994
6933	 CA 	500	 -15.444	 -12.736	  15.361
6980	 CA 	503	 -16.118	 -13.346	  10.166
21341	CLA 	735	 -21.257	   2.412	   1.425
21342	CLA 	736	 -25.109	  -2.147	 -15.009
21344	CLA 	736	  34.835	   5.532	 -10.103
