786	 CA 	110	 -44.653	  -0.707	  34.777
806	 CA 	111	 -46.594	   2.342	  35.846
821	 CA 	112	 -48.142	   4.911	  33.426
894	 CA 	116	 -54.944	   5.641	  34.873
1467	 CA 	151	 -38.598	   3.031	  -3.714
1477	 CA 	152	 -41.460	   3.305	  -6.240
1497	 CA 	153	 -40.246	   6.849	  -7.139
2201	 CA 	197	 -32.377	   7.272	  -7.646
2279	 CA 	202	 -31.935	   3.460	  -0.218
2324	 CA 	206	 -31.261	  -1.896	   3.101
2373	 CA 	209	 -23.261	  -0.281	  -2.087
2380	 CA 	210	 -22.367	   3.263	  -2.818
5325	 CA 	395	 -25.715	 -17.726	  21.376
5344	 CA 	396	 -25.878	 -15.343	  24.538
5356	 CA 	397	 -26.155	 -12.458	  21.984
5367	 CA 	398	 -22.829	 -11.128	  20.690
6370	 CA 	462	 -18.157	 -12.840	   4.102
6406	 CA 	465	 -19.393	 -17.091	   6.288
6933	 CA 	500	 -14.531	 -12.591	  14.930
6980	 CA 	503	 -15.028	 -13.240	  10.199
21341	CLA 	735	 -24.017	   3.355	   2.863
21342	CLA 	736	 -24.288	  -2.851	 -15.039
21344	CLA 	736	  35.473	  -2.277	 -22.533
