786	 CA 	110	 -44.973	   0.881	  33.773
806	 CA 	111	 -46.992	   3.887	  34.590
821	 CA 	112	 -49.024	   6.343	  32.424
894	 CA 	116	 -54.430	   6.577	  37.084
1467	 CA 	151	 -38.514	   2.663	  -3.949
1477	 CA 	152	 -41.608	   3.447	  -6.106
1497	 CA 	153	 -40.186	   7.011	  -6.822
2201	 CA 	197	 -32.114	   7.259	  -7.895
2279	 CA 	202	 -31.172	   3.745	  -0.184
2324	 CA 	206	 -30.869	  -1.151	   3.252
2373	 CA 	209	 -22.836	  -0.288	  -1.704
2380	 CA 	210	 -21.978	   3.201	  -3.120
5325	 CA 	395	 -26.399	 -17.147	  22.198
5344	 CA 	396	 -28.130	 -15.487	  25.154
5356	 CA 	397	 -27.259	 -11.866	  24.344
5367	 CA 	398	 -24.561	 -10.552	  22.022
6370	 CA 	462	 -18.560	 -12.385	   4.090
6406	 CA 	465	 -19.468	 -16.785	   6.548
6933	 CA 	500	 -14.424	 -12.077	  15.447
6980	 CA 	503	 -15.065	 -13.147	  10.395
21341	CLA 	735	 -22.180	   3.161	   3.126
21342	CLA 	736	 -24.713	  -3.010	 -14.999
21344	CLA 	736	  32.520	   5.257	 -10.942
