786	 CA 	110	 -44.867	  -1.069	  34.323
806	 CA 	111	 -47.416	   1.609	  35.466
821	 CA 	112	 -49.298	   4.381	  33.656
894	 CA 	116	 -54.760	   3.330	  37.867
1467	 CA 	151	 -38.688	   2.466	  -3.482
1477	 CA 	152	 -41.566	   2.762	  -6.043
1497	 CA 	153	 -40.416	   6.406	  -6.794
2201	 CA 	197	 -31.985	   6.897	  -7.274
2279	 CA 	202	 -31.068	   3.449	   0.710
2324	 CA 	206	 -31.077	  -1.250	   3.749
2373	 CA 	209	 -22.895	  -0.592	  -1.510
2380	 CA 	210	 -21.877	   2.919	  -2.764
5325	 CA 	395	 -26.358	 -16.552	  23.089
5344	 CA 	396	 -26.132	 -14.186	  26.086
5356	 CA 	397	 -26.351	 -10.955	  24.139
5367	 CA 	398	 -23.397	  -9.439	  22.178
6370	 CA 	462	 -17.614	 -12.945	   4.669
6406	 CA 	465	 -18.868	 -16.877	   7.186
6933	 CA 	500	 -13.794	 -12.258	  15.759
6980	 CA 	503	 -14.403	 -13.021	  10.898
21341	CLA 	735	 -23.210	   3.830	   3.599
21342	CLA 	736	 -24.822	  -2.699	 -15.313
21344	CLA 	736	  32.540	   9.276	 -17.310
