786	 CA 	110	 -44.372	  -0.509	  35.206
806	 CA 	111	 -46.245	   2.923	  35.114
821	 CA 	112	 -47.842	   5.347	  32.785
894	 CA 	116	 -54.295	   5.351	  34.647
1467	 CA 	151	 -38.774	   2.357	  -4.109
1477	 CA 	152	 -41.823	   2.508	  -6.361
1497	 CA 	153	 -40.791	   5.938	  -7.500
2201	 CA 	197	 -32.507	   6.654	  -7.921
2279	 CA 	202	 -32.051	   3.134	  -0.128
2324	 CA 	206	 -31.405	  -2.069	   3.572
2373	 CA 	209	 -23.800	  -0.355	  -2.103
2380	 CA 	210	 -22.783	   3.026	  -3.412
5325	 CA 	395	 -26.151	 -17.158	  20.863
5344	 CA 	396	 -26.320	 -15.361	  24.210
5356	 CA 	397	 -26.907	 -12.115	  22.261
5367	 CA 	398	 -23.607	 -10.783	  20.922
6370	 CA 	462	 -18.009	 -12.660	   3.685
6406	 CA 	465	 -19.241	 -16.923	   6.033
6933	 CA 	500	 -14.461	 -12.867	  15.167
6980	 CA 	503	 -14.738	 -13.495	  10.224
21341	CLA 	735	 -23.905	   2.945	   2.999
21342	CLA 	736	 -23.947	  -3.319	 -14.629
21344	CLA 	736	  35.447	   0.469	 -24.233
