786	 CA 	110	 -46.551	  -1.808	  34.590
806	 CA 	111	 -49.019	   0.972	  35.638
821	 CA 	112	 -50.387	   3.947	  33.614
894	 CA 	116	 -56.731	   3.841	  36.260
1467	 CA 	151	 -38.854	   2.367	  -4.699
1477	 CA 	152	 -41.748	   2.975	  -7.247
1497	 CA 	153	 -40.344	   6.452	  -7.946
2201	 CA 	197	 -32.173	   6.689	  -8.185
2279	 CA 	202	 -31.860	   2.908	  -0.226
2324	 CA 	206	 -31.099	  -2.619	   2.299
2373	 CA 	209	 -23.048	  -0.538	  -1.874
2380	 CA 	210	 -21.939	   2.938	  -3.082
5325	 CA 	395	 -25.761	 -17.209	  21.434
5344	 CA 	396	 -26.052	 -14.863	  24.486
5356	 CA 	397	 -25.843	 -11.956	  22.057
5367	 CA 	398	 -22.361	 -10.747	  21.061
6370	 CA 	462	 -18.429	 -13.594	   3.708
6406	 CA 	465	 -19.758	 -17.720	   5.881
6933	 CA 	500	 -14.928	 -13.213	  14.870
6980	 CA 	503	 -15.218	 -13.999	   9.929
21341	CLA 	735	 -23.567	   3.102	   3.019
21342	CLA 	736	 -24.476	  -2.744	 -15.245
21344	CLA 	736	  33.042	   6.464	 -16.435
