786	 CA 	110	 -47.106	  -1.926	  32.215
806	 CA 	111	 -48.887	   1.211	  33.731
821	 CA 	112	 -51.158	   3.979	  32.112
894	 CA 	116	 -57.890	   3.724	  35.504
1467	 CA 	151	 -38.851	   2.246	  -3.739
1477	 CA 	152	 -41.697	   3.066	  -6.066
1497	 CA 	153	 -40.532	   6.705	  -6.501
2201	 CA 	197	 -31.886	   6.850	  -7.610
2279	 CA 	202	 -30.708	   3.533	   0.450
2324	 CA 	206	 -30.724	  -1.469	   3.486
2373	 CA 	209	 -22.737	   0.024	  -1.876
2380	 CA 	210	 -22.013	   3.608	  -3.161
5325	 CA 	395	 -24.354	 -18.423	  24.844
5344	 CA 	396	 -28.132	 -17.874	  24.788
5356	 CA 	397	 -27.944	 -14.330	  23.465
5367	 CA 	398	 -25.672	 -12.403	  21.122
6370	 CA 	462	 -18.105	 -12.208	   4.561
6406	 CA 	465	 -19.538	 -16.130	   6.496
6933	 CA 	500	 -14.285	 -12.110	  15.796
6980	 CA 	503	 -15.015	 -12.857	  10.863
21341	CLA 	735	 -21.376	   2.710	   2.872
21342	CLA 	736	 -24.431	  -2.661	 -15.187
21344	CLA 	736	  35.258	   3.326	 -11.223
