786	 CA 	110	 -47.549	  -0.826	  32.328
806	 CA 	111	 -49.314	   2.277	  33.843
821	 CA 	112	 -51.214	   5.031	  31.887
894	 CA 	116	 -58.366	   5.869	  34.087
1467	 CA 	151	 -38.813	   1.417	  -3.783
1477	 CA 	152	 -41.752	   2.129	  -6.146
1497	 CA 	153	 -40.548	   5.700	  -6.684
2201	 CA 	197	 -32.176	   6.877	  -7.968
2279	 CA 	202	 -30.485	   3.864	  -0.069
2324	 CA 	206	 -31.341	  -1.359	   3.650
2373	 CA 	209	 -22.545	  -0.070	  -1.561
2380	 CA 	210	 -22.025	   3.323	  -3.117
5325	 CA 	395	 -24.615	 -18.097	  23.986
5344	 CA 	396	 -27.926	 -16.501	  24.847
5356	 CA 	397	 -27.844	 -13.703	  22.342
5367	 CA 	398	 -25.164	 -11.973	  20.303
6370	 CA 	462	 -17.914	 -12.070	   4.741
6406	 CA 	465	 -19.266	 -15.990	   7.462
6933	 CA 	500	 -13.713	 -11.656	  15.605
6980	 CA 	503	 -14.309	 -12.457	  10.900
21341	CLA 	735	 -21.187	   3.874	   1.941
21342	CLA 	736	 -25.158	  -3.274	 -14.855
21344	CLA 	736	  32.619	   7.426	 -14.725
