786	 CA 	110	 -48.872	  -0.724	  31.420
806	 CA 	111	 -51.138	   2.288	  32.267
821	 CA 	112	 -51.987	   5.568	  30.444
894	 CA 	116	 -58.904	   5.134	  33.899
1467	 CA 	151	 -39.219	   3.374	  -5.342
1477	 CA 	152	 -42.083	   4.143	  -7.848
1497	 CA 	153	 -40.862	   7.594	  -8.262
2201	 CA 	197	 -32.125	   8.317	  -8.647
2279	 CA 	202	 -31.396	   4.736	  -0.835
2324	 CA 	206	 -31.369	  -0.151	   2.290
2373	 CA 	209	 -23.291	   0.273	  -2.590
2380	 CA 	210	 -22.014	   3.691	  -3.336
5325	 CA 	395	 -27.513	 -16.322	  23.543
5344	 CA 	396	 -31.158	 -15.565	  24.021
5356	 CA 	397	 -30.168	 -12.056	  22.602
5367	 CA 	398	 -26.819	 -10.673	  21.368
6370	 CA 	462	 -18.729	 -12.372	   4.090
6406	 CA 	465	 -20.195	 -16.006	   6.563
6933	 CA 	500	 -15.909	 -11.363	  15.210
6980	 CA 	503	 -16.133	 -12.695	  10.638
21341	CLA 	735	 -21.769	   3.215	   1.239
21342	CLA 	736	 -25.107	  -2.167	 -15.485
21344	CLA 	736	  33.171	   5.206	  -9.253
