786	 CA 	110	 -47.421	  -2.394	  32.044
806	 CA 	111	 -49.007	   1.005	  32.574
821	 CA 	112	 -50.868	   3.664	  30.695
894	 CA 	116	 -55.332	   2.955	  35.574
1467	 CA 	151	 -38.869	   2.476	  -4.396
1477	 CA 	152	 -41.816	   3.055	  -6.867
1497	 CA 	153	 -40.543	   6.678	  -7.391
2201	 CA 	197	 -32.463	   7.616	  -8.201
2279	 CA 	202	 -31.854	   3.678	  -0.579
2324	 CA 	206	 -30.698	  -1.629	   3.024
2373	 CA 	209	 -22.281	  -0.384	  -1.807
2380	 CA 	210	 -21.597	   3.138	  -3.045
5325	 CA 	395	 -25.659	 -17.860	  20.144
5344	 CA 	396	 -25.436	 -16.301	  23.677
5356	 CA 	397	 -25.319	 -12.779	  22.042
5367	 CA 	398	 -22.478	 -10.365	  21.365
6370	 CA 	462	 -18.100	 -12.790	   3.789
6406	 CA 	465	 -19.423	 -16.871	   5.899
6933	 CA 	500	 -14.398	 -12.711	  14.944
6980	 CA 	503	 -14.888	 -13.567	  10.354
21341	CLA 	735	 -22.179	   2.780	   3.623
21342	CLA 	736	 -25.066	  -2.813	 -15.257
21344	CLA 	736	  34.520	   4.867	  -9.427
