786	 CA 	110	 -49.346	  -0.515	  33.048
806	 CA 	111	 -52.050	   2.321	  33.005
821	 CA 	112	 -53.636	   4.728	  30.348
894	 CA 	116	 -59.170	   4.444	  34.253
1467	 CA 	151	 -38.813	   1.963	  -4.174
1477	 CA 	152	 -41.643	   2.586	  -6.531
1497	 CA 	153	 -40.122	   5.978	  -7.379
2201	 CA 	197	 -31.754	   7.059	  -7.715
2279	 CA 	202	 -31.073	   3.063	  -0.015
2324	 CA 	206	 -31.066	  -1.375	   3.148
2373	 CA 	209	 -22.498	  -0.141	  -1.870
2380	 CA 	210	 -21.391	   3.379	  -2.850
5325	 CA 	395	 -26.231	 -17.643	  20.399
5344	 CA 	396	 -26.525	 -15.491	  23.576
5356	 CA 	397	 -26.363	 -12.205	  21.515
5367	 CA 	398	 -23.081	 -10.612	  20.490
6370	 CA 	462	 -18.115	 -13.627	   4.081
6406	 CA 	465	 -19.579	 -17.376	   6.649
6933	 CA 	500	 -14.657	 -12.404	  15.162
6980	 CA 	503	 -15.058	 -13.350	  10.336
21341	CLA 	735	 -22.871	   3.343	   3.431
21342	CLA 	736	 -24.741	  -3.155	 -13.975
21344	CLA 	736	  33.966	   5.635	  -9.946
