786	 CA 	110	 -48.895	   3.184	  35.347
806	 CA 	111	 -50.492	   6.424	  36.255
821	 CA 	112	 -52.826	   7.571	  33.497
894	 CA 	116	 -60.159	   4.072	  33.777
1467	 CA 	151	 -38.922	   1.047	  -2.898
1477	 CA 	152	 -42.185	   1.499	  -4.734
1497	 CA 	153	 -41.250	   5.183	  -5.345
2201	 CA 	197	 -32.609	   6.317	  -6.736
2279	 CA 	202	 -31.285	   3.777	   1.528
2324	 CA 	206	 -30.727	  -1.076	   2.757
2373	 CA 	209	 -22.342	  -0.291	  -2.157
2380	 CA 	210	 -21.709	   3.373	  -2.678
5325	 CA 	395	 -21.937	 -20.880	  25.186
5344	 CA 	396	 -25.606	 -20.113	  25.008
5356	 CA 	397	 -26.262	 -16.960	  22.883
5367	 CA 	398	 -23.948	 -14.630	  20.736
6370	 CA 	462	 -17.622	 -12.513	   3.919
6406	 CA 	465	 -19.052	 -16.490	   6.278
6933	 CA 	500	 -12.629	 -13.404	  15.241
6980	 CA 	503	 -13.370	 -14.259	  10.606
21341	CLA 	735	 -21.606	   3.557	   2.534
21342	CLA 	736	 -25.361	  -1.902	 -14.623
21344	CLA 	736	  29.579	   2.517	 -15.367
