786	 CA 	110	 -49.631	   1.462	  32.657
806	 CA 	111	 -52.012	   4.360	  33.147
821	 CA 	112	 -53.715	   6.376	  30.279
894	 CA 	116	 -60.701	   5.221	  32.472
1467	 CA 	151	 -38.689	   1.228	  -3.795
1477	 CA 	152	 -41.819	   1.804	  -5.866
1497	 CA 	153	 -40.711	   5.341	  -6.758
2201	 CA 	197	 -32.293	   6.340	  -7.521
2279	 CA 	202	 -30.905	   3.293	   0.469
2324	 CA 	206	 -30.908	  -1.847	   3.603
2373	 CA 	209	 -22.762	  -0.542	  -1.986
2380	 CA 	210	 -21.847	   3.015	  -3.188
5325	 CA 	395	 -23.316	 -18.849	  25.232
5344	 CA 	396	 -26.907	 -18.584	  24.464
5356	 CA 	397	 -27.769	 -15.418	  22.548
5367	 CA 	398	 -24.898	 -14.076	  20.326
6370	 CA 	462	 -17.581	 -12.629	   4.489
6406	 CA 	465	 -19.055	 -16.546	   6.932
6933	 CA 	500	 -13.266	 -11.743	  15.470
6980	 CA 	503	 -14.065	 -13.343	  10.882
21341	CLA 	735	 -21.007	   3.392	   1.785
21342	CLA 	736	 -24.225	  -1.730	 -15.199
21344	CLA 	736	  29.988	   2.856	 -14.310
