786	 CA 	110	 -45.924	  -2.633	  35.741
806	 CA 	111	 -47.904	   0.521	  36.056
821	 CA 	112	 -49.161	   2.871	  33.432
894	 CA 	116	 -55.717	   4.816	  35.832
1467	 CA 	151	 -38.225	   2.386	  -3.571
1477	 CA 	152	 -41.093	   2.664	  -6.002
1497	 CA 	153	 -40.118	   6.306	  -6.750
2201	 CA 	197	 -32.152	   6.765	  -7.149
2279	 CA 	202	 -31.152	   3.389	   0.853
2324	 CA 	206	 -30.480	  -1.794	   4.006
2373	 CA 	209	 -22.796	  -0.827	  -1.695
2380	 CA 	210	 -22.410	   2.844	  -2.936
5325	 CA 	395	 -25.686	 -18.498	  21.527
5344	 CA 	396	 -26.260	 -16.485	  24.671
5356	 CA 	397	 -25.993	 -13.302	  22.690
5367	 CA 	398	 -22.811	 -11.659	  21.346
6370	 CA 	462	 -17.487	 -12.956	   3.856
6406	 CA 	465	 -18.634	 -16.955	   6.086
6933	 CA 	500	 -13.283	 -12.800	  15.052
6980	 CA 	503	 -13.936	 -13.578	  10.280
21341	CLA 	735	 -23.282	   2.906	   4.151
21342	CLA 	736	 -24.348	  -3.155	 -14.343
21344	CLA 	736	  40.936	  -6.779	 -42.538
