786	 CA 	110	 -44.075	  -2.947	  34.800
806	 CA 	111	 -47.301	  -0.892	  35.552
821	 CA 	112	 -49.152	   1.983	  33.750
894	 CA 	116	 -55.377	   1.533	  36.181
1467	 CA 	151	 -38.828	   1.729	  -4.132
1477	 CA 	152	 -41.704	   1.937	  -6.529
1497	 CA 	153	 -40.712	   5.563	  -7.538
2201	 CA 	197	 -32.696	   6.123	  -8.220
2279	 CA 	202	 -31.923	   2.401	  -0.376
2324	 CA 	206	 -30.713	  -2.583	   2.531
2373	 CA 	209	 -22.916	  -0.474	  -2.224
2380	 CA 	210	 -21.354	   2.870	  -2.961
5325	 CA 	395	 -24.770	 -18.473	  21.962
5344	 CA 	396	 -25.259	 -15.734	  24.629
5356	 CA 	397	 -24.739	 -12.795	  22.330
5367	 CA 	398	 -21.461	 -11.874	  20.566
6370	 CA 	462	 -17.278	 -13.164	   4.122
6406	 CA 	465	 -18.763	 -17.441	   6.154
6933	 CA 	500	 -14.261	 -12.612	  15.534
6980	 CA 	503	 -14.602	 -13.708	  10.494
21341	CLA 	735	 -23.289	   2.655	   3.266
21342	CLA 	736	 -24.704	  -3.412	 -14.397
21344	CLA 	736	  34.631	   9.315	 -21.699
