786	 CA 	110	 -43.717	   3.654	  37.162
806	 CA 	111	 -46.916	   5.196	  38.554
821	 CA 	112	 -49.982	   6.266	  36.689
894	 CA 	116	 -54.941	   3.608	  40.349
1467	 CA 	151	 -38.263	   3.268	  -2.550
1477	 CA 	152	 -41.195	   3.917	  -4.986
1497	 CA 	153	 -39.986	   7.487	  -5.602
2201	 CA 	197	 -31.900	   7.337	  -6.620
2279	 CA 	202	 -30.562	   3.731	   1.659
2324	 CA 	206	 -30.583	  -0.808	   5.187
2373	 CA 	209	 -22.792	  -0.067	  -0.979
2380	 CA 	210	 -22.285	   3.062	  -2.920
5325	 CA 	395	 -23.029	 -17.216	  23.502
5344	 CA 	396	 -22.410	 -15.279	  26.757
5356	 CA 	397	 -23.100	 -12.003	  24.699
5367	 CA 	398	 -20.914	  -9.745	  22.547
6370	 CA 	462	 -17.346	 -12.469	   4.811
6406	 CA 	465	 -18.726	 -16.475	   7.522
6933	 CA 	500	 -13.105	 -12.044	  15.917
6980	 CA 	503	 -13.887	 -12.460	  11.143
21341	CLA 	735	 -22.926	   3.197	   4.555
21342	CLA 	736	 -24.357	  -2.783	 -14.814
21344	CLA 	736	  21.847	  65.431	 -35.454
