786	 CA 	110	 -47.647	  -1.626	  31.656
806	 CA 	111	 -49.742	   1.245	  33.116
821	 CA 	112	 -52.075	   4.089	  32.007
894	 CA 	116	 -58.761	   3.274	  34.994
1467	 CA 	151	 -39.127	   1.914	  -4.814
1477	 CA 	152	 -42.162	   3.098	  -6.890
1497	 CA 	153	 -40.615	   6.572	  -7.249
2201	 CA 	197	 -32.375	   7.457	  -8.317
2279	 CA 	202	 -31.156	   3.906	  -0.435
2324	 CA 	206	 -31.682	  -1.177	   3.276
2373	 CA 	209	 -23.313	  -0.147	  -1.824
2380	 CA 	210	 -22.178	   3.097	  -3.400
5325	 CA 	395	 -26.569	 -17.346	  22.551
5344	 CA 	396	 -30.376	 -16.877	  22.462
5356	 CA 	397	 -29.298	 -13.422	  21.080
5367	 CA 	398	 -26.062	 -11.942	  19.918
6370	 CA 	462	 -18.592	 -12.849	   4.109
6406	 CA 	465	 -20.021	 -17.183	   6.201
6933	 CA 	500	 -14.701	 -12.503	  15.583
6980	 CA 	503	 -15.448	 -13.358	  10.517
21341	CLA 	735	 -21.437	   3.531	   1.621
21342	CLA 	736	 -25.211	  -2.354	 -15.049
21344	CLA 	736	  34.950	   4.929	  -9.248
