786	 CA 	110	 -49.271	  -3.439	  32.156
806	 CA 	111	 -51.728	  -0.779	  33.384
821	 CA 	112	 -52.639	   2.857	  32.535
894	 CA 	116	 -59.579	   3.136	  35.884
1467	 CA 	151	 -38.872	   2.742	  -4.682
1477	 CA 	152	 -41.983	   2.941	  -6.990
1497	 CA 	153	 -40.917	   6.468	  -7.854
2201	 CA 	197	 -32.467	   7.352	  -8.433
2279	 CA 	202	 -31.768	   3.486	  -0.440
2324	 CA 	206	 -31.786	  -1.316	   3.395
2373	 CA 	209	 -23.528	  -0.060	  -1.882
2380	 CA 	210	 -22.527	   3.418	  -3.044
5325	 CA 	395	 -26.308	 -17.446	  20.385
5344	 CA 	396	 -26.774	 -14.749	  22.985
5356	 CA 	397	 -26.575	 -11.997	  20.332
5367	 CA 	398	 -23.020	 -10.952	  19.186
6370	 CA 	462	 -18.409	 -12.972	   3.515
6406	 CA 	465	 -19.549	 -17.246	   5.832
6933	 CA 	500	 -15.125	 -12.933	  15.000
6980	 CA 	503	 -14.960	 -13.407	  10.046
21341	CLA 	735	 -22.588	   4.119	   4.645
21342	CLA 	736	 -25.053	  -2.743	 -14.949
21344	CLA 	736	  34.744	   6.200	 -13.821
