786	 CA 	110	 -48.635	   4.326	  34.483
806	 CA 	111	 -51.219	   6.833	  35.935
821	 CA 	112	 -54.111	   8.098	  33.857
894	 CA 	116	 -60.917	   3.790	  34.344
1467	 CA 	151	 -38.695	   1.578	  -2.601
1477	 CA 	152	 -41.916	   2.321	  -4.540
1497	 CA 	153	 -40.750	   5.766	  -5.409
2201	 CA 	197	 -32.197	   6.455	  -7.058
2279	 CA 	202	 -30.500	   3.930	   1.127
2324	 CA 	206	 -29.798	  -0.965	   3.607
2373	 CA 	209	 -22.560	  -0.107	  -2.161
2380	 CA 	210	 -21.110	   3.556	  -2.564
5325	 CA 	395	 -20.802	 -19.203	  26.138
5344	 CA 	396	 -24.382	 -19.864	  25.220
5356	 CA 	397	 -25.323	 -16.739	  23.118
5367	 CA 	398	 -22.727	 -14.517	  21.349
6370	 CA 	462	 -17.607	 -12.273	   4.895
6406	 CA 	465	 -19.022	 -16.262	   7.239
6933	 CA 	500	 -12.965	 -11.402	  15.140
6980	 CA 	503	 -13.727	 -12.864	  10.836
21341	CLA 	735	 -19.297	   0.131	  -0.898
21342	CLA 	736	 -25.081	  -1.806	 -14.997
21344	CLA 	736	  29.292	   2.272	 -15.282
