786	 CA 	110	 -44.897	  -5.446	  33.067
806	 CA 	111	 -46.328	  -2.836	  35.342
821	 CA 	112	 -48.106	   0.522	  34.019
894	 CA 	116	 -54.998	   0.574	  37.483
1467	 CA 	151	 -38.785	   2.301	  -4.568
1477	 CA 	152	 -41.700	   3.176	  -6.890
1497	 CA 	153	 -40.264	   6.622	  -7.401
2201	 CA 	197	 -32.118	   7.285	  -8.460
2279	 CA 	202	 -31.614	   3.618	  -0.802
2324	 CA 	206	 -31.325	  -0.935	   2.293
2373	 CA 	209	 -22.341	  -0.472	  -2.719
2380	 CA 	210	 -21.419	   3.180	  -3.271
5325	 CA 	395	 -26.955	 -18.137	  20.719
5344	 CA 	396	 -27.617	 -15.801	  23.710
5356	 CA 	397	 -27.506	 -12.714	  21.473
5367	 CA 	398	 -24.313	 -11.334	  19.778
6370	 CA 	462	 -18.072	 -13.410	   3.378
6406	 CA 	465	 -19.427	 -17.637	   5.717
6933	 CA 	500	 -15.381	 -12.983	  14.845
6980	 CA 	503	 -15.660	 -13.323	  10.102
21341	CLA 	735	 -23.640	   2.323	   2.480
21342	CLA 	736	 -24.264	  -2.781	 -14.627
21344	CLA 	736	  36.173	   7.077	 -13.271
