786	 CA 	110	 -48.402	  -2.369	  31.866
806	 CA 	111	 -50.826	   0.272	  33.060
821	 CA 	112	 -52.445	   3.285	  31.499
894	 CA 	116	 -59.596	   4.708	  35.172
1467	 CA 	151	 -39.048	   2.234	  -4.038
1477	 CA 	152	 -41.808	   2.984	  -6.620
1497	 CA 	153	 -40.238	   6.431	  -7.267
2201	 CA 	197	 -31.897	   7.085	  -8.238
2279	 CA 	202	 -30.735	   3.110	  -0.559
2324	 CA 	206	 -30.654	  -1.516	   3.341
2373	 CA 	209	 -22.581	  -0.706	  -2.345
2380	 CA 	210	 -22.354	   2.869	  -3.475
5325	 CA 	395	 -27.327	 -16.788	  20.352
5344	 CA 	396	 -27.452	 -14.021	  23.030
5356	 CA 	397	 -26.508	 -11.333	  20.421
5367	 CA 	398	 -23.001	 -10.332	  19.352
6370	 CA 	462	 -17.944	 -13.177	   4.029
6406	 CA 	465	 -19.574	 -17.291	   6.141
6933	 CA 	500	 -14.858	 -12.493	  15.175
6980	 CA 	503	 -15.335	 -13.590	  10.344
21341	CLA 	735	 -22.670	   3.836	   4.147
21342	CLA 	736	 -24.928	  -3.265	 -15.143
21344	CLA 	736	  35.105	   4.714	 -12.994
