786	 CA 	110	 -47.689	  -2.545	  32.365
806	 CA 	111	 -49.768	   0.484	  32.985
821	 CA 	112	 -51.951	   3.016	  31.170
894	 CA 	116	 -56.341	   1.895	  35.592
1467	 CA 	151	 -38.763	   1.427	  -4.547
1477	 CA 	152	 -41.721	   1.965	  -6.824
1497	 CA 	153	 -40.479	   5.528	  -7.499
2201	 CA 	197	 -32.349	   6.870	  -8.304
2279	 CA 	202	 -31.263	   2.778	  -0.811
2324	 CA 	206	 -30.797	  -2.270	   3.068
2373	 CA 	209	 -23.050	  -0.684	  -2.424
2380	 CA 	210	 -22.308	   2.855	  -3.358
5325	 CA 	395	 -25.608	 -18.216	  20.488
5344	 CA 	396	 -25.888	 -16.867	  24.061
5356	 CA 	397	 -25.795	 -13.209	  22.738
5367	 CA 	398	 -22.748	 -10.879	  22.415
6370	 CA 	462	 -18.078	 -13.353	   3.534
6406	 CA 	465	 -19.377	 -17.483	   5.787
6933	 CA 	500	 -13.672	 -12.761	  14.674
6980	 CA 	503	 -14.931	 -13.813	   9.790
21341	CLA 	735	 -22.521	   2.270	   3.914
21342	CLA 	736	 -24.480	  -2.557	 -14.920
21344	CLA 	736	  34.066	   6.337	 -10.944
