786	 CA 	110	 -47.534	  -1.627	  32.285
806	 CA 	111	 -49.760	   1.100	  33.794
821	 CA 	112	 -52.074	   3.983	  32.483
894	 CA 	116	 -58.865	   3.427	  35.628
1467	 CA 	151	 -38.822	   2.245	  -4.493
1477	 CA 	152	 -41.867	   3.000	  -6.703
1497	 CA 	153	 -40.647	   6.620	  -7.221
2201	 CA 	197	 -31.788	   7.411	  -8.127
2279	 CA 	202	 -30.855	   4.164	  -0.320
2324	 CA 	206	 -30.992	  -0.674	   3.086
2373	 CA 	209	 -22.288	  -0.453	  -1.960
2380	 CA 	210	 -21.695	   3.144	  -3.157
5325	 CA 	395	 -23.588	 -18.889	  25.566
5344	 CA 	396	 -27.257	 -18.521	  24.614
5356	 CA 	397	 -28.535	 -15.393	  22.917
5367	 CA 	398	 -26.051	 -13.386	  20.832
6370	 CA 	462	 -18.251	 -12.417	   4.157
6406	 CA 	465	 -19.729	 -16.522	   6.592
6933	 CA 	500	 -15.017	 -11.564	  15.652
6980	 CA 	503	 -15.569	 -12.757	  10.743
21341	CLA 	735	 -22.760	   3.225	   2.995
21342	CLA 	736	 -24.911	  -1.589	 -15.839
21344	CLA 	736	  32.212	   5.352	 -11.091
