786	 CA 	110	 -43.759	  -3.343	  34.545
806	 CA 	111	 -46.735	  -1.150	  35.671
821	 CA 	112	 -48.987	   1.371	  33.901
894	 CA 	116	 -54.591	   0.989	  37.383
1467	 CA 	151	 -38.621	   1.831	  -3.972
1477	 CA 	152	 -41.623	   1.978	  -6.511
1497	 CA 	153	 -40.489	   5.575	  -7.210
2201	 CA 	197	 -32.005	   6.412	  -7.660
2279	 CA 	202	 -31.528	   2.529	  -0.222
2324	 CA 	206	 -30.447	  -2.622	   2.933
2373	 CA 	209	 -22.540	  -0.984	  -2.415
2380	 CA 	210	 -21.488	   2.733	  -2.772
5325	 CA 	395	 -24.472	 -18.261	  21.674
5344	 CA 	396	 -24.692	 -15.949	  24.734
5356	 CA 	397	 -24.086	 -12.725	  22.771
5367	 CA 	398	 -20.860	 -11.864	  20.912
6370	 CA 	462	 -17.795	 -13.160	   3.816
6406	 CA 	465	 -19.057	 -17.379	   6.078
6933	 CA 	500	 -13.545	 -12.734	  15.097
6980	 CA 	503	 -14.493	 -14.065	   9.787
21341	CLA 	735	 -22.994	   2.110	   3.280
21342	CLA 	736	 -24.786	  -3.090	 -14.915
21344	CLA 	736	  35.036	   9.544	 -23.629
