786	 CA 	110	 -45.070	  -1.881	  34.719
806	 CA 	111	 -47.306	   1.216	  35.550
821	 CA 	112	 -48.329	   4.203	  33.365
894	 CA 	116	 -55.349	   5.510	  35.734
1467	 CA 	151	 -38.744	   1.705	  -4.349
1477	 CA 	152	 -41.719	   1.933	  -6.798
1497	 CA 	153	 -40.451	   5.514	  -7.684
2201	 CA 	197	 -32.489	   6.222	  -7.687
2279	 CA 	202	 -31.424	   2.755	   0.208
2324	 CA 	206	 -30.689	  -2.691	   3.457
2373	 CA 	209	 -22.634	  -0.597	  -1.580
2380	 CA 	210	 -21.572	   2.922	  -2.852
5325	 CA 	395	 -25.063	 -19.431	  21.200
5344	 CA 	396	 -24.897	 -17.488	  24.486
5356	 CA 	397	 -25.217	 -14.110	  22.609
5367	 CA 	398	 -22.260	 -12.213	  21.145
6370	 CA 	462	 -17.412	 -13.636	   3.356
6406	 CA 	465	 -18.570	 -17.975	   5.485
6933	 CA 	500	 -13.824	 -13.317	  14.544
6980	 CA 	503	 -14.506	 -14.260	   9.726
21341	CLA 	735	 -23.454	   2.831	   3.420
21342	CLA 	736	 -24.583	  -2.700	 -14.944
21344	CLA 	736	  37.665	  -4.402	 -28.278
