786	 CA 	110	 -48.479	  -1.009	  31.954
806	 CA 	111	 -50.769	   1.842	  32.808
821	 CA 	112	 -53.233	   3.693	  30.341
894	 CA 	116	 -60.545	   2.871	  33.337
1467	 CA 	151	 -38.421	   2.268	  -4.776
1477	 CA 	152	 -41.288	   2.951	  -7.111
1497	 CA 	153	 -40.160	   6.688	  -7.523
2201	 CA 	197	 -32.213	   7.207	  -8.091
2279	 CA 	202	 -30.869	   3.780	   0.001
2324	 CA 	206	 -31.069	  -0.803	   2.963
2373	 CA 	209	 -23.014	  -0.495	  -2.451
2380	 CA 	210	 -21.843	   3.124	  -3.350
5325	 CA 	395	 -25.514	 -17.736	  24.070
5344	 CA 	396	 -29.420	 -17.607	  24.276
5356	 CA 	397	 -29.187	 -14.250	  22.324
5367	 CA 	398	 -26.332	 -12.001	  20.706
6370	 CA 	462	 -18.243	 -12.472	   4.477
6406	 CA 	465	 -19.554	 -16.539	   6.535
6933	 CA 	500	 -14.762	 -11.494	  15.726
6980	 CA 	503	 -15.435	 -12.553	  10.759
21341	CLA 	735	 -21.745	   2.638	   1.538
21342	CLA 	736	 -25.051	  -2.197	 -15.781
21344	CLA 	736	  33.048	   4.415	 -12.808
