786	 CA 	110	 -46.252	  -2.672	  31.597
806	 CA 	111	 -48.797	  -0.217	  32.851
821	 CA 	112	 -50.889	   2.773	  31.513
894	 CA 	116	 -55.937	   1.738	  36.987
1467	 CA 	151	 -39.206	   2.044	  -4.490
1477	 CA 	152	 -42.125	   2.676	  -6.935
1497	 CA 	153	 -40.627	   6.252	  -7.507
2201	 CA 	197	 -32.448	   7.065	  -8.450
2279	 CA 	202	 -31.528	   3.086	  -0.777
2324	 CA 	206	 -31.214	  -1.878	   2.576
2373	 CA 	209	 -23.124	  -0.698	  -2.383
2380	 CA 	210	 -22.305	   2.842	  -3.258
5325	 CA 	395	 -26.155	 -18.298	  22.174
5344	 CA 	396	 -28.229	 -16.363	  24.822
5356	 CA 	397	 -27.348	 -13.050	  23.168
5367	 CA 	398	 -24.720	 -11.882	  20.735
6370	 CA 	462	 -18.113	 -13.124	   3.473
6406	 CA 	465	 -19.411	 -17.223	   5.985
6933	 CA 	500	 -14.285	 -12.648	  15.129
6980	 CA 	503	 -15.329	 -13.491	  10.070
21341	CLA 	735	 -21.575	   2.586	   1.800
21342	CLA 	736	 -25.029	  -2.935	 -14.600
21344	CLA 	736	  34.640	   5.440	 -11.155
