786	 CA 	110	 -48.208	  -1.260	  30.818
806	 CA 	111	 -50.611	   1.506	  32.353
821	 CA 	112	 -52.737	   4.367	  30.844
894	 CA 	116	 -59.773	   4.151	  33.633
1467	 CA 	151	 -38.469	   1.957	  -4.426
1477	 CA 	152	 -41.462	   2.904	  -6.604
1497	 CA 	153	 -40.174	   6.431	  -7.097
2201	 CA 	197	 -31.405	   7.474	  -7.999
2279	 CA 	202	 -30.578	   4.052	  -0.142
2324	 CA 	206	 -30.993	  -1.202	   3.020
2373	 CA 	209	 -22.410	  -0.178	  -1.440
2380	 CA 	210	 -21.649	   3.189	  -2.852
5325	 CA 	395	 -25.201	 -17.091	  23.739
5344	 CA 	396	 -28.968	 -16.956	  24.459
5356	 CA 	397	 -29.627	 -13.380	  22.985
5367	 CA 	398	 -27.664	 -11.068	  20.751
6370	 CA 	462	 -18.305	 -12.419	   4.454
6406	 CA 	465	 -19.959	 -16.335	   6.635
6933	 CA 	500	 -14.165	 -11.554	  15.555
6980	 CA 	503	 -15.343	 -12.530	  10.890
21341	CLA 	735	 -21.008	   3.220	   2.208
21342	CLA 	736	 -24.870	  -2.358	 -14.929
21344	CLA 	736	  32.665	   4.869	 -13.203
