786	 CA 	110	 -45.298	  -0.789	  35.515
806	 CA 	111	 -47.415	   2.469	  35.739
821	 CA 	112	 -49.299	   4.667	  33.109
894	 CA 	116	 -55.284	   5.932	  35.888
1467	 CA 	151	 -38.892	   3.148	  -4.018
1477	 CA 	152	 -41.837	   3.824	  -6.493
1497	 CA 	153	 -40.591	   7.486	  -7.186
2201	 CA 	197	 -32.160	   7.505	  -7.580
2279	 CA 	202	 -31.426	   3.675	   0.008
2324	 CA 	206	 -30.843	  -1.404	   3.288
2373	 CA 	209	 -23.023	  -0.358	  -1.990
2380	 CA 	210	 -21.885	   3.121	  -2.636
5325	 CA 	395	 -26.764	 -17.139	  21.716
5344	 CA 	396	 -25.977	 -15.254	  25.043
5356	 CA 	397	 -26.696	 -11.840	  23.199
5367	 CA 	398	 -23.619	 -10.295	  21.691
6370	 CA 	462	 -18.233	 -12.821	   4.301
6406	 CA 	465	 -19.952	 -16.927	   6.415
6933	 CA 	500	 -14.814	 -12.569	  15.137
6980	 CA 	503	 -15.466	 -13.096	  10.202
21341	CLA 	735	 -23.409	   3.223	   3.596
21342	CLA 	736	 -24.264	  -2.701	 -15.111
21344	CLA 	736	  35.414	   1.532	 -20.917
