786	 CA 	110	 -48.804	   0.941	  33.086
806	 CA 	111	 -50.858	   4.105	  34.008
821	 CA 	112	 -52.492	   6.685	  31.641
894	 CA 	116	 -60.099	   5.075	  33.567
1467	 CA 	151	 -38.224	   2.490	  -3.699
1477	 CA 	152	 -41.179	   3.141	  -6.126
1497	 CA 	153	 -40.059	   6.779	  -6.565
2201	 CA 	197	 -31.434	   7.616	  -7.809
2279	 CA 	202	 -30.199	   4.085	  -0.157
2324	 CA 	206	 -31.041	  -1.361	   3.075
2373	 CA 	209	 -22.732	  -0.705	  -1.959
2380	 CA 	210	 -21.821	   2.807	  -3.086
5325	 CA 	395	 -23.340	 -18.963	  25.902
5344	 CA 	396	 -26.863	 -17.782	  25.238
5356	 CA 	397	 -27.508	 -15.166	  22.462
5367	 CA 	398	 -24.295	 -13.885	  20.717
6370	 CA 	462	 -17.344	 -11.951	   4.334
6406	 CA 	465	 -19.442	 -16.043	   6.595
6933	 CA 	500	 -13.552	 -12.476	  15.205
6980	 CA 	503	 -13.958	 -13.089	  10.741
21341	CLA 	735	 -21.059	   3.099	   2.074
21342	CLA 	736	 -24.552	  -1.355	 -15.327
21344	CLA 	736	  30.186	   2.783	 -15.280
