786	 CA 	110	 -48.022	  -1.490	  33.663
806	 CA 	111	 -50.508	   1.218	  34.670
821	 CA 	112	 -52.272	   4.132	  32.942
894	 CA 	116	 -59.326	   5.586	  36.409
1467	 CA 	151	 -38.367	   2.050	  -3.856
1477	 CA 	152	 -41.343	   2.678	  -6.172
1497	 CA 	153	 -40.178	   6.224	  -6.953
2201	 CA 	197	 -31.923	   7.547	  -8.002
2279	 CA 	202	 -31.131	   3.690	  -0.225
2324	 CA 	206	 -30.997	  -1.132	   3.429
2373	 CA 	209	 -22.858	  -0.388	  -1.908
2380	 CA 	210	 -21.871	   2.951	  -3.337
5325	 CA 	395	 -26.690	 -16.836	  20.174
5344	 CA 	396	 -26.636	 -14.448	  23.124
5356	 CA 	397	 -25.667	 -11.635	  20.637
5367	 CA 	398	 -22.291	 -10.448	  19.254
6370	 CA 	462	 -18.374	 -13.046	   3.343
6406	 CA 	465	 -19.611	 -17.508	   5.949
6933	 CA 	500	 -14.047	 -12.441	  14.785
6980	 CA 	503	 -15.047	 -13.054	  10.189
21341	CLA 	735	 -22.662	   3.762	   4.116
21342	CLA 	736	 -24.695	  -2.202	 -15.568
21344	CLA 	736	  36.088	   4.295	 -12.653
