786	 CA 	110	 -48.830	  -3.375	  32.741
806	 CA 	111	 -51.030	  -0.281	  33.459
821	 CA 	112	 -53.003	   2.429	  31.715
894	 CA 	116	 -59.810	   0.861	  34.382
1467	 CA 	151	 -38.652	   1.749	  -4.148
1477	 CA 	152	 -41.741	   2.533	  -6.300
1497	 CA 	153	 -40.715	   6.238	  -6.477
2201	 CA 	197	 -32.308	   7.169	  -7.619
2279	 CA 	202	 -31.430	   3.104	   0.065
2324	 CA 	206	 -31.521	  -1.614	   2.526
2373	 CA 	209	 -23.209	  -0.557	  -2.511
2380	 CA 	210	 -22.512	   3.116	  -3.037
5325	 CA 	395	 -25.167	 -18.197	  23.057
5344	 CA 	396	 -28.660	 -17.731	  24.476
5356	 CA 	397	 -28.924	 -14.093	  23.201
5367	 CA 	398	 -25.932	 -12.161	  21.759
6370	 CA 	462	 -18.127	 -12.931	   3.356
6406	 CA 	465	 -19.749	 -17.157	   6.171
6933	 CA 	500	 -14.768	 -12.942	  14.777
6980	 CA 	503	 -15.030	 -13.784	   9.957
21341	CLA 	735	 -21.485	   2.321	   1.378
21342	CLA 	736	 -24.954	  -2.757	 -14.877
21344	CLA 	736	  34.062	   8.128	  -9.172
