786	 CA 	110	 -47.156	  -0.469	  31.013
806	 CA 	111	 -48.785	   2.667	  32.529
821	 CA 	112	 -50.223	   6.037	  31.383
894	 CA 	116	 -55.895	   5.106	  36.871
1467	 CA 	151	 -39.397	   2.481	  -5.073
1477	 CA 	152	 -42.171	   3.192	  -7.676
1497	 CA 	153	 -40.785	   6.781	  -8.232
2201	 CA 	197	 -32.454	   8.019	  -8.829
2279	 CA 	202	 -31.889	   4.574	  -1.019
2324	 CA 	206	 -31.830	  -0.023	   2.672
2373	 CA 	209	 -23.623	   0.175	  -1.912
2380	 CA 	210	 -22.995	   3.701	  -3.188
5325	 CA 	395	 -27.073	 -17.971	  22.920
5344	 CA 	396	 -30.558	 -16.714	  23.994
5356	 CA 	397	 -29.892	 -13.027	  22.932
5367	 CA 	398	 -26.676	 -11.386	  21.565
6370	 CA 	462	 -19.069	 -12.424	   4.015
6406	 CA 	465	 -20.260	 -16.344	   6.306
6933	 CA 	500	 -15.182	 -11.791	  15.156
6980	 CA 	503	 -15.774	 -13.010	  10.249
21341	CLA 	735	 -22.148	   3.123	   1.341
21342	CLA 	736	 -24.773	  -2.787	 -14.877
21344	CLA 	736	  34.994	   4.594	 -10.362
