786	 CA 	110	 -43.527	  -2.202	  35.269
806	 CA 	111	 -45.809	   0.667	  36.515
821	 CA 	112	 -47.218	   3.851	  34.933
894	 CA 	116	 -53.432	   4.027	  38.594
1467	 CA 	151	 -38.424	   2.920	  -3.665
1477	 CA 	152	 -41.482	   3.721	  -5.935
1497	 CA 	153	 -40.004	   7.255	  -6.387
2201	 CA 	197	 -31.761	   7.846	  -7.643
2279	 CA 	202	 -31.384	   4.448	  -0.119
2324	 CA 	206	 -31.764	  -0.519	   3.533
2373	 CA 	209	 -23.422	  -0.195	  -2.070
2380	 CA 	210	 -21.891	   3.120	  -2.957
5325	 CA 	395	 -26.456	 -16.109	  21.473
5344	 CA 	396	 -26.195	 -13.518	  24.227
5356	 CA 	397	 -26.174	 -10.654	  21.607
5367	 CA 	398	 -22.767	  -9.446	  20.599
6370	 CA 	462	 -18.308	 -12.612	   4.114
6406	 CA 	465	 -19.556	 -16.999	   6.346
6933	 CA 	500	 -14.435	 -12.147	  15.238
6980	 CA 	503	 -15.321	 -13.124	  10.255
21341	CLA 	735	 -23.801	   2.741	   3.208
21342	CLA 	736	 -24.744	  -2.919	 -14.717
21344	CLA 	736	  35.648	   6.845	 -13.101
