786	 CA 	110	 -46.280	  -0.865	  33.024
806	 CA 	111	 -48.994	   1.758	  33.766
821	 CA 	112	 -50.882	   4.813	  32.255
894	 CA 	116	 -56.234	   5.055	  37.300
1467	 CA 	151	 -38.460	   2.261	  -3.669
1477	 CA 	152	 -41.353	   2.440	  -6.227
1497	 CA 	153	 -40.433	   6.150	  -7.116
2201	 CA 	197	 -31.914	   7.542	  -8.087
2279	 CA 	202	 -31.021	   3.987	  -0.402
2324	 CA 	206	 -30.785	  -0.810	   3.382
2373	 CA 	209	 -22.965	  -0.425	  -1.977
2380	 CA 	210	 -22.305	   3.211	  -3.134
5325	 CA 	395	 -25.574	 -18.295	  23.559
5344	 CA 	396	 -29.016	 -16.873	  24.571
5356	 CA 	397	 -27.789	 -13.340	  23.782
5367	 CA 	398	 -24.891	 -11.902	  21.757
6370	 CA 	462	 -18.429	 -12.197	   4.467
6406	 CA 	465	 -19.655	 -16.580	   6.936
6933	 CA 	500	 -14.747	 -11.851	  15.903
6980	 CA 	503	 -15.400	 -12.670	  10.994
21341	CLA 	735	 -21.677	   3.263	   1.890
21342	CLA 	736	 -25.074	  -2.912	 -14.655
21344	CLA 	736	  34.381	   5.324	 -11.555
