786	 CA 	110	 -46.458	   3.883	  35.097
806	 CA 	111	 -48.802	   6.700	  36.244
821	 CA 	112	 -51.655	   8.297	  34.181
894	 CA 	116	 -58.649	   4.865	  35.380
1467	 CA 	151	 -38.573	   2.050	  -3.104
1477	 CA 	152	 -41.857	   2.874	  -5.140
1497	 CA 	153	 -40.388	   6.350	  -5.823
2201	 CA 	197	 -32.131	   6.414	  -7.237
2279	 CA 	202	 -30.804	   3.164	   0.499
2324	 CA 	206	 -29.637	  -1.024	   3.602
2373	 CA 	209	 -22.409	   0.084	  -2.338
2380	 CA 	210	 -20.948	   3.630	  -2.719
5325	 CA 	395	 -20.580	 -19.932	  25.491
5344	 CA 	396	 -24.067	 -20.484	  23.956
5356	 CA 	397	 -25.491	 -17.115	  22.917
5367	 CA 	398	 -23.252	 -14.399	  21.842
6370	 CA 	462	 -17.056	 -12.390	   4.125
6406	 CA 	465	 -18.334	 -16.445	   6.881
6933	 CA 	500	 -12.524	 -11.337	  15.188
6980	 CA 	503	 -13.636	 -12.475	  10.570
21341	CLA 	735	 -19.125	   0.484	  -0.853
21342	CLA 	736	 -24.856	  -2.392	 -14.978
21344	CLA 	736	  28.892	   0.220	 -16.051
