786	 CA 	110	 -48.311	  -2.122	  31.897
806	 CA 	111	 -51.057	   0.394	  32.666
821	 CA 	112	 -53.159	   2.851	  30.671
894	 CA 	116	 -60.422	   2.013	  33.273
1467	 CA 	151	 -38.700	   2.037	  -4.995
1477	 CA 	152	 -41.840	   2.755	  -7.153
1497	 CA 	153	 -40.860	   6.426	  -7.301
2201	 CA 	197	 -32.267	   6.983	  -8.275
2279	 CA 	202	 -31.127	   3.577	  -0.224
2324	 CA 	206	 -31.085	  -0.806	   2.908
2373	 CA 	209	 -23.030	  -0.415	  -2.036
2380	 CA 	210	 -22.410	   2.989	  -3.429
5325	 CA 	395	 -24.604	 -19.073	  23.750
5344	 CA 	396	 -28.391	 -18.610	  24.013
5356	 CA 	397	 -28.519	 -15.247	  22.114
5367	 CA 	398	 -25.988	 -13.094	  20.117
6370	 CA 	462	 -18.025	 -12.998	   4.293
6406	 CA 	465	 -19.293	 -16.790	   6.503
6933	 CA 	500	 -14.149	 -12.144	  15.376
6980	 CA 	503	 -15.046	 -12.765	  10.315
21341	CLA 	735	 -21.904	   2.800	   1.802
21342	CLA 	736	 -24.494	  -2.197	 -15.537
21344	CLA 	736	  31.719	   5.648	 -14.817
