786	 CA 	110	 -45.226	   4.018	  35.410
806	 CA 	111	 -48.097	   5.179	  37.486
821	 CA 	112	 -50.925	   7.544	  36.570
894	 CA 	116	 -55.206	   5.169	  41.017
1467	 CA 	151	 -38.902	   2.356	  -3.676
1477	 CA 	152	 -41.917	   3.050	  -6.012
1497	 CA 	153	 -40.404	   6.494	  -6.695
2201	 CA 	197	 -31.975	   6.602	  -7.093
2279	 CA 	202	 -30.883	   3.461	   1.671
2324	 CA 	206	 -30.562	  -1.011	   5.263
2373	 CA 	209	 -22.838	   0.155	  -1.157
2380	 CA 	210	 -22.255	   3.143	  -3.330
5325	 CA 	395	 -22.690	 -17.262	  23.388
5344	 CA 	396	 -21.416	 -15.370	  26.474
5356	 CA 	397	 -22.574	 -11.974	  24.970
5367	 CA 	398	 -20.817	  -9.471	  22.644
6370	 CA 	462	 -17.824	 -12.360	   4.953
6406	 CA 	465	 -19.130	 -16.461	   7.608
6933	 CA 	500	 -13.154	 -11.906	  15.837
6980	 CA 	503	 -14.014	 -12.845	  10.973
21341	CLA 	735	 -23.231	   2.282	   4.069
21342	CLA 	736	 -24.300	  -2.922	 -14.894
21344	CLA 	736	  17.064	 -66.798	 -29.496
