786	 CA 	110	 -48.262	  -0.927	  33.633
806	 CA 	111	 -50.553	   2.143	  33.557
821	 CA 	112	 -52.398	   4.171	  31.017
894	 CA 	116	 -57.108	   3.912	  34.975
1467	 CA 	151	 -38.684	   1.253	  -4.215
1477	 CA 	152	 -41.577	   1.939	  -6.656
1497	 CA 	153	 -40.603	   5.607	  -7.416
2201	 CA 	197	 -32.289	   6.717	  -7.801
2279	 CA 	202	 -31.756	   2.815	  -0.368
2324	 CA 	206	 -31.004	  -1.902	   2.941
2373	 CA 	209	 -22.529	  -0.105	  -2.082
2380	 CA 	210	 -21.177	   3.319	  -2.946
5325	 CA 	395	 -25.448	 -17.111	  20.976
5344	 CA 	396	 -26.032	 -14.747	  24.026
5356	 CA 	397	 -25.781	 -11.720	  21.584
5367	 CA 	398	 -22.626	  -9.702	  20.724
6370	 CA 	462	 -17.886	 -12.850	   4.052
6406	 CA 	465	 -18.881	 -16.943	   6.624
6933	 CA 	500	 -13.885	 -11.810	  15.543
6980	 CA 	503	 -14.796	 -12.773	  10.601
21341	CLA 	735	 -23.402	   3.853	   3.279
21342	CLA 	736	 -25.102	  -3.314	 -14.004
21344	CLA 	736	  34.517	   7.104	 -10.411
