786	 CA 	110	 -45.713	   0.877	  35.613
806	 CA 	111	 -48.792	   2.785	  36.778
821	 CA 	112	 -50.773	   5.753	  35.330
894	 CA 	116	 -56.494	   3.464	  38.696
1467	 CA 	151	 -38.939	   1.889	  -3.615
1477	 CA 	152	 -41.976	   2.655	  -6.002
1497	 CA 	153	 -40.403	   6.075	  -6.626
2201	 CA 	197	 -31.971	   6.322	  -7.048
2279	 CA 	202	 -30.837	   2.601	   1.049
2324	 CA 	206	 -30.446	  -1.776	   4.921
2373	 CA 	209	 -22.640	  -0.532	  -0.762
2380	 CA 	210	 -22.063	   2.485	  -2.995
5325	 CA 	395	 -23.082	 -17.211	  23.416
5344	 CA 	396	 -22.933	 -15.492	  26.915
5356	 CA 	397	 -22.813	 -12.196	  24.835
5367	 CA 	398	 -20.563	 -10.439	  22.321
6370	 CA 	462	 -17.183	 -12.894	   4.608
6406	 CA 	465	 -18.930	 -16.951	   7.523
6933	 CA 	500	 -11.814	 -12.312	  15.360
6980	 CA 	503	 -13.633	 -13.062	  10.852
21341	CLA 	735	 -22.382	   2.446	   5.162
21342	CLA 	736	 -24.537	  -3.009	 -14.842
21344	CLA 	736	  18.210	  67.359	 -29.444
