786	 CA 	110	 -48.160	  -0.564	  33.980
806	 CA 	111	 -50.878	   1.932	  35.030
821	 CA 	112	 -52.744	   4.565	  33.149
894	 CA 	116	 -60.308	   2.307	  34.874
1467	 CA 	151	 -38.523	   1.675	  -3.389
1477	 CA 	152	 -41.698	   2.479	  -5.527
1497	 CA 	153	 -40.297	   6.005	  -5.853
2201	 CA 	197	 -31.588	   6.834	  -7.141
2279	 CA 	202	 -30.416	   3.697	   0.501
2324	 CA 	206	 -30.308	  -1.262	   3.792
2373	 CA 	209	 -21.949	  -0.494	  -1.992
2380	 CA 	210	 -21.485	   3.245	  -2.625
5325	 CA 	395	 -23.221	 -19.152	  25.743
5344	 CA 	396	 -26.758	 -18.679	  24.417
5356	 CA 	397	 -27.425	 -15.279	  22.769
5367	 CA 	398	 -24.432	 -14.053	  20.732
6370	 CA 	462	 -17.569	 -12.532	   4.429
6406	 CA 	465	 -19.460	 -16.133	   6.989
6933	 CA 	500	 -13.425	 -12.519	  15.986
6980	 CA 	503	 -14.534	 -13.070	  10.660
21341	CLA 	735	 -22.494	   3.058	   3.703
21342	CLA 	736	 -24.953	  -2.175	 -14.990
21344	CLA 	736	  29.318	   2.108	 -15.100
