786	 CA 	110	 -47.234	  -1.793	  32.467
806	 CA 	111	 -48.600	   1.722	  33.196
821	 CA 	112	 -51.593	   3.702	  31.856
894	 CA 	116	 -55.489	   2.711	  36.587
1467	 CA 	151	 -38.728	   1.158	  -4.069
1477	 CA 	152	 -41.696	   1.886	  -6.371
1497	 CA 	153	 -40.569	   5.451	  -7.092
2201	 CA 	197	 -32.464	   6.524	  -7.849
2279	 CA 	202	 -31.122	   2.720	   0.031
2324	 CA 	206	 -30.846	  -2.200	   3.415
2373	 CA 	209	 -22.499	  -0.766	  -1.936
2380	 CA 	210	 -21.725	   2.707	  -3.110
5325	 CA 	395	 -24.400	 -18.596	  20.658
5344	 CA 	396	 -24.795	 -16.578	  23.990
5356	 CA 	397	 -25.189	 -13.162	  22.298
5367	 CA 	398	 -22.327	 -11.168	  20.844
6370	 CA 	462	 -17.910	 -13.434	   3.902
6406	 CA 	465	 -18.582	 -17.347	   6.195
6933	 CA 	500	 -13.455	 -12.210	  14.658
6980	 CA 	503	 -14.052	 -13.267	   9.878
21341	CLA 	735	 -22.967	   2.688	   4.036
21342	CLA 	736	 -24.367	  -2.907	 -14.540
21344	CLA 	736	  34.131	   7.317	 -10.980
