786	 CA 	110	 -46.711	  -3.187	  32.286
806	 CA 	111	 -49.280	  -0.300	  33.234
821	 CA 	112	 -52.034	   1.613	  31.436
894	 CA 	116	 -58.726	   0.315	  34.767
1467	 CA 	151	 -38.991	   1.486	  -4.241
1477	 CA 	152	 -41.835	   2.170	  -6.573
1497	 CA 	153	 -40.762	   5.772	  -7.022
2201	 CA 	197	 -32.339	   7.074	  -8.067
2279	 CA 	202	 -31.209	   2.770	  -0.423
2324	 CA 	206	 -31.129	  -2.099	   2.667
2373	 CA 	209	 -22.760	  -0.238	  -1.963
2380	 CA 	210	 -21.914	   3.157	  -3.459
5325	 CA 	395	 -26.491	 -19.267	  23.012
5344	 CA 	396	 -30.246	 -18.588	  22.906
5356	 CA 	397	 -29.297	 -15.295	  21.122
5367	 CA 	398	 -26.311	 -13.542	  19.863
6370	 CA 	462	 -18.486	 -13.194	   3.872
6406	 CA 	465	 -20.294	 -17.658	   5.798
6933	 CA 	500	 -14.868	 -12.876	  15.100
6980	 CA 	503	 -15.567	 -13.525	  10.215
21341	CLA 	735	 -21.789	   3.074	   1.457
21342	CLA 	736	 -24.863	  -2.959	 -14.731
21344	CLA 	736	  34.429	   6.484	  -8.994
