786	 CA 	110	 -47.031	   0.259	  31.931
806	 CA 	111	 -49.275	   3.203	  33.318
821	 CA 	112	 -51.463	   5.920	  31.656
894	 CA 	116	 -57.519	   5.118	  36.655
1467	 CA 	151	 -39.220	   2.350	  -4.316
1477	 CA 	152	 -42.022	   2.886	  -6.773
1497	 CA 	153	 -40.832	   6.509	  -7.564
2201	 CA 	197	 -32.357	   7.108	  -8.340
2279	 CA 	202	 -31.212	   3.617	  -0.415
2324	 CA 	206	 -31.369	  -0.827	   2.969
2373	 CA 	209	 -23.189	  -0.168	  -2.030
2380	 CA 	210	 -22.320	   3.361	  -3.272
5325	 CA 	395	 -25.812	 -17.378	  24.053
5344	 CA 	396	 -29.271	 -15.915	  24.924
5356	 CA 	397	 -28.495	 -12.262	  23.755
5367	 CA 	398	 -25.367	 -11.040	  21.866
6370	 CA 	462	 -18.910	 -12.415	   4.517
6406	 CA 	465	 -19.985	 -16.621	   6.767
6933	 CA 	500	 -15.457	 -11.940	  15.575
6980	 CA 	503	 -15.942	 -12.867	  10.878
21341	CLA 	735	 -21.671	   3.273	   1.921
21342	CLA 	736	 -24.822	  -2.703	 -14.537
21344	CLA 	736	  34.327	   5.249	  -9.788
