786	 CA 	110	 -47.014	   1.980	  34.872
806	 CA 	111	 -49.484	   4.625	  36.335
821	 CA 	112	 -52.626	   5.341	  34.404
894	 CA 	116	 -59.444	   0.308	  36.296
1467	 CA 	151	 -38.434	   0.363	  -2.514
1477	 CA 	152	 -41.795	   0.968	  -4.399
1497	 CA 	153	 -40.668	   4.519	  -5.174
2201	 CA 	197	 -32.245	   5.436	  -6.947
2279	 CA 	202	 -30.713	   2.434	   1.090
2324	 CA 	206	 -29.770	  -2.032	   4.124
2373	 CA 	209	 -22.574	  -0.286	  -1.956
2380	 CA 	210	 -21.398	   3.309	  -2.425
5325	 CA 	395	 -19.716	 -20.924	  25.715
5344	 CA 	396	 -23.384	 -21.517	  24.677
5356	 CA 	397	 -24.026	 -18.304	  22.747
5367	 CA 	398	 -21.617	 -15.645	  21.234
6370	 CA 	462	 -16.864	 -12.916	   4.290
6406	 CA 	465	 -17.323	 -17.107	   6.304
6933	 CA 	500	 -11.748	 -12.618	  14.958
6980	 CA 	503	 -13.088	 -13.413	  10.231
21341	CLA 	735	 -19.467	   0.714	  -0.041
21342	CLA 	736	 -24.950	  -1.668	 -15.041
21344	CLA 	736	  29.687	   3.096	 -16.895
