786	 CA 	110	 -44.824	   3.964	  35.755
806	 CA 	111	 -48.061	   5.990	  36.114
821	 CA 	112	 -50.292	   7.171	  33.305
894	 CA 	116	 -56.563	   5.423	  36.875
1467	 CA 	151	 -39.258	   1.989	  -3.808
1477	 CA 	152	 -41.978	   3.105	  -6.227
1497	 CA 	153	 -40.611	   6.536	  -6.710
2201	 CA 	197	 -32.376	   6.602	  -7.555
2279	 CA 	202	 -31.666	   3.245	   0.318
2324	 CA 	206	 -31.062	  -1.008	   3.960
2373	 CA 	209	 -22.790	  -0.464	  -1.147
2380	 CA 	210	 -21.767	   2.637	  -3.127
5325	 CA 	395	 -25.778	 -15.624	  22.780
5344	 CA 	396	 -25.266	 -13.338	  25.888
5356	 CA 	397	 -25.281	 -10.078	  23.754
5367	 CA 	398	 -22.193	  -9.193	  21.756
6370	 CA 	462	 -18.285	 -12.180	   5.042
6406	 CA 	465	 -19.171	 -16.085	   7.119
6933	 CA 	500	 -14.059	 -11.996	  15.754
6980	 CA 	503	 -14.639	 -12.724	  11.040
21341	CLA 	735	 -23.442	   3.868	   3.335
21342	CLA 	736	 -24.708	  -2.630	 -14.779
21344	CLA 	736	  19.340	  33.110	 -37.957
