786	 CA 	110	 -47.947	  -2.499	  33.324
806	 CA 	111	 -50.778	  -0.070	  34.290
821	 CA 	112	 -52.427	   2.893	  32.648
894	 CA 	116	 -57.003	   2.242	  37.017
1467	 CA 	151	 -39.047	   1.933	  -4.162
1477	 CA 	152	 -41.953	   2.476	  -6.560
1497	 CA 	153	 -40.702	   6.060	  -7.190
2201	 CA 	197	 -32.540	   6.783	  -7.839
2279	 CA 	202	 -31.698	   2.874	  -0.041
2324	 CA 	206	 -31.108	  -1.506	   3.355
2373	 CA 	209	 -22.945	  -0.013	  -1.589
2380	 CA 	210	 -21.809	   3.306	  -2.835
5325	 CA 	395	 -26.440	 -17.521	  20.680
5344	 CA 	396	 -26.520	 -14.991	  23.488
5356	 CA 	397	 -26.224	 -12.134	  20.948
5367	 CA 	398	 -23.129	 -10.507	  19.556
6370	 CA 	462	 -18.424	 -12.629	   3.846
6406	 CA 	465	 -19.648	 -16.685	   5.980
6933	 CA 	500	 -14.603	 -12.026	  14.814
6980	 CA 	503	 -15.290	 -12.829	   9.983
21341	CLA 	735	 -23.051	   3.686	   3.754
21342	CLA 	736	 -24.788	  -2.759	 -14.948
21344	CLA 	736	  33.774	   5.948	 -11.718
