786	 CA 	110	 -47.616	  -1.591	  32.683
806	 CA 	111	 -49.714	   1.401	  34.056
821	 CA 	112	 -51.930	   3.708	  31.889
894	 CA 	116	 -56.552	   3.287	  36.060
1467	 CA 	151	 -38.549	   1.744	  -4.231
1477	 CA 	152	 -41.453	   2.327	  -6.735
1497	 CA 	153	 -40.270	   5.847	  -7.289
2201	 CA 	197	 -32.254	   7.109	  -8.287
2279	 CA 	202	 -30.992	   3.371	  -0.427
2324	 CA 	206	 -31.058	  -1.419	   3.108
2373	 CA 	209	 -22.965	  -0.559	  -1.928
2380	 CA 	210	 -22.468	   2.845	  -3.357
5325	 CA 	395	 -25.621	 -18.231	  20.254
5344	 CA 	396	 -25.363	 -16.937	  23.833
5356	 CA 	397	 -25.976	 -13.218	  23.031
5367	 CA 	398	 -22.963	 -10.908	  22.285
6370	 CA 	462	 -17.931	 -12.820	   4.184
6406	 CA 	465	 -18.937	 -17.044	   6.324
6933	 CA 	500	 -14.506	 -12.235	  15.377
6980	 CA 	503	 -14.935	 -13.261	  10.536
21341	CLA 	735	 -22.873	   3.128	   4.191
21342	CLA 	736	 -25.057	  -2.771	 -15.215
21344	CLA 	736	  33.565	   5.443	 -10.836
