786	 CA 	110	 -43.161	  -2.201	  34.972
806	 CA 	111	 -45.623	   0.716	  35.617
821	 CA 	112	 -47.193	   3.551	  33.588
894	 CA 	116	 -53.693	   3.995	  36.952
1467	 CA 	151	 -38.227	   2.203	  -3.428
1477	 CA 	152	 -41.154	   2.746	  -5.973
1497	 CA 	153	 -39.675	   6.174	  -6.911
2201	 CA 	197	 -31.949	   6.480	  -7.454
2279	 CA 	202	 -31.214	   2.585	   0.441
2324	 CA 	206	 -30.511	  -2.408	   3.701
2373	 CA 	209	 -22.414	  -0.243	  -1.985
2380	 CA 	210	 -21.724	   3.173	  -3.310
5325	 CA 	395	 -25.428	 -18.989	  21.616
5344	 CA 	396	 -25.155	 -16.785	  24.758
5356	 CA 	397	 -25.426	 -13.550	  22.632
5367	 CA 	398	 -22.392	 -11.735	  21.097
6370	 CA 	462	 -17.233	 -13.389	   4.061
6406	 CA 	465	 -18.639	 -17.514	   6.167
6933	 CA 	500	 -13.740	 -13.358	  15.373
6980	 CA 	503	 -14.319	 -13.868	  10.258
21341	CLA 	735	 -23.169	   3.171	   3.453
21342	CLA 	736	 -24.359	  -2.901	 -14.964
21344	CLA 	736	  32.354	 -10.944	 -31.934
