786	 CA 	110	 -48.561	  -3.452	  30.727
806	 CA 	111	 -51.109	  -0.890	  31.769
821	 CA 	112	 -52.998	   2.241	  30.617
894	 CA 	116	 -59.847	   2.152	  33.472
1467	 CA 	151	 -38.526	   1.603	  -4.419
1477	 CA 	152	 -41.547	   2.039	  -6.809
1497	 CA 	153	 -40.365	   5.668	  -7.354
2201	 CA 	197	 -31.777	   6.530	  -8.081
2279	 CA 	202	 -30.813	   3.344	  -0.289
2324	 CA 	206	 -30.582	  -1.696	   2.629
2373	 CA 	209	 -22.501	  -0.037	  -1.804
2380	 CA 	210	 -22.116	   3.462	  -3.078
5325	 CA 	395	 -24.616	 -18.488	  23.265
5344	 CA 	396	 -28.386	 -18.176	  23.817
5356	 CA 	397	 -28.720	 -14.736	  21.904
5367	 CA 	398	 -26.615	 -12.622	  19.508
6370	 CA 	462	 -17.974	 -12.991	   4.215
6406	 CA 	465	 -19.398	 -16.988	   6.478
6933	 CA 	500	 -13.934	 -11.871	  15.127
6980	 CA 	503	 -14.814	 -13.225	  10.147
21341	CLA 	735	 -21.339	   3.363	   2.342
21342	CLA 	736	 -24.993	  -3.109	 -14.796
21344	CLA 	736	  33.521	   5.494	 -13.206
