786	 CA 	110	 -47.177	  -2.417	  32.373
806	 CA 	111	 -49.544	   0.226	  33.992
821	 CA 	112	 -51.174	   3.157	  32.256
894	 CA 	116	 -57.820	   2.372	  35.781
1467	 CA 	151	 -39.310	   1.566	  -4.299
1477	 CA 	152	 -42.374	   2.161	  -6.450
1497	 CA 	153	 -41.046	   5.776	  -6.820
2201	 CA 	197	 -32.369	   6.967	  -7.788
2279	 CA 	202	 -31.098	   3.822	   0.321
2324	 CA 	206	 -31.095	  -0.962	   3.063
2373	 CA 	209	 -22.629	  -0.423	  -2.328
2380	 CA 	210	 -22.133	   3.204	  -2.977
5325	 CA 	395	 -23.204	 -19.468	  25.386
5344	 CA 	396	 -27.005	 -19.216	  24.861
5356	 CA 	397	 -28.501	 -16.219	  23.104
5367	 CA 	398	 -26.576	 -14.064	  20.747
6370	 CA 	462	 -17.798	 -12.552	   3.921
6406	 CA 	465	 -19.404	 -16.614	   6.647
6933	 CA 	500	 -14.517	 -12.392	  15.361
6980	 CA 	503	 -14.944	 -13.064	  10.566
21341	CLA 	735	 -22.149	   3.168	   2.856
21342	CLA 	736	 -24.920	  -2.088	 -15.725
21344	CLA 	736	  32.446	   5.468	 -11.201
