786	 CA 	110	 -47.300	  -1.838	  32.284
806	 CA 	111	 -49.807	   0.889	  33.171
821	 CA 	112	 -52.044	   3.087	  30.979
894	 CA 	116	 -58.872	   2.017	  34.180
1467	 CA 	151	 -38.533	   1.892	  -4.559
1477	 CA 	152	 -41.394	   2.764	  -6.980
1497	 CA 	153	 -39.912	   6.345	  -6.994
2201	 CA 	197	 -31.724	   7.096	  -8.072
2279	 CA 	202	 -31.092	   3.497	  -0.259
2324	 CA 	206	 -31.378	  -0.982	   2.716
2373	 CA 	209	 -22.605	  -0.467	  -2.542
2380	 CA 	210	 -21.914	   3.252	  -2.963
5325	 CA 	395	 -26.234	 -17.727	  22.858
5344	 CA 	396	 -30.104	 -17.711	  22.991
5356	 CA 	397	 -29.685	 -14.201	  21.582
5367	 CA 	398	 -26.626	 -12.421	  20.115
6370	 CA 	462	 -18.785	 -12.835	   3.570
6406	 CA 	465	 -20.046	 -17.266	   5.871
6933	 CA 	500	 -15.348	 -12.212	  15.126
6980	 CA 	503	 -15.888	 -13.396	  10.224
21341	CLA 	735	 -22.885	   2.708	   2.809
21342	CLA 	736	 -24.621	  -3.055	 -14.917
21344	CLA 	736	  35.148	   4.031	  -9.145
