786	 CA 	110	 -47.006	  -3.404	  31.839
806	 CA 	111	 -48.500	  -0.275	  33.615
821	 CA 	112	 -50.210	   2.798	  32.492
894	 CA 	116	 -57.217	   3.222	  35.919
1467	 CA 	151	 -38.932	   3.647	  -5.177
1477	 CA 	152	 -41.772	   3.918	  -7.817
1497	 CA 	153	 -40.505	   7.396	  -8.581
2201	 CA 	197	 -32.429	   8.104	  -8.553
2279	 CA 	202	 -32.518	   4.127	  -1.003
2324	 CA 	206	 -31.664	  -0.525	   1.973
2373	 CA 	209	 -23.496	  -0.023	  -2.582
2380	 CA 	210	 -22.015	   3.401	  -3.180
5325	 CA 	395	 -28.568	 -16.321	  20.219
5344	 CA 	396	 -28.988	 -13.866	  23.167
5356	 CA 	397	 -28.821	 -10.784	  21.081
5367	 CA 	398	 -25.353	  -9.905	  19.992
6370	 CA 	462	 -19.130	 -12.969	   3.643
6406	 CA 	465	 -20.151	 -16.876	   5.785
6933	 CA 	500	 -15.276	 -11.805	  14.468
6980	 CA 	503	 -15.777	 -13.003	   9.876
21341	CLA 	735	 -23.648	   3.625	   2.867
21342	CLA 	736	 -24.813	  -2.336	 -15.010
21344	CLA 	736	  31.766	   7.396	 -13.049
