786	 CA 	110	 -44.172	  -4.414	  33.780
806	 CA 	111	 -46.312	  -1.574	  35.356
821	 CA 	112	 -47.891	   1.658	  33.791
894	 CA 	116	 -54.248	   0.894	  37.205
1467	 CA 	151	 -38.750	   3.229	  -3.604
1477	 CA 	152	 -41.806	   3.702	  -6.035
1497	 CA 	153	 -40.515	   7.220	  -6.984
2201	 CA 	197	 -32.402	   7.638	  -7.889
2279	 CA 	202	 -31.733	   3.781	  -0.268
2324	 CA 	206	 -31.703	  -1.204	   2.926
2373	 CA 	209	 -23.161	  -0.379	  -2.027
2380	 CA 	210	 -21.445	   3.084	  -2.633
5325	 CA 	395	 -26.630	 -17.177	  21.686
5344	 CA 	396	 -26.756	 -14.802	  24.686
5356	 CA 	397	 -26.624	 -11.771	  22.257
5367	 CA 	398	 -23.228	 -10.795	  20.783
6370	 CA 	462	 -18.460	 -13.061	   4.167
6406	 CA 	465	 -19.829	 -17.298	   6.461
6933	 CA 	500	 -14.009	 -12.227	  15.096
6980	 CA 	503	 -14.964	 -13.487	  10.386
21341	CLA 	735	 -23.601	   3.315	   3.378
21342	CLA 	736	 -24.957	  -2.640	 -14.821
21344	CLA 	736	  30.959	   5.465	 -17.582
