786	 CA 	110	 -45.069	  -1.898	  32.981
806	 CA 	111	 -47.485	   0.881	  34.296
821	 CA 	112	 -49.228	   3.788	  32.561
894	 CA 	116	 -55.456	   3.069	  37.056
1467	 CA 	151	 -38.240	   1.969	  -4.131
1477	 CA 	152	 -41.095	   2.959	  -6.566
1497	 CA 	153	 -39.454	   6.441	  -7.261
2201	 CA 	197	 -31.896	   7.184	  -8.263
2279	 CA 	202	 -30.793	   3.378	  -0.566
2324	 CA 	206	 -30.984	  -1.549	   2.568
2373	 CA 	209	 -22.461	  -0.443	  -1.789
2380	 CA 	210	 -21.676	   2.996	  -3.316
5325	 CA 	395	 -25.471	 -19.022	  21.896
5344	 CA 	396	 -27.899	 -17.593	  24.534
5356	 CA 	397	 -27.597	 -14.038	  23.155
5367	 CA 	398	 -24.774	 -12.494	  20.968
6370	 CA 	462	 -18.370	 -12.459	   3.885
6406	 CA 	465	 -19.290	 -16.945	   5.955
6933	 CA 	500	 -14.444	 -12.342	  15.422
6980	 CA 	503	 -14.935	 -13.308	  10.407
21341	CLA 	735	 -21.447	   3.160	   1.336
21342	CLA 	736	 -24.856	  -2.825	 -14.674
21344	CLA 	736	  33.274	   5.145	 -10.027
