786	 CA 	110	 -46.235	   3.853	  35.350
806	 CA 	111	 -48.342	   6.346	  37.167
821	 CA 	112	 -50.979	   8.207	  35.033
894	 CA 	116	 -58.212	   4.410	  36.479
1467	 CA 	151	 -38.173	   2.163	  -2.457
1477	 CA 	152	 -41.381	   2.399	  -4.686
1497	 CA 	153	 -40.547	   6.032	  -5.604
2201	 CA 	197	 -31.947	   6.557	  -7.197
2279	 CA 	202	 -30.700	   3.840	   0.988
2324	 CA 	206	 -29.987	  -0.983	   4.006
2373	 CA 	209	 -22.381	   0.025	  -1.758
2380	 CA 	210	 -21.095	   3.598	  -2.577
5325	 CA 	395	 -20.542	 -20.029	  25.793
5344	 CA 	396	 -23.990	 -20.593	  24.168
5356	 CA 	397	 -25.420	 -17.380	  22.789
5367	 CA 	398	 -22.757	 -15.058	  21.349
6370	 CA 	462	 -17.235	 -12.685	   4.460
6406	 CA 	465	 -18.648	 -16.546	   7.148
6933	 CA 	500	 -12.536	 -11.878	  15.060
6980	 CA 	503	 -12.909	 -13.068	  10.427
21341	CLA 	735	 -19.632	   1.207	   0.280
21342	CLA 	736	 -24.937	  -2.008	 -15.211
21344	CLA 	736	  28.270	   1.022	 -16.397
