786	 CA 	110	 -48.423	  -0.347	  31.029
806	 CA 	111	 -51.042	   2.374	  31.649
821	 CA 	112	 -52.909	   5.259	  30.006
894	 CA 	116	 -59.986	   4.773	  32.871
1467	 CA 	151	 -39.023	   2.664	  -5.024
1477	 CA 	152	 -41.929	   3.759	  -7.317
1497	 CA 	153	 -40.510	   7.263	  -7.571
2201	 CA 	197	 -31.878	   7.870	  -8.503
2279	 CA 	202	 -31.288	   3.989	  -0.955
2324	 CA 	206	 -31.658	  -0.720	   2.111
2373	 CA 	209	 -23.242	  -0.120	  -2.653
2380	 CA 	210	 -22.178	   3.463	  -3.705
5325	 CA 	395	 -27.494	 -16.561	  23.608
5344	 CA 	396	 -31.317	 -15.798	  23.801
5356	 CA 	397	 -30.251	 -12.630	  22.065
5367	 CA 	398	 -26.966	 -11.106	  20.645
6370	 CA 	462	 -19.292	 -12.465	   4.041
6406	 CA 	465	 -20.864	 -16.222	   6.362
6933	 CA 	500	 -15.941	 -12.265	  15.183
6980	 CA 	503	 -16.432	 -13.076	  10.247
21341	CLA 	735	 -21.735	   3.089	   1.886
21342	CLA 	736	 -25.737	  -2.345	 -15.058
21344	CLA 	736	  34.760	   4.467	  -9.429
