786	 CA 	110	 -47.428	   1.204	  31.891
806	 CA 	111	 -49.521	   4.083	  33.153
821	 CA 	112	 -51.385	   7.005	  31.520
894	 CA 	116	 -57.111	   6.532	  36.577
1467	 CA 	151	 -39.123	   2.492	  -4.891
1477	 CA 	152	 -41.789	   3.443	  -7.468
1497	 CA 	153	 -40.296	   6.912	  -8.018
2201	 CA 	197	 -32.013	   7.742	  -8.684
2279	 CA 	202	 -31.425	   4.209	  -0.573
2324	 CA 	206	 -31.517	  -0.366	   3.549
2373	 CA 	209	 -23.939	  -0.172	  -2.028
2380	 CA 	210	 -22.890	   3.357	  -3.128
5325	 CA 	395	 -26.516	 -17.403	  23.918
5344	 CA 	396	 -30.201	 -16.356	  24.349
5356	 CA 	397	 -29.197	 -13.005	  22.837
5367	 CA 	398	 -25.878	 -11.743	  21.056
6370	 CA 	462	 -19.183	 -12.493	   4.302
6406	 CA 	465	 -20.325	 -16.551	   6.724
6933	 CA 	500	 -15.315	 -11.829	  15.386
6980	 CA 	503	 -16.016	 -12.634	  10.922
21341	CLA 	735	 -22.398	   2.791	   1.858
21342	CLA 	736	 -24.734	  -2.563	 -15.270
21344	CLA 	736	  34.860	   3.139	  -9.517
