786	 CA 	110	 -45.149	  -2.528	  32.719
806	 CA 	111	 -47.435	   0.265	  34.043
821	 CA 	112	 -49.316	   3.174	  32.186
894	 CA 	116	 -55.389	   3.046	  36.942
1467	 CA 	151	 -38.754	   1.714	  -3.692
1477	 CA 	152	 -41.571	   2.388	  -6.260
1497	 CA 	153	 -40.306	   6.015	  -6.839
2201	 CA 	197	 -32.324	   7.284	  -8.031
2279	 CA 	202	 -31.031	   3.474	  -0.193
2324	 CA 	206	 -30.649	  -1.638	   3.335
2373	 CA 	209	 -22.810	  -0.350	  -2.322
2380	 CA 	210	 -21.957	   3.258	  -3.249
5325	 CA 	395	 -26.185	 -18.082	  21.500
5344	 CA 	396	 -27.931	 -16.253	  24.398
5356	 CA 	397	 -27.118	 -12.733	  23.386
5367	 CA 	398	 -24.503	 -11.390	  21.130
6370	 CA 	462	 -17.922	 -12.910	   4.185
6406	 CA 	465	 -18.762	 -17.082	   6.485
6933	 CA 	500	 -14.120	 -12.478	  15.320
6980	 CA 	503	 -14.664	 -13.257	  10.483
21341	CLA 	735	 -21.292	   3.294	   1.441
21342	CLA 	736	 -25.323	  -3.043	 -14.316
21344	CLA 	736	  31.935	   6.086	 -10.200
