786	 CA 	110	 -46.609	  -3.243	  32.416
806	 CA 	111	 -48.865	  -0.499	  33.973
821	 CA 	112	 -50.805	   2.597	  32.686
894	 CA 	116	 -57.002	   2.538	  36.024
1467	 CA 	151	 -38.436	   1.157	  -3.496
1477	 CA 	152	 -41.331	   2.103	  -5.817
1497	 CA 	153	 -40.063	   5.620	  -6.020
2201	 CA 	197	 -31.854	   6.833	  -7.168
2279	 CA 	202	 -30.583	   3.030	   0.409
2324	 CA 	206	 -31.129	  -2.041	   3.635
2373	 CA 	209	 -22.668	  -0.260	  -1.435
2380	 CA 	210	 -22.487	   3.215	  -2.914
5325	 CA 	395	 -23.864	 -18.619	  24.933
5344	 CA 	396	 -27.671	 -17.804	  25.226
5356	 CA 	397	 -27.779	 -14.699	  22.979
5367	 CA 	398	 -25.442	 -12.512	  20.835
6370	 CA 	462	 -17.689	 -12.611	   4.679
6406	 CA 	465	 -19.019	 -16.695	   7.021
6933	 CA 	500	 -13.745	 -11.713	  15.499
6980	 CA 	503	 -14.439	 -13.060	  10.813
21341	CLA 	735	 -21.502	   2.433	   1.659
21342	CLA 	736	 -24.641	  -2.646	 -14.795
21344	CLA 	736	  35.286	   5.080	 -12.859
