786	 CA 	110	 -45.088	   3.166	  36.514
806	 CA 	111	 -48.503	   4.674	  37.392
821	 CA 	112	 -51.000	   6.337	  35.132
894	 CA 	116	 -56.971	   4.169	  38.381
1467	 CA 	151	 -38.347	   3.048	  -3.318
1477	 CA 	152	 -41.342	   3.279	  -5.607
1497	 CA 	153	 -40.415	   6.817	  -6.682
2201	 CA 	197	 -32.106	   6.925	  -7.435
2279	 CA 	202	 -31.187	   3.883	   0.472
2324	 CA 	206	 -30.674	  -0.957	   4.164
2373	 CA 	209	 -23.197	  -0.333	  -0.925
2380	 CA 	210	 -22.426	   2.871	  -2.904
5325	 CA 	395	 -25.231	 -16.433	  22.675
5344	 CA 	396	 -23.997	 -14.617	  25.956
5356	 CA 	397	 -24.189	 -11.317	  24.082
5367	 CA 	398	 -21.380	  -9.872	  21.851
6370	 CA 	462	 -17.907	 -12.598	   4.497
6406	 CA 	465	 -19.584	 -16.444	   7.206
6933	 CA 	500	 -13.973	 -12.428	  15.183
6980	 CA 	503	 -14.336	 -12.947	  10.544
21341	CLA 	735	 -22.552	   3.673	   4.623
21342	CLA 	736	 -25.124	  -2.951	 -14.736
21344	CLA 	736	  23.765	  39.274	 -37.263
