786	 CA 	110	 -45.282	  -1.346	  34.725
806	 CA 	111	 -47.232	   1.845	  35.726
821	 CA 	112	 -49.000	   4.495	  33.643
894	 CA 	116	 -55.584	   6.463	  35.214
1467	 CA 	151	 -38.684	   2.201	  -4.326
1477	 CA 	152	 -41.661	   2.221	  -6.798
1497	 CA 	153	 -40.476	   5.754	  -7.705
2201	 CA 	197	 -32.479	   6.802	  -7.975
2279	 CA 	202	 -31.991	   3.050	   0.111
2324	 CA 	206	 -31.138	  -1.815	   3.247
2373	 CA 	209	 -22.924	  -0.211	  -2.253
2380	 CA 	210	 -21.803	   3.379	  -2.571
5325	 CA 	395	 -25.914	 -18.183	  21.210
5344	 CA 	396	 -25.819	 -16.293	  24.406
5356	 CA 	397	 -26.329	 -12.926	  22.606
5367	 CA 	398	 -23.259	 -11.338	  21.081
6370	 CA 	462	 -18.137	 -12.694	   3.750
6406	 CA 	465	 -19.435	 -16.965	   5.753
6933	 CA 	500	 -14.560	 -12.744	  14.603
6980	 CA 	503	 -15.375	 -13.428	   9.856
21341	CLA 	735	 -23.502	   3.258	   3.339
21342	CLA 	736	 -24.779	  -3.008	 -14.900
21344	CLA 	736	  40.795	  -1.068	 -26.635
