786	 CA 	110	 -48.831	  -2.154	  32.149
806	 CA 	111	 -51.172	   0.709	  33.092
821	 CA 	112	 -53.108	   3.558	  31.330
894	 CA 	116	 -60.599	   3.106	  34.150
1467	 CA 	151	 -38.740	   2.267	  -4.289
1477	 CA 	152	 -41.734	   2.890	  -6.386
1497	 CA 	153	 -40.612	   6.547	  -6.796
2201	 CA 	197	 -32.052	   7.339	  -7.879
2279	 CA 	202	 -31.265	   3.195	  -0.383
2324	 CA 	206	 -31.544	  -1.779	   2.022
2373	 CA 	209	 -22.856	  -0.564	  -2.546
2380	 CA 	210	 -22.058	   2.962	  -3.196
5325	 CA 	395	 -25.436	 -17.234	  23.638
5344	 CA 	396	 -29.279	 -17.173	  24.585
5356	 CA 	397	 -29.193	 -13.575	  23.230
5367	 CA 	398	 -26.342	 -11.454	  21.584
6370	 CA 	462	 -18.362	 -12.588	   4.119
6406	 CA 	465	 -19.865	 -16.564	   6.388
6933	 CA 	500	 -15.131	 -12.510	  15.387
6980	 CA 	503	 -15.333	 -13.118	  10.540
21341	CLA 	735	 -21.366	   2.516	   1.857
21342	CLA 	736	 -24.468	  -3.281	 -14.662
21344	CLA 	736	  34.459	   7.098	  -9.083
