786	 CA 	110	 -44.629	  -3.798	  33.147
806	 CA 	111	 -46.582	  -0.807	  34.598
821	 CA 	112	 -47.797	   2.675	  33.059
894	 CA 	116	 -53.553	   2.997	  35.896
1467	 CA 	151	 -38.681	   2.160	  -5.048
1477	 CA 	152	 -41.700	   2.524	  -7.428
1497	 CA 	153	 -40.672	   6.155	  -8.253
2201	 CA 	197	 -32.208	   7.152	  -8.484
2279	 CA 	202	 -31.620	   3.219	  -1.060
2324	 CA 	206	 -30.751	  -1.546	   1.981
2373	 CA 	209	 -22.667	  -0.146	  -2.319
2380	 CA 	210	 -21.049	   3.119	  -3.257
5325	 CA 	395	 -26.735	 -17.720	  20.758
5344	 CA 	396	 -26.724	 -15.598	  23.975
5356	 CA 	397	 -26.239	 -12.246	  22.094
5367	 CA 	398	 -22.950	 -11.232	  20.716
6370	 CA 	462	 -18.079	 -13.172	   3.806
6406	 CA 	465	 -19.568	 -17.306	   5.688
6933	 CA 	500	 -14.794	 -12.594	  14.848
6980	 CA 	503	 -15.401	 -13.548	   9.943
21341	CLA 	735	 -22.875	   3.268	   2.869
21342	CLA 	736	 -24.602	  -2.787	 -14.750
21344	CLA 	736	  32.076	  12.885	 -18.199
