786	 CA 	110	 -42.355	  -4.061	  33.784
806	 CA 	111	 -44.467	  -1.144	  35.099
821	 CA 	112	 -45.960	   2.014	  33.511
894	 CA 	116	 -51.526	   1.931	  36.767
1467	 CA 	151	 -38.917	   2.080	  -3.756
1477	 CA 	152	 -41.879	   2.225	  -6.265
1497	 CA 	153	 -40.811	   5.868	  -7.017
2201	 CA 	197	 -32.258	   7.032	  -8.229
2279	 CA 	202	 -31.842	   2.924	  -0.426
2324	 CA 	206	 -31.133	  -2.053	   2.511
2373	 CA 	209	 -22.804	  -0.485	  -2.443
2380	 CA 	210	 -21.848	   3.100	  -3.136
5325	 CA 	395	 -25.532	 -17.891	  21.618
5344	 CA 	396	 -25.893	 -15.741	  24.801
5356	 CA 	397	 -25.853	 -12.200	  23.087
5367	 CA 	398	 -22.447	 -11.142	  21.583
6370	 CA 	462	 -17.926	 -13.002	   4.165
6406	 CA 	465	 -19.297	 -17.333	   6.140
6933	 CA 	500	 -14.263	 -12.763	  15.056
6980	 CA 	503	 -14.776	 -13.301	  10.242
21341	CLA 	735	 -23.589	   3.104	   2.822
21342	CLA 	736	 -24.833	  -2.728	 -15.132
21344	CLA 	736	  31.599	   7.245	 -16.843
