786	 CA 	110	 -45.643	   1.575	  35.817
806	 CA 	111	 -48.688	   2.951	  37.624
821	 CA 	112	 -51.829	   4.863	  36.532
894	 CA 	116	 -56.088	   1.105	  40.111
1467	 CA 	151	 -38.179	   2.060	  -3.074
1477	 CA 	152	 -41.110	   2.687	  -5.436
1497	 CA 	153	 -39.930	   6.145	  -6.480
2201	 CA 	197	 -32.219	   6.642	  -6.759
2279	 CA 	202	 -30.717	   2.796	   1.201
2324	 CA 	206	 -30.469	  -1.930	   4.366
2373	 CA 	209	 -22.850	  -0.185	  -0.951
2380	 CA 	210	 -22.236	   2.889	  -3.082
5325	 CA 	395	 -22.443	 -18.381	  22.817
5344	 CA 	396	 -21.812	 -16.169	  25.855
5356	 CA 	397	 -23.054	 -12.800	  24.149
5367	 CA 	398	 -20.890	 -10.417	  22.090
6370	 CA 	462	 -17.037	 -13.046	   4.622
6406	 CA 	465	 -18.530	 -16.957	   7.342
6933	 CA 	500	 -12.783	 -12.232	  15.412
6980	 CA 	503	 -13.823	 -13.118	  10.789
21341	CLA 	735	 -21.852	   1.410	   4.769
21342	CLA 	736	 -24.270	  -3.228	 -14.260
21344	CLA 	736	  18.743	  65.123	 -30.659
