786	 CA 	110	 -49.114	   2.097	  34.053
806	 CA 	111	 -51.118	   5.226	  35.045
821	 CA 	112	 -53.718	   6.927	  32.726
894	 CA 	116	 -60.298	   3.077	  33.202
1467	 CA 	151	 -38.388	   1.960	  -2.630
1477	 CA 	152	 -41.567	   2.136	  -4.738
1497	 CA 	153	 -40.844	   5.837	  -5.438
2201	 CA 	197	 -32.141	   6.744	  -6.709
2279	 CA 	202	 -30.435	   3.238	   0.765
2324	 CA 	206	 -30.517	  -1.908	   2.934
2373	 CA 	209	 -22.178	  -0.557	  -2.306
2380	 CA 	210	 -21.205	   3.101	  -2.810
5325	 CA 	395	 -22.008	 -20.714	  25.060
5344	 CA 	396	 -25.556	 -20.380	  23.725
5356	 CA 	397	 -26.906	 -17.143	  22.356
5367	 CA 	398	 -23.887	 -15.327	  20.862
6370	 CA 	462	 -17.127	 -12.696	   3.847
6406	 CA 	465	 -18.623	 -17.148	   5.988
6933	 CA 	500	 -12.247	 -13.373	  14.784
6980	 CA 	503	 -13.830	 -14.018	  10.199
21341	CLA 	735	 -21.387	   2.940	   2.791
21342	CLA 	736	 -24.987	  -1.761	 -15.292
21344	CLA 	736	  30.135	   3.108	 -15.978
