786	 CA 	110	 -47.089	  -1.638	  31.181
806	 CA 	111	 -49.221	   1.387	  32.106
821	 CA 	112	 -51.361	   3.984	  30.221
894	 CA 	116	 -55.954	   2.546	  34.968
1467	 CA 	151	 -37.949	   1.854	  -4.457
1477	 CA 	152	 -40.761	   2.074	  -6.939
1497	 CA 	153	 -39.694	   5.700	  -7.735
2201	 CA 	197	 -31.977	   7.185	  -8.590
2279	 CA 	202	 -31.108	   3.206	  -0.920
2324	 CA 	206	 -30.872	  -1.377	   2.628
2373	 CA 	209	 -22.601	  -0.548	  -2.135
2380	 CA 	210	 -21.705	   3.060	  -3.250
5325	 CA 	395	 -25.520	 -17.667	  20.988
5344	 CA 	396	 -25.882	 -16.406	  24.538
5356	 CA 	397	 -25.744	 -12.751	  23.180
5367	 CA 	398	 -22.984	 -10.197	  22.656
6370	 CA 	462	 -18.102	 -13.009	   3.861
6406	 CA 	465	 -18.983	 -17.238	   6.231
6933	 CA 	500	 -13.892	 -12.223	  14.970
6980	 CA 	503	 -14.844	 -13.420	  10.315
21341	CLA 	735	 -22.396	   2.548	   3.762
21342	CLA 	736	 -24.733	  -2.907	 -15.308
21344	CLA 	736	  35.480	   4.084	 -11.269
