786	 CA 	110	 -46.579	  -1.954	  32.023
806	 CA 	111	 -48.745	   0.995	  33.303
821	 CA 	112	 -50.319	   4.262	  31.799
894	 CA 	116	 -56.961	   4.312	  35.870
1467	 CA 	151	 -38.633	   1.708	  -4.479
1477	 CA 	152	 -41.627	   1.990	  -7.075
1497	 CA 	153	 -40.646	   5.675	  -7.811
2201	 CA 	197	 -32.399	   7.261	  -8.633
2279	 CA 	202	 -31.521	   3.238	  -0.869
2324	 CA 	206	 -31.224	  -1.494	   2.450
2373	 CA 	209	 -22.730	  -0.261	  -2.266
2380	 CA 	210	 -21.785	   3.145	  -3.263
5325	 CA 	395	 -26.976	 -17.686	  21.408
5344	 CA 	396	 -27.783	 -15.445	  24.470
5356	 CA 	397	 -27.132	 -11.957	  22.747
5367	 CA 	398	 -23.761	 -10.879	  21.671
6370	 CA 	462	 -18.440	 -12.829	   3.861
6406	 CA 	465	 -19.745	 -16.989	   5.474
6933	 CA 	500	 -15.444	 -12.994	  15.302
6980	 CA 	503	 -15.484	 -13.727	  10.258
21341	CLA 	735	 -21.248	   3.261	   1.205
21342	CLA 	736	 -24.832	  -2.101	 -15.175
21344	CLA 	736	  33.563	   5.730	 -10.204
