786	 CA 	110	 -43.771	  -3.322	  34.667
806	 CA 	111	 -45.161	   0.078	  35.650
821	 CA 	112	 -46.662	   3.054	  33.845
894	 CA 	116	 -52.545	   3.207	  37.257
1467	 CA 	151	 -38.446	   2.565	  -3.743
1477	 CA 	152	 -41.465	   3.202	  -6.162
1497	 CA 	153	 -40.325	   6.699	  -7.214
2201	 CA 	197	 -32.254	   7.341	  -7.936
2279	 CA 	202	 -31.256	   3.404	  -0.219
2324	 CA 	206	 -30.433	  -1.707	   2.838
2373	 CA 	209	 -22.446	   0.019	  -1.877
2380	 CA 	210	 -21.215	   3.471	  -2.983
5325	 CA 	395	 -25.543	 -17.141	  21.923
5344	 CA 	396	 -25.332	 -15.268	  25.281
5356	 CA 	397	 -25.517	 -11.862	  23.516
5367	 CA 	398	 -22.314	 -10.631	  21.874
6370	 CA 	462	 -18.360	 -12.392	   4.192
6406	 CA 	465	 -19.769	 -16.772	   6.478
6933	 CA 	500	 -14.310	 -12.587	  15.431
6980	 CA 	503	 -15.217	 -13.263	  10.355
21341	CLA 	735	 -22.565	   3.473	   2.697
21342	CLA 	736	 -24.660	  -2.940	 -14.424
21344	CLA 	736	  32.791	   8.477	 -17.256
