786	 CA 	110	 -48.543	  -0.654	  32.111
806	 CA 	111	 -49.825	   2.953	  32.250
821	 CA 	112	 -52.655	   4.855	  30.389
894	 CA 	116	 -57.336	   3.812	  35.678
1467	 CA 	151	 -37.925	   1.980	  -3.874
1477	 CA 	152	 -40.984	   2.238	  -6.128
1497	 CA 	153	 -39.886	   5.932	  -6.834
2201	 CA 	197	 -31.942	   7.337	  -7.580
2279	 CA 	202	 -31.164	   3.117	   0.285
2324	 CA 	206	 -30.898	  -1.700	   3.515
2373	 CA 	209	 -22.347	  -0.276	  -1.923
2380	 CA 	210	 -21.881	   3.187	  -3.258
5325	 CA 	395	 -25.451	 -17.841	  20.605
5344	 CA 	396	 -25.371	 -16.121	  24.067
5356	 CA 	397	 -25.517	 -12.717	  22.109
5367	 CA 	398	 -22.135	 -10.952	  21.103
6370	 CA 	462	 -17.837	 -12.526	   3.782
6406	 CA 	465	 -18.993	 -16.803	   6.205
6933	 CA 	500	 -13.785	 -12.163	  14.912
6980	 CA 	503	 -14.836	 -13.258	  10.286
21341	CLA 	735	 -22.765	   3.084	   3.854
21342	CLA 	736	 -25.404	  -2.585	 -14.727
21344	CLA 	736	  34.137	   6.184	  -9.945
