786	 CA 	110	 -45.288	  -1.703	  33.755
806	 CA 	111	 -48.033	   0.786	  34.533
821	 CA 	112	 -50.386	   3.245	  32.719
894	 CA 	116	 -56.330	   3.012	  36.216
1467	 CA 	151	 -39.039	   2.801	  -4.749
1477	 CA 	152	 -42.098	   3.299	  -7.200
1497	 CA 	153	 -40.552	   6.667	  -8.075
2201	 CA 	197	 -32.068	   7.471	  -8.537
2279	 CA 	202	 -31.833	   3.440	  -0.843
2324	 CA 	206	 -30.828	  -1.738	   2.715
2373	 CA 	209	 -23.099	  -0.052	  -2.302
2380	 CA 	210	 -21.864	   3.312	  -3.304
5325	 CA 	395	 -26.398	 -17.603	  20.837
5344	 CA 	396	 -27.015	 -15.032	  23.620
5356	 CA 	397	 -27.178	 -12.043	  21.092
5367	 CA 	398	 -23.542	 -10.962	  20.171
6370	 CA 	462	 -18.621	 -12.769	   3.212
6406	 CA 	465	 -19.603	 -17.107	   5.617
6933	 CA 	500	 -14.935	 -12.689	  14.963
6980	 CA 	503	 -15.363	 -13.602	   9.834
21341	CLA 	735	 -23.483	   3.298	   3.433
21342	CLA 	736	 -24.645	  -2.730	 -15.019
21344	CLA 	736	  33.968	   4.784	 -16.853
