786	 CA 	110	 -44.635	  -1.947	  33.955
806	 CA 	111	 -46.633	   0.881	  35.576
821	 CA 	112	 -48.577	   3.859	  33.952
894	 CA 	116	 -54.986	   3.501	  36.766
1467	 CA 	151	 -38.858	   2.264	  -4.203
1477	 CA 	152	 -41.706	   3.402	  -6.576
1497	 CA 	153	 -40.155	   6.746	  -7.017
2201	 CA 	197	 -31.651	   6.735	  -7.617
2279	 CA 	202	 -30.897	   3.094	   0.341
2324	 CA 	206	 -30.669	  -1.351	   4.144
2373	 CA 	209	 -22.643	   0.038	  -0.714
2380	 CA 	210	 -22.028	   2.901	  -3.121
5325	 CA 	395	 -24.723	 -17.641	  21.766
5344	 CA 	396	 -24.709	 -15.062	  24.540
5356	 CA 	397	 -24.858	 -12.247	  21.866
5367	 CA 	398	 -22.071	 -10.176	  20.185
6370	 CA 	462	 -17.821	 -12.788	   4.036
6406	 CA 	465	 -19.529	 -16.909	   6.382
6933	 CA 	500	 -13.341	 -12.905	  14.879
6980	 CA 	503	 -14.499	 -13.639	  10.253
21341	CLA 	735	 -23.558	   2.897	   3.734
21342	CLA 	736	 -24.144	  -2.989	 -14.903
21344	CLA 	736	  31.711	  20.478	 -45.478
