786	 CA 	110	 -44.643	  -1.415	  34.163
806	 CA 	111	 -46.494	   1.706	  35.547
821	 CA 	112	 -48.602	   3.967	  33.228
894	 CA 	116	 -54.035	   4.499	  36.764
1467	 CA 	151	 -39.000	   2.972	  -4.047
1477	 CA 	152	 -41.990	   3.259	  -6.329
1497	 CA 	153	 -40.732	   6.825	  -7.266
2201	 CA 	197	 -32.322	   7.392	  -7.460
2279	 CA 	202	 -31.633	   3.802	   0.576
2324	 CA 	206	 -30.862	  -1.273	   4.027
2373	 CA 	209	 -23.063	  -0.310	  -1.826
2380	 CA 	210	 -21.749	   3.156	  -2.803
5325	 CA 	395	 -26.271	 -17.532	  21.902
5344	 CA 	396	 -26.024	 -15.644	  25.265
5356	 CA 	397	 -26.132	 -12.151	  23.439
5367	 CA 	398	 -23.261	 -10.884	  21.344
6370	 CA 	462	 -18.675	 -12.860	   3.776
6406	 CA 	465	 -20.014	 -16.899	   6.246
6933	 CA 	500	 -15.039	 -12.349	  14.980
6980	 CA 	503	 -15.625	 -13.275	   9.901
21341	CLA 	735	 -23.356	   3.242	   3.780
21342	CLA 	736	 -24.011	  -2.361	 -15.151
21344	CLA 	736	  33.581	   3.724	 -23.054
