786	 CA 	110	 -47.605	  -3.121	  32.848
806	 CA 	111	 -50.127	  -0.656	  34.427
821	 CA 	112	 -51.106	   2.813	  33.328
894	 CA 	116	 -58.093	   2.987	  37.133
1467	 CA 	151	 -39.048	   2.008	  -4.345
1477	 CA 	152	 -41.847	   3.075	  -6.842
1497	 CA 	153	 -40.209	   6.508	  -7.212
2201	 CA 	197	 -32.011	   7.275	  -7.666
2279	 CA 	202	 -31.404	   3.389	  -0.068
2324	 CA 	206	 -30.873	  -1.738	   3.484
2373	 CA 	209	 -22.943	  -0.820	  -2.373
2380	 CA 	210	 -21.712	   2.749	  -2.680
5325	 CA 	395	 -25.732	 -17.415	  20.595
5344	 CA 	396	 -26.036	 -14.648	  23.279
5356	 CA 	397	 -25.217	 -11.837	  20.802
5367	 CA 	398	 -21.627	 -11.568	  19.242
6370	 CA 	462	 -17.498	 -13.527	   3.682
6406	 CA 	465	 -19.495	 -17.695	   5.955
6933	 CA 	500	 -14.397	 -13.640	  14.899
6980	 CA 	503	 -14.960	 -13.922	   9.949
21341	CLA 	735	 -22.598	   1.770	   3.240
21342	CLA 	736	 -24.596	  -2.083	 -15.349
21344	CLA 	736	  34.636	   6.561	 -14.107
