786	 CA 	110	 -46.404	  -0.425	  32.629
806	 CA 	111	 -48.071	   2.512	  34.385
821	 CA 	112	 -49.940	   5.543	  32.852
894	 CA 	116	 -56.084	   4.600	  36.698
1467	 CA 	151	 -39.085	   1.161	  -3.809
1477	 CA 	152	 -41.996	   2.172	  -6.140
1497	 CA 	153	 -40.664	   5.702	  -6.580
2201	 CA 	197	 -32.232	   6.809	  -8.147
2279	 CA 	202	 -30.909	   3.727	  -0.142
2324	 CA 	206	 -30.584	  -0.998	   3.569
2373	 CA 	209	 -22.510	   0.098	  -1.462
2380	 CA 	210	 -21.283	   3.277	  -3.063
5325	 CA 	395	 -23.753	 -18.404	  24.281
5344	 CA 	396	 -27.507	 -18.649	  24.963
5356	 CA 	397	 -28.175	 -15.579	  22.754
5367	 CA 	398	 -25.744	 -13.274	  20.858
6370	 CA 	462	 -18.126	 -12.661	   4.316
6406	 CA 	465	 -19.263	 -16.719	   6.690
6933	 CA 	500	 -13.795	 -11.261	  15.723
6980	 CA 	503	 -14.874	 -12.856	  10.698
21341	CLA 	735	 -21.728	   3.782	   2.121
21342	CLA 	736	 -24.766	  -2.132	 -15.197
21344	CLA 	736	  31.929	   4.263	 -14.299
