786	 CA 	110	 -51.201	   2.238	  34.663
806	 CA 	111	 -53.594	   5.220	  34.804
821	 CA 	112	 -55.444	   6.754	  31.819
894	 CA 	116	 -62.601	   5.280	  32.865
1467	 CA 	151	 -39.000	   1.457	  -3.783
1477	 CA 	152	 -41.984	   2.179	  -5.979
1497	 CA 	153	 -40.979	   5.796	  -6.401
2201	 CA 	197	 -32.205	   6.809	  -7.286
2279	 CA 	202	 -30.946	   3.741	   0.694
2324	 CA 	206	 -30.157	  -1.099	   3.239
2373	 CA 	209	 -22.461	  -0.435	  -2.590
2380	 CA 	210	 -21.686	   3.226	  -3.253
5325	 CA 	395	 -24.217	 -19.239	  25.818
5344	 CA 	396	 -27.677	 -19.028	  24.318
5356	 CA 	397	 -28.264	 -15.685	  22.816
5367	 CA 	398	 -25.626	 -14.416	  20.378
6370	 CA 	462	 -18.222	 -12.578	   4.538
6406	 CA 	465	 -20.132	 -16.581	   7.031
6933	 CA 	500	 -14.392	 -12.917	  16.055
6980	 CA 	503	 -14.691	 -13.467	  10.838
21341	CLA 	735	 -21.675	   3.039	   3.306
21342	CLA 	736	 -25.269	  -1.904	 -14.820
21344	CLA 	736	  29.841	   1.923	 -14.136
