786	 CA 	110	 -48.582	  -1.910	  32.082
806	 CA 	111	 -50.721	   1.293	  32.789
821	 CA 	112	 -52.705	   3.813	  30.862
894	 CA 	116	 -56.881	   2.858	  35.260
1467	 CA 	151	 -38.861	   1.980	  -4.659
1477	 CA 	152	 -41.678	   2.488	  -7.154
1497	 CA 	153	 -40.350	   6.020	  -8.149
2201	 CA 	197	 -32.033	   7.192	  -8.386
2279	 CA 	202	 -31.579	   3.394	  -0.965
2324	 CA 	206	 -31.029	  -1.049	   2.987
2373	 CA 	209	 -22.769	  -0.737	  -1.911
2380	 CA 	210	 -21.902	   2.877	  -2.983
5325	 CA 	395	 -25.817	 -17.418	  20.728
5344	 CA 	396	 -25.721	 -15.881	  24.230
5356	 CA 	397	 -26.052	 -12.346	  22.892
5367	 CA 	398	 -23.544	  -9.677	  21.684
6370	 CA 	462	 -18.099	 -12.834	   4.327
6406	 CA 	465	 -19.904	 -16.744	   6.160
6933	 CA 	500	 -14.818	 -12.797	  15.318
6980	 CA 	503	 -15.470	 -13.581	  10.569
21341	CLA 	735	 -22.294	   2.570	   3.373
21342	CLA 	736	 -24.520	  -2.715	 -15.005
21344	CLA 	736	  34.329	   5.561	  -8.754
