786	 CA 	110	 -47.697	  -1.487	  32.074
806	 CA 	111	 -49.929	   1.523	  33.062
821	 CA 	112	 -51.512	   4.304	  30.975
894	 CA 	116	 -57.628	   3.518	  35.094
1467	 CA 	151	 -39.009	   2.710	  -4.531
1477	 CA 	152	 -42.019	   3.382	  -6.858
1497	 CA 	153	 -40.814	   7.059	  -7.446
2201	 CA 	197	 -31.902	   7.735	  -8.711
2279	 CA 	202	 -31.503	   3.928	  -0.850
2324	 CA 	206	 -31.081	  -0.641	   2.702
2373	 CA 	209	 -23.204	  -0.003	  -2.156
2380	 CA 	210	 -21.974	   3.282	  -3.566
5325	 CA 	395	 -27.010	 -18.031	  23.100
5344	 CA 	396	 -29.559	 -15.901	  25.139
5356	 CA 	397	 -27.863	 -12.635	  24.063
5367	 CA 	398	 -25.047	 -11.724	  21.661
6370	 CA 	462	 -18.590	 -12.472	   3.913
6406	 CA 	465	 -19.866	 -16.505	   6.245
6933	 CA 	500	 -15.089	 -12.523	  15.396
6980	 CA 	503	 -15.651	 -13.258	  10.420
21341	CLA 	735	 -21.807	   3.029	   1.486
21342	CLA 	736	 -24.450	  -2.609	 -14.856
21344	CLA 	736	  34.438	   4.887	  -9.841
