786	 CA 	110	 -45.713	  -2.910	  32.618
806	 CA 	111	 -47.910	   0.126	  33.580
821	 CA 	112	 -50.225	   2.867	  32.351
894	 CA 	116	 -56.922	   2.107	  36.386
1467	 CA 	151	 -38.261	   1.947	  -3.841
1477	 CA 	152	 -41.383	   2.487	  -6.022
1497	 CA 	153	 -40.288	   6.121	  -6.340
2201	 CA 	197	 -31.622	   6.791	  -7.651
2279	 CA 	202	 -30.450	   3.162	   0.211
2324	 CA 	206	 -30.333	  -1.191	   3.821
2373	 CA 	209	 -22.675	  -0.120	  -1.726
2380	 CA 	210	 -21.717	   3.390	  -3.175
5325	 CA 	395	 -23.719	 -19.238	  24.102
5344	 CA 	396	 -27.583	 -18.799	  24.469
5356	 CA 	397	 -27.831	 -15.295	  23.042
5367	 CA 	398	 -25.793	 -12.975	  20.663
6370	 CA 	462	 -17.785	 -12.313	   4.524
6406	 CA 	465	 -19.148	 -16.541	   6.766
6933	 CA 	500	 -13.182	 -12.020	  15.324
6980	 CA 	503	 -14.629	 -12.991	  10.818
21341	CLA 	735	 -21.524	   2.538	   1.619
21342	CLA 	736	 -24.634	  -2.659	 -15.114
21344	CLA 	736	  33.421	   3.502	 -13.277
