786	 CA 	110	 -47.390	  -2.560	  30.955
806	 CA 	111	 -50.174	  -0.230	  32.126
821	 CA 	112	 -52.256	   2.730	  30.813
894	 CA 	116	 -59.213	   2.792	  34.113
1467	 CA 	151	 -38.496	   1.902	  -4.644
1477	 CA 	152	 -41.572	   2.560	  -6.832
1497	 CA 	153	 -40.502	   6.229	  -7.196
2201	 CA 	197	 -32.060	   7.291	  -8.418
2279	 CA 	202	 -30.326	   4.021	  -0.423
2324	 CA 	206	 -30.302	  -1.316	   2.658
2373	 CA 	209	 -22.260	  -0.109	  -1.968
2380	 CA 	210	 -21.481	   3.485	  -2.926
5325	 CA 	395	 -24.628	 -17.629	  24.115
5344	 CA 	396	 -28.347	 -17.096	  24.505
5356	 CA 	397	 -28.892	 -13.639	  22.854
5367	 CA 	398	 -26.944	 -10.917	  20.734
6370	 CA 	462	 -18.121	 -12.088	   4.329
6406	 CA 	465	 -19.568	 -16.143	   6.642
6933	 CA 	500	 -14.281	 -11.731	  15.288
6980	 CA 	503	 -14.999	 -12.562	  10.710
21341	CLA 	735	 -20.898	   3.406	   2.206
21342	CLA 	736	 -24.528	  -2.823	 -15.035
21344	CLA 	736	  33.624	   4.814	 -12.892
