786	 CA 	110	 -46.891	  -1.153	  31.934
806	 CA 	111	 -49.090	   1.681	  33.293
821	 CA 	112	 -50.846	   4.635	  31.644
894	 CA 	116	 -56.303	   4.319	  36.039
1467	 CA 	151	 -39.142	   2.307	  -4.200
1477	 CA 	152	 -41.909	   2.830	  -6.987
1497	 CA 	153	 -40.404	   6.432	  -7.509
2201	 CA 	197	 -32.353	   8.010	  -8.498
2279	 CA 	202	 -31.778	   3.830	  -0.601
2324	 CA 	206	 -31.816	  -1.451	   2.269
2373	 CA 	209	 -23.391	  -0.554	  -2.545
2380	 CA 	210	 -22.369	   3.022	  -3.317
5325	 CA 	395	 -26.746	 -18.563	  21.337
5344	 CA 	396	 -26.945	 -16.825	  24.728
5356	 CA 	397	 -26.967	 -13.412	  23.044
5367	 CA 	398	 -23.911	 -11.578	  21.450
6370	 CA 	462	 -18.794	 -13.177	   4.150
6406	 CA 	465	 -20.487	 -17.235	   6.488
6933	 CA 	500	 -14.950	 -12.526	  15.078
6980	 CA 	503	 -16.043	 -13.657	  10.242
21341	CLA 	735	 -21.848	   2.935	   1.945
21342	CLA 	736	 -24.625	  -2.856	 -14.949
21344	CLA 	736	  34.577	   4.476	 -10.429
