786	 CA 	110	 -47.727	  -1.672	  30.559
806	 CA 	111	 -50.125	   1.172	  31.696
821	 CA 	112	 -52.112	   4.172	  30.433
894	 CA 	116	 -58.489	   2.449	  34.516
1467	 CA 	151	 -39.427	   2.296	  -5.326
1477	 CA 	152	 -42.158	   2.992	  -7.964
1497	 CA 	153	 -40.902	   6.637	  -8.285
2201	 CA 	197	 -32.012	   6.981	  -9.574
2279	 CA 	202	 -31.498	   4.301	  -1.412
2324	 CA 	206	 -31.645	  -0.515	   2.056
2373	 CA 	209	 -23.303	  -0.495	  -2.513
2380	 CA 	210	 -22.095	   3.100	  -3.343
5325	 CA 	395	 -26.866	 -18.300	  23.059
5344	 CA 	396	 -30.580	 -17.533	  23.669
5356	 CA 	397	 -29.770	 -13.924	  22.674
5367	 CA 	398	 -26.558	 -12.422	  21.073
6370	 CA 	462	 -19.302	 -12.511	   4.094
6406	 CA 	465	 -20.770	 -16.414	   6.338
6933	 CA 	500	 -15.888	 -12.327	  15.650
6980	 CA 	503	 -16.637	 -12.961	  10.672
21341	CLA 	735	 -21.745	   3.207	   1.452
21342	CLA 	736	 -25.065	  -3.003	 -14.899
21344	CLA 	736	  34.283	   5.516	  -7.990
