786	 CA 	110	 -47.574	  -1.771	  32.087
806	 CA 	111	 -49.922	   0.641	  34.043
821	 CA 	112	 -52.241	   3.476	  32.804
894	 CA 	116	 -59.733	   2.682	  35.741
1467	 CA 	151	 -39.252	   1.934	  -4.029
1477	 CA 	152	 -42.191	   3.010	  -6.268
1497	 CA 	153	 -40.658	   6.573	  -6.803
2201	 CA 	197	 -32.180	   7.392	  -7.877
2279	 CA 	202	 -31.303	   3.614	  -0.065
2324	 CA 	206	 -30.732	  -1.231	   3.552
2373	 CA 	209	 -23.242	  -0.598	  -1.713
2380	 CA 	210	 -22.391	   2.879	  -3.030
5325	 CA 	395	 -25.405	 -17.570	  22.620
5344	 CA 	396	 -29.178	 -17.518	  22.683
5356	 CA 	397	 -28.617	 -13.985	  21.422
5367	 CA 	398	 -25.446	 -12.033	  20.543
6370	 CA 	462	 -18.531	 -13.300	   3.778
6406	 CA 	465	 -19.716	 -17.352	   5.869
6933	 CA 	500	 -14.712	 -12.914	  14.827
6980	 CA 	503	 -15.286	 -13.629	   9.943
21341	CLA 	735	 -21.723	   3.021	   1.484
21342	CLA 	736	 -24.833	  -2.132	 -14.653
21344	CLA 	736	  35.643	   6.342	  -9.460
