786	 CA 	110	 -47.324	  -1.239	  32.007
806	 CA 	111	 -49.448	   1.546	  33.736
821	 CA 	112	 -51.293	   4.268	  31.708
894	 CA 	116	 -57.997	   3.977	  34.500
1467	 CA 	151	 -38.077	   0.887	  -4.360
1477	 CA 	152	 -41.169	   1.649	  -6.590
1497	 CA 	153	 -40.184	   5.394	  -6.990
2201	 CA 	197	 -31.892	   6.788	  -7.964
2279	 CA 	202	 -30.529	   3.573	  -0.139
2324	 CA 	206	 -31.303	  -1.832	   3.104
2373	 CA 	209	 -22.374	  -0.295	  -1.503
2380	 CA 	210	 -21.595	   3.198	  -2.833
5325	 CA 	395	 -24.258	 -18.128	  24.245
5344	 CA 	396	 -27.668	 -16.685	  25.192
5356	 CA 	397	 -27.415	 -13.925	  22.506
5367	 CA 	398	 -24.432	 -12.698	  20.551
6370	 CA 	462	 -17.165	 -12.686	   5.075
6406	 CA 	465	 -18.401	 -16.935	   7.043
6933	 CA 	500	 -13.428	 -12.073	  15.572
6980	 CA 	503	 -14.026	 -12.894	  10.810
21341	CLA 	735	 -21.099	   3.570	   1.871
21342	CLA 	736	 -24.262	  -2.263	 -14.694
21344	CLA 	736	  32.677	   8.286	 -13.458
