786	 CA 	110	 -45.357	   3.442	  36.493
806	 CA 	111	 -48.619	   5.571	  36.912
821	 CA 	112	 -50.727	   6.694	  33.920
894	 CA 	116	 -56.668	   4.823	  36.846
1467	 CA 	151	 -38.901	   1.574	  -3.728
1477	 CA 	152	 -41.823	   2.006	  -5.989
1497	 CA 	153	 -40.503	   5.551	  -6.783
2201	 CA 	197	 -32.754	   6.314	  -7.459
2279	 CA 	202	 -31.131	   2.986	   0.410
2324	 CA 	206	 -30.718	  -0.969	   4.067
2373	 CA 	209	 -22.695	  -0.347	  -1.475
2380	 CA 	210	 -21.751	   3.056	  -3.138
5325	 CA 	395	 -24.820	 -15.475	  23.139
5344	 CA 	396	 -24.486	 -12.707	  25.694
5356	 CA 	397	 -24.806	 -10.123	  22.858
5367	 CA 	398	 -21.626	  -8.510	  21.247
6370	 CA 	462	 -17.638	 -12.500	   4.829
6406	 CA 	465	 -19.045	 -16.390	   7.231
6933	 CA 	500	 -13.189	 -11.843	  15.783
6980	 CA 	503	 -14.480	 -12.704	  10.999
21341	CLA 	735	 -23.450	   3.057	   3.637
21342	CLA 	736	 -24.935	  -3.184	 -14.676
21344	CLA 	736	  19.655	  33.610	 -38.807
