786	 CA 	110	 -49.723	   3.021	  34.202
806	 CA 	111	 -52.049	   6.007	  34.910
821	 CA 	112	 -54.513	   7.517	  32.422
894	 CA 	116	 -61.951	   3.491	  32.670
1467	 CA 	151	 -39.082	   1.245	  -3.313
1477	 CA 	152	 -42.157	   1.846	  -5.513
1497	 CA 	153	 -41.092	   5.523	  -6.259
2201	 CA 	197	 -32.839	   6.825	  -7.280
2279	 CA 	202	 -31.149	   3.743	   0.883
2324	 CA 	206	 -30.872	  -0.530	   3.006
2373	 CA 	209	 -22.723	  -0.084	  -1.747
2380	 CA 	210	 -21.780	   3.545	  -2.954
5325	 CA 	395	 -22.568	 -19.881	  25.343
5344	 CA 	396	 -26.188	 -19.699	  24.294
5356	 CA 	397	 -27.095	 -16.226	  22.853
5367	 CA 	398	 -24.337	 -14.236	  20.859
6370	 CA 	462	 -18.033	 -12.485	   3.742
6406	 CA 	465	 -19.222	 -16.486	   6.383
6933	 CA 	500	 -13.030	 -12.912	  15.571
6980	 CA 	503	 -13.897	 -14.051	  10.852
21341	CLA 	735	 -21.948	   3.592	   2.468
21342	CLA 	736	 -24.818	  -1.647	 -15.203
21344	CLA 	736	  29.680	   3.517	 -15.000
