786	 CA 	110	 -44.643	  -0.679	  34.432
806	 CA 	111	 -46.286	   2.447	  35.889
821	 CA 	112	 -48.649	   4.864	  34.039
894	 CA 	116	 -55.038	   5.796	  35.540
1467	 CA 	151	 -38.370	   2.404	  -3.989
1477	 CA 	152	 -41.511	   2.501	  -6.241
1497	 CA 	153	 -40.572	   6.181	  -7.234
2201	 CA 	197	 -32.646	   7.082	  -7.379
2279	 CA 	202	 -31.757	   3.406	   0.459
2324	 CA 	206	 -31.411	  -1.316	   3.714
2373	 CA 	209	 -23.514	  -0.189	  -1.851
2380	 CA 	210	 -21.901	   3.277	  -2.493
5325	 CA 	395	 -25.207	 -18.249	  22.053
5344	 CA 	396	 -25.116	 -15.933	  25.154
5356	 CA 	397	 -25.991	 -12.780	  23.092
5367	 CA 	398	 -23.220	 -10.875	  21.308
6370	 CA 	462	 -18.051	 -12.601	   4.077
6406	 CA 	465	 -19.275	 -16.464	   6.480
6933	 CA 	500	 -13.971	 -11.718	  15.538
6980	 CA 	503	 -14.641	 -12.735	  10.670
21341	CLA 	735	 -23.844	   2.997	   3.134
21342	CLA 	736	 -24.441	  -3.279	 -14.508
21344	CLA 	736	  38.344	   2.388	 -26.321
