786	 CA 	110	 -45.897	  -4.661	  32.973
806	 CA 	111	 -48.071	  -1.821	  34.532
821	 CA 	112	 -49.267	   1.552	  33.197
894	 CA 	116	 -55.567	   1.365	  36.968
1467	 CA 	151	 -38.897	   3.021	  -4.720
1477	 CA 	152	 -41.886	   3.460	  -7.158
1497	 CA 	153	 -40.626	   6.966	  -8.263
2201	 CA 	197	 -32.401	   7.262	  -8.254
2279	 CA 	202	 -32.100	   3.570	  -0.504
2324	 CA 	206	 -31.926	  -1.601	   2.162
2373	 CA 	209	 -23.285	  -0.208	  -1.978
2380	 CA 	210	 -22.113	   3.119	  -2.958
5325	 CA 	395	 -27.047	 -15.937	  21.616
5344	 CA 	396	 -27.514	 -13.551	  24.554
5356	 CA 	397	 -26.929	 -10.621	  22.213
5367	 CA 	398	 -23.451	  -9.884	  21.048
6370	 CA 	462	 -19.032	 -12.587	   4.133
6406	 CA 	465	 -20.278	 -16.550	   6.426
6933	 CA 	500	 -15.002	 -12.033	  15.271
6980	 CA 	503	 -15.765	 -12.975	  10.435
21341	CLA 	735	 -23.704	   3.145	   3.223
21342	CLA 	736	 -24.363	  -3.151	 -14.642
21344	CLA 	736	  32.893	   6.282	 -16.854
