786	 CA 	110	 -47.033	  -0.410	  33.649
806	 CA 	111	 -48.938	   2.589	  35.027
821	 CA 	112	 -51.151	   4.863	  32.845
894	 CA 	116	 -57.791	   3.164	  36.115
1467	 CA 	151	 -38.520	   1.749	  -3.325
1477	 CA 	152	 -41.662	   2.904	  -5.299
1497	 CA 	153	 -40.343	   6.424	  -5.972
2201	 CA 	197	 -32.001	   7.329	  -7.364
2279	 CA 	202	 -30.442	   3.578	   0.337
2324	 CA 	206	 -30.361	  -0.495	   3.627
2373	 CA 	209	 -22.331	  -0.482	  -1.644
2380	 CA 	210	 -21.389	   2.959	  -2.965
5325	 CA 	395	 -22.578	 -18.747	  26.254
5344	 CA 	396	 -26.377	 -18.845	  25.509
5356	 CA 	397	 -27.749	 -15.513	  24.284
5367	 CA 	398	 -25.314	 -13.908	  21.738
6370	 CA 	462	 -17.478	 -12.872	   4.365
6406	 CA 	465	 -19.151	 -16.559	   6.989
6933	 CA 	500	 -13.254	 -11.797	  15.790
6980	 CA 	503	 -14.245	 -12.861	  10.591
21341	CLA 	735	 -20.958	   2.292	   2.391
21342	CLA 	736	 -24.792	  -1.930	 -14.976
21344	CLA 	736	  34.666	   1.675	 -13.677
