786	 CA 	110	 -47.657	  -2.957	  33.660
806	 CA 	111	 -50.017	  -0.028	  33.729
821	 CA 	112	 -51.294	   2.854	  31.610
894	 CA 	116	 -57.088	   3.282	  35.684
1467	 CA 	151	 -38.396	   2.113	  -3.357
1477	 CA 	152	 -41.336	   2.500	  -5.801
1497	 CA 	153	 -40.243	   6.051	  -6.671
2201	 CA 	197	 -31.910	   7.173	  -7.912
2279	 CA 	202	 -31.183	   3.594	  -0.119
2324	 CA 	206	 -31.302	  -0.980	   3.092
2373	 CA 	209	 -22.869	  -0.299	  -1.863
2380	 CA 	210	 -21.781	   3.196	  -3.045
5325	 CA 	395	 -26.746	 -16.924	  21.140
5344	 CA 	396	 -25.832	 -14.302	  23.921
5356	 CA 	397	 -26.076	 -11.032	  21.798
5367	 CA 	398	 -23.255	  -9.818	  19.424
6370	 CA 	462	 -18.468	 -12.649	   4.032
6406	 CA 	465	 -19.365	 -16.652	   6.215
6933	 CA 	500	 -14.346	 -11.885	  15.111
6980	 CA 	503	 -15.000	 -12.991	  10.317
21341	CLA 	735	 -22.965	   3.082	   3.270
21342	CLA 	736	 -24.446	  -2.481	 -15.141
21344	CLA 	736	  36.367	   5.979	 -12.763
