786	 CA 	110	 -48.405	  -0.647	  32.294
806	 CA 	111	 -50.198	   2.421	  33.589
821	 CA 	112	 -51.227	   5.502	  31.540
894	 CA 	116	 -57.768	   4.968	  34.937
1467	 CA 	151	 -38.738	   3.161	  -4.404
1477	 CA 	152	 -41.715	   4.137	  -6.615
1497	 CA 	153	 -40.220	   7.634	  -7.139
2201	 CA 	197	 -31.688	   8.087	  -8.557
2279	 CA 	202	 -30.736	   4.883	  -0.484
2324	 CA 	206	 -31.283	  -0.192	   2.662
2373	 CA 	209	 -23.167	  -0.003	  -2.236
2380	 CA 	210	 -22.135	   3.554	  -3.233
5325	 CA 	395	 -26.823	 -16.976	  24.084
5344	 CA 	396	 -30.351	 -15.659	  24.404
5356	 CA 	397	 -28.638	 -12.294	  23.369
5367	 CA 	398	 -25.357	 -10.983	  22.155
6370	 CA 	462	 -19.060	 -12.725	   3.856
6406	 CA 	465	 -20.818	 -16.494	   6.393
6933	 CA 	500	 -15.606	 -12.766	  15.370
6980	 CA 	503	 -16.025	 -13.161	  10.290
21341	CLA 	735	 -21.469	   3.257	   1.058
21342	CLA 	736	 -25.089	  -2.333	 -14.856
21344	CLA 	736	  33.828	   4.766	  -9.457
