786	 CA 	110	 -45.296	  -3.124	  32.682
806	 CA 	111	 -48.200	  -0.664	  33.299
821	 CA 	112	 -49.802	   2.435	  31.785
894	 CA 	116	 -55.980	   3.206	  36.846
1467	 CA 	151	 -38.637	   2.814	  -4.858
1477	 CA 	152	 -41.577	   3.103	  -7.313
1497	 CA 	153	 -40.566	   6.731	  -8.166
2201	 CA 	197	 -32.698	   7.292	  -8.446
2279	 CA 	202	 -31.860	   3.635	  -0.642
2324	 CA 	206	 -30.841	  -1.820	   2.519
2373	 CA 	209	 -22.912	  -0.108	  -2.514
2380	 CA 	210	 -21.762	   3.458	  -3.528
5325	 CA 	395	 -26.885	 -17.804	  21.764
5344	 CA 	396	 -28.459	 -15.831	  24.559
5356	 CA 	397	 -26.685	 -12.714	  23.197
5367	 CA 	398	 -23.674	 -11.509	  21.421
6370	 CA 	462	 -18.039	 -12.880	   3.725
6406	 CA 	465	 -19.165	 -17.410	   6.120
6933	 CA 	500	 -14.656	 -12.813	  14.985
6980	 CA 	503	 -15.148	 -13.596	  10.217
21341	CLA 	735	 -21.592	   2.660	   1.242
21342	CLA 	736	 -24.764	  -3.108	 -14.717
21344	CLA 	736	  33.456	   4.992	 -11.217
