786	 CA 	110	 -50.862	   2.951	  33.309
806	 CA 	111	 -52.654	   6.198	  34.213
821	 CA 	112	 -55.235	   6.943	  31.519
894	 CA 	116	 -61.523	   2.576	  32.728
1467	 CA 	151	 -39.379	   0.944	  -4.158
1477	 CA 	152	 -42.550	   1.770	  -6.318
1497	 CA 	153	 -41.101	   5.263	  -6.931
2201	 CA 	197	 -32.634	   6.345	  -7.465
2279	 CA 	202	 -30.718	   2.990	   0.421
2324	 CA 	206	 -30.960	  -2.371	   2.671
2373	 CA 	209	 -22.548	  -0.557	  -2.378
2380	 CA 	210	 -21.789	   2.971	  -3.336
5325	 CA 	395	 -22.904	 -20.882	  24.706
5344	 CA 	396	 -26.526	 -20.071	  23.982
5356	 CA 	397	 -26.445	 -16.720	  22.190
5367	 CA 	398	 -23.735	 -14.728	  20.516
6370	 CA 	462	 -17.408	 -13.052	   3.554
6406	 CA 	465	 -18.864	 -17.292	   6.251
6933	 CA 	500	 -13.147	 -13.859	  15.394
6980	 CA 	503	 -13.330	 -14.678	  10.724
21341	CLA 	735	 -20.607	   3.077	   2.101
21342	CLA 	736	 -25.076	  -2.079	 -15.429
21344	CLA 	736	  30.641	   2.467	 -15.258
