786	 CA 	110	 -45.909	  -1.137	  33.426
806	 CA 	111	 -48.417	   1.567	  34.202
821	 CA 	112	 -49.376	   4.816	  32.237
894	 CA 	116	 -56.241	   4.264	  36.794
1467	 CA 	151	 -38.778	   1.284	  -3.912
1477	 CA 	152	 -41.714	   1.609	  -6.423
1497	 CA 	153	 -40.538	   5.145	  -7.127
2201	 CA 	197	 -32.519	   6.801	  -8.312
2279	 CA 	202	 -31.319	   3.067	  -0.741
2324	 CA 	206	 -31.020	  -1.975	   2.913
2373	 CA 	209	 -22.951	  -0.546	  -2.089
2380	 CA 	210	 -22.206	   3.047	  -3.308
5325	 CA 	395	 -26.258	 -17.570	  21.951
5344	 CA 	396	 -28.150	 -15.596	  24.695
5356	 CA 	397	 -27.136	 -12.343	  22.918
5367	 CA 	398	 -23.900	 -11.160	  21.348
6370	 CA 	462	 -17.883	 -12.819	   4.150
6406	 CA 	465	 -19.096	 -17.057	   6.252
6933	 CA 	500	 -14.396	 -12.530	  15.454
6980	 CA 	503	 -14.595	 -13.389	  10.594
21341	CLA 	735	 -21.706	   3.051	   1.488
21342	CLA 	736	 -24.734	  -2.741	 -15.101
21344	CLA 	736	  34.316	   5.469	 -12.061
