786	 CA 	110	 -48.097	  -1.728	  31.293
806	 CA 	111	 -50.203	   1.257	  32.551
821	 CA 	112	 -51.812	   4.263	  30.834
894	 CA 	116	 -59.023	   3.293	  34.019
1467	 CA 	151	 -39.577	   2.908	  -5.013
1477	 CA 	152	 -42.252	   3.197	  -7.590
1497	 CA 	153	 -41.158	   6.774	  -8.454
2201	 CA 	197	 -32.456	   7.485	  -8.561
2279	 CA 	202	 -31.961	   4.582	  -0.776
2324	 CA 	206	 -31.943	  -0.365	   2.763
2373	 CA 	209	 -23.204	  -0.048	  -2.329
2380	 CA 	210	 -22.443	   3.571	  -3.241
5325	 CA 	395	 -27.211	 -16.718	  23.752
5344	 CA 	396	 -30.789	 -15.878	  24.104
5356	 CA 	397	 -29.508	 -12.511	  22.847
5367	 CA 	398	 -26.242	 -11.235	  21.180
6370	 CA 	462	 -18.685	 -12.157	   4.623
6406	 CA 	465	 -20.222	 -16.399	   6.942
6933	 CA 	500	 -15.326	 -11.572	  15.852
6980	 CA 	503	 -15.684	 -12.716	  11.074
21341	CLA 	735	 -22.251	   3.425	   1.396
21342	CLA 	736	 -24.882	  -2.357	 -15.491
21344	CLA 	736	  33.718	   6.148	  -9.601
