786	 CA 	110	 -49.364	  -0.779	  31.272
806	 CA 	111	 -51.255	   2.425	  32.252
821	 CA 	112	 -53.036	   4.816	  29.766
894	 CA 	116	 -57.961	   4.463	  34.363
1467	 CA 	151	 -39.080	   2.525	  -4.745
1477	 CA 	152	 -42.102	   3.215	  -6.995
1497	 CA 	153	 -40.637	   6.735	  -7.740
2201	 CA 	197	 -32.621	   7.408	  -8.347
2279	 CA 	202	 -31.664	   3.221	  -0.528
2324	 CA 	206	 -31.329	  -1.373	   2.891
2373	 CA 	209	 -23.032	  -0.234	  -2.236
2380	 CA 	210	 -22.017	   3.398	  -3.154
5325	 CA 	395	 -26.502	 -16.176	  19.661
5344	 CA 	396	 -27.082	 -15.267	  23.407
5356	 CA 	397	 -26.932	 -11.422	  22.246
5367	 CA 	398	 -23.970	  -9.059	  21.580
6370	 CA 	462	 -18.709	 -12.828	   3.674
6406	 CA 	465	 -19.742	 -17.067	   6.033
6933	 CA 	500	 -14.198	 -12.453	  15.089
6980	 CA 	503	 -15.315	 -13.392	  10.349
21341	CLA 	735	 -23.182	   3.450	   3.899
21342	CLA 	736	 -24.954	  -2.872	 -14.727
21344	CLA 	736	  33.860	   5.619	  -9.901
