786	 CA 	110	 -45.356	  -1.271	  34.880
806	 CA 	111	 -47.998	   1.436	  35.580
821	 CA 	112	 -49.562	   4.240	  33.676
894	 CA 	116	 -55.557	   4.293	  36.673
1467	 CA 	151	 -39.316	   2.139	  -4.265
1477	 CA 	152	 -42.348	   2.592	  -6.566
1497	 CA 	153	 -41.235	   6.075	  -7.698
2201	 CA 	197	 -32.934	   6.425	  -8.232
2279	 CA 	202	 -32.463	   2.849	  -0.192
2324	 CA 	206	 -31.108	  -2.428	   2.748
2373	 CA 	209	 -23.216	  -0.394	  -1.782
2380	 CA 	210	 -22.029	   3.139	  -2.812
5325	 CA 	395	 -25.332	 -17.196	  22.163
5344	 CA 	396	 -24.623	 -14.570	  24.981
5356	 CA 	397	 -24.544	 -11.702	  22.364
5367	 CA 	398	 -21.391	 -10.616	  20.520
6370	 CA 	462	 -18.150	 -12.943	   3.936
6406	 CA 	465	 -19.536	 -17.119	   6.129
6933	 CA 	500	 -14.511	 -12.621	  15.168
6980	 CA 	503	 -15.239	 -13.664	  10.066
21341	CLA 	735	 -23.778	   3.085	   2.746
21342	CLA 	736	 -24.676	  -2.939	 -14.875
21344	CLA 	736	  33.083	   7.255	 -18.460
