786	 CA 	110	 -44.835	  -1.885	  35.517
806	 CA 	111	 -46.662	   1.482	  35.972
821	 CA 	112	 -48.352	   3.919	  33.583
894	 CA 	116	 -54.492	   4.432	  35.743
1467	 CA 	151	 -38.459	   2.619	  -4.030
1477	 CA 	152	 -41.581	   2.988	  -6.292
1497	 CA 	153	 -40.500	   6.587	  -7.279
2201	 CA 	197	 -32.090	   7.323	  -7.567
2279	 CA 	202	 -31.402	   3.412	   0.145
2324	 CA 	206	 -30.629	  -1.733	   3.302
2373	 CA 	209	 -22.820	  -0.392	  -1.876
2380	 CA 	210	 -21.735	   3.155	  -2.780
5325	 CA 	395	 -26.280	 -17.729	  21.832
5344	 CA 	396	 -25.044	 -16.054	  25.127
5356	 CA 	397	 -25.426	 -12.712	  23.198
5367	 CA 	398	 -22.914	 -10.707	  21.159
6370	 CA 	462	 -18.218	 -12.910	   3.454
6406	 CA 	465	 -19.459	 -17.223	   6.001
6933	 CA 	500	 -14.034	 -12.488	  14.674
6980	 CA 	503	 -14.842	 -13.635	   9.924
21341	CLA 	735	 -23.301	   3.965	   2.969
21342	CLA 	736	 -24.415	  -2.122	 -15.408
21344	CLA 	736	  35.582	   1.672	 -22.415
