786	 CA 	110	 -49.537	   0.991	  33.508
806	 CA 	111	 -51.733	   4.035	  34.186
821	 CA 	112	 -53.142	   6.165	  31.250
894	 CA 	116	 -60.905	   4.628	  33.317
1467	 CA 	151	 -38.846	   1.499	  -3.426
1477	 CA 	152	 -41.746	   2.275	  -5.782
1497	 CA 	153	 -40.621	   5.836	  -6.385
2201	 CA 	197	 -32.446	   6.822	  -7.245
2279	 CA 	202	 -31.020	   3.709	   0.835
2324	 CA 	206	 -31.042	  -0.945	   3.946
2373	 CA 	209	 -22.806	  -0.474	  -2.124
2380	 CA 	210	 -22.210	   3.084	  -3.114
5325	 CA 	395	 -23.112	 -18.869	  25.977
5344	 CA 	396	 -26.736	 -18.190	  25.357
5356	 CA 	397	 -27.575	 -15.384	  22.931
5367	 CA 	398	 -25.100	 -13.631	  20.554
6370	 CA 	462	 -17.601	 -12.577	   4.412
6406	 CA 	465	 -19.164	 -16.481	   7.009
6933	 CA 	500	 -13.592	 -12.344	  15.620
6980	 CA 	503	 -14.211	 -13.208	  10.823
21341	CLA 	735	 -20.653	   3.511	   1.807
21342	CLA 	736	 -24.345	  -2.137	 -15.124
21344	CLA 	736	  29.847	   3.102	 -14.464
