786	 CA 	110	 -48.948	  -2.725	  31.586
806	 CA 	111	 -50.896	   0.356	  32.727
821	 CA 	112	 -52.915	   3.089	  30.990
894	 CA 	116	 -60.091	   1.255	  34.433
1467	 CA 	151	 -39.211	   2.237	  -4.367
1477	 CA 	152	 -42.278	   2.802	  -6.692
1497	 CA 	153	 -41.159	   6.425	  -7.060
2201	 CA 	197	 -32.611	   7.175	  -8.053
2279	 CA 	202	 -31.443	   3.204	  -0.448
2324	 CA 	206	 -31.298	  -1.691	   2.531
2373	 CA 	209	 -23.230	  -0.415	  -2.304
2380	 CA 	210	 -21.994	   3.053	  -3.468
5325	 CA 	395	 -26.146	 -17.912	  23.492
5344	 CA 	396	 -29.939	 -17.471	  24.237
5356	 CA 	397	 -30.252	 -14.093	  22.459
5367	 CA 	398	 -27.912	 -11.821	  20.408
6370	 CA 	462	 -18.620	 -12.914	   3.595
6406	 CA 	465	 -20.092	 -16.850	   5.964
6933	 CA 	500	 -15.696	 -13.079	  15.030
6980	 CA 	503	 -15.672	 -13.449	  10.268
21341	CLA 	735	 -21.969	   2.779	   1.392
21342	CLA 	736	 -25.048	  -3.071	 -14.674
21344	CLA 	736	  33.555	   7.285	  -8.722
