786	 CA 	110	 -48.281	  -1.102	  33.613
806	 CA 	111	 -51.158	   1.320	  34.469
821	 CA 	112	 -53.064	   4.116	  32.708
894	 CA 	116	 -58.043	   3.921	  37.028
1467	 CA 	151	 -38.728	   1.402	  -3.716
1477	 CA 	152	 -41.440	   1.729	  -6.294
1497	 CA 	153	 -40.410	   5.467	  -6.975
2201	 CA 	197	 -32.386	   6.959	  -7.756
2279	 CA 	202	 -31.732	   2.862	  -0.251
2324	 CA 	206	 -31.707	  -1.946	   3.021
2373	 CA 	209	 -23.033	  -0.155	  -1.708
2380	 CA 	210	 -22.037	   3.304	  -2.670
5325	 CA 	395	 -26.597	 -16.910	  21.311
5344	 CA 	396	 -26.989	 -14.278	  24.021
5356	 CA 	397	 -26.252	 -11.402	  21.513
5367	 CA 	398	 -23.054	 -10.186	  19.843
6370	 CA 	462	 -18.160	 -12.774	   4.480
6406	 CA 	465	 -19.261	 -16.875	   6.769
6933	 CA 	500	 -15.041	 -12.466	  15.810
6980	 CA 	503	 -15.043	 -13.186	  10.881
21341	CLA 	735	 -23.026	   3.420	   3.686
21342	CLA 	736	 -24.583	  -2.630	 -14.740
21344	CLA 	736	  32.918	   6.377	 -10.286
