786	 CA 	110	 -47.512	  -2.107	  32.947
806	 CA 	111	 -48.684	   1.437	  33.529
821	 CA 	112	 -50.926	   3.561	  31.206
894	 CA 	116	 -54.957	   2.602	  36.059
1467	 CA 	151	 -38.783	   1.790	  -4.143
1477	 CA 	152	 -41.862	   2.654	  -6.478
1497	 CA 	153	 -40.492	   6.209	  -7.085
2201	 CA 	197	 -32.083	   7.135	  -8.100
2279	 CA 	202	 -31.374	   3.248	  -0.420
2324	 CA 	206	 -30.885	  -1.578	   3.187
2373	 CA 	209	 -22.365	  -0.469	  -1.802
2380	 CA 	210	 -21.391	   3.107	  -2.967
5325	 CA 	395	 -25.090	 -17.867	  20.567
5344	 CA 	396	 -25.670	 -16.537	  24.133
5356	 CA 	397	 -25.675	 -12.843	  22.731
5367	 CA 	398	 -22.656	 -10.504	  22.267
6370	 CA 	462	 -18.200	 -12.990	   4.061
6406	 CA 	465	 -19.338	 -17.132	   6.386
6933	 CA 	500	 -14.056	 -12.407	  15.110
6980	 CA 	503	 -14.790	 -13.094	  10.404
21341	CLA 	735	 -22.711	   2.985	   4.027
21342	CLA 	736	 -24.532	  -3.080	 -14.692
21344	CLA 	736	  33.416	   5.483	 -10.837
