786	 CA 	110	 -46.341	  -1.643	  32.944
806	 CA 	111	 -49.094	   0.917	  33.732
821	 CA 	112	 -51.206	   3.464	  31.821
894	 CA 	116	 -58.271	   2.629	  34.745
1467	 CA 	151	 -38.284	   1.991	  -4.243
1477	 CA 	152	 -41.258	   3.009	  -6.554
1497	 CA 	153	 -39.733	   6.474	  -6.822
2201	 CA 	197	 -31.224	   7.018	  -7.823
2279	 CA 	202	 -30.812	   3.416	  -0.238
2324	 CA 	206	 -31.099	  -1.196	   2.719
2373	 CA 	209	 -22.671	  -0.213	  -2.266
2380	 CA 	210	 -21.752	   3.345	  -3.307
5325	 CA 	395	 -25.913	 -17.523	  22.754
5344	 CA 	396	 -29.628	 -17.422	  22.950
5356	 CA 	397	 -28.985	 -13.782	  22.257
5367	 CA 	398	 -25.859	 -12.193	  20.707
6370	 CA 	462	 -18.731	 -12.860	   4.229
6406	 CA 	465	 -19.947	 -16.979	   6.209
6933	 CA 	500	 -14.356	 -12.058	  15.070
6980	 CA 	503	 -15.388	 -13.260	  10.275
21341	CLA 	735	 -22.549	   2.924	   2.433
21342	CLA 	736	 -24.900	  -3.092	 -14.871
21344	CLA 	736	  34.187	   4.663	 -10.197
