786	 CA 	110	 -47.056	   0.179	  32.136
806	 CA 	111	 -49.038	   3.143	  33.445
821	 CA 	112	 -51.250	   5.753	  31.653
894	 CA 	116	 -57.135	   5.097	  36.950
1467	 CA 	151	 -39.188	   2.743	  -4.352
1477	 CA 	152	 -42.235	   3.277	  -6.791
1497	 CA 	153	 -40.917	   6.684	  -7.525
2201	 CA 	197	 -32.485	   7.598	  -8.484
2279	 CA 	202	 -31.789	   3.982	  -0.770
2324	 CA 	206	 -31.741	  -1.059	   2.715
2373	 CA 	209	 -23.294	  -0.153	  -1.952
2380	 CA 	210	 -22.657	   3.347	  -3.074
5325	 CA 	395	 -26.161	 -17.333	  23.873
5344	 CA 	396	 -29.610	 -15.763	  24.501
5356	 CA 	397	 -28.448	 -12.170	  23.439
5367	 CA 	398	 -25.458	 -10.666	  21.728
6370	 CA 	462	 -18.969	 -12.445	   4.044
6406	 CA 	465	 -20.560	 -16.384	   6.515
6933	 CA 	500	 -15.264	 -11.998	  15.046
6980	 CA 	503	 -15.869	 -12.865	  10.475
21341	CLA 	735	 -21.897	   2.553	   1.609
21342	CLA 	736	 -24.899	  -2.872	 -14.367
21344	CLA 	736	  34.682	   4.394	  -9.484
