786	 CA 	110	 -47.560	   2.625	  35.421
806	 CA 	111	 -49.989	   5.097	  36.980
821	 CA 	112	 -52.628	   6.860	  34.820
894	 CA 	116	 -60.057	   2.987	  34.764
1467	 CA 	151	 -38.224	   1.119	  -2.460
1477	 CA 	152	 -41.296	   1.652	  -4.794
1497	 CA 	153	 -40.322	   5.368	  -5.582
2201	 CA 	197	 -31.902	   6.116	  -6.380
2279	 CA 	202	 -30.713	   2.547	   1.284
2324	 CA 	206	 -29.733	  -1.592	   4.466
2373	 CA 	209	 -22.267	  -0.132	  -1.959
2380	 CA 	210	 -21.426	   3.518	  -2.370
5325	 CA 	395	 -20.022	 -20.410	  25.329
5344	 CA 	396	 -23.562	 -20.681	  24.092
5356	 CA 	397	 -24.582	 -17.448	  22.401
5367	 CA 	398	 -22.352	 -14.852	  20.884
6370	 CA 	462	 -17.140	 -12.483	   4.505
6406	 CA 	465	 -18.244	 -16.286	   6.854
6933	 CA 	500	 -12.348	 -11.788	  15.019
6980	 CA 	503	 -13.221	 -12.742	  10.453
21341	CLA 	735	 -19.413	   1.222	   0.178
21342	CLA 	736	 -24.565	  -2.776	 -14.555
21344	CLA 	736	  29.697	   2.692	 -15.921
