786	 CA 	110	 -48.341	  -2.250	  32.029
806	 CA 	111	 -50.546	   0.822	  32.630
821	 CA 	112	 -51.986	   3.658	  30.593
894	 CA 	116	 -58.599	   3.249	  33.093
1467	 CA 	151	 -38.718	   1.596	  -4.863
1477	 CA 	152	 -41.716	   2.410	  -7.133
1497	 CA 	153	 -40.574	   6.001	  -7.527
2201	 CA 	197	 -31.761	   7.483	  -8.746
2279	 CA 	202	 -31.241	   3.584	  -1.154
2324	 CA 	206	 -31.156	  -1.476	   2.124
2373	 CA 	209	 -23.105	  -0.079	  -2.808
2380	 CA 	210	 -22.278	   3.589	  -3.657
5325	 CA 	395	 -27.170	 -17.346	  23.711
5344	 CA 	396	 -30.892	 -16.396	  23.893
5356	 CA 	397	 -29.405	 -13.030	  22.675
5367	 CA 	398	 -26.134	 -11.726	  21.180
6370	 CA 	462	 -18.813	 -12.776	   3.374
6406	 CA 	465	 -20.217	 -17.082	   5.816
6933	 CA 	500	 -15.748	 -12.919	  15.142
6980	 CA 	503	 -16.179	 -13.540	  10.357
21341	CLA 	735	 -21.668	   3.423	   1.198
21342	CLA 	736	 -24.399	  -2.589	 -15.090
21344	CLA 	736	  32.876	   5.070	  -8.584
