786	 CA 	110	 -46.715	  -3.078	  32.601
806	 CA 	111	 -48.857	  -0.352	  34.150
821	 CA 	112	 -50.797	   2.550	  32.868
894	 CA 	116	 -58.535	   3.146	  35.519
1467	 CA 	151	 -38.765	   1.398	  -3.903
1477	 CA 	152	 -41.689	   2.077	  -6.361
1497	 CA 	153	 -40.665	   5.619	  -6.951
2201	 CA 	197	 -31.860	   7.189	  -7.956
2279	 CA 	202	 -30.823	   3.183	  -0.369
2324	 CA 	206	 -30.773	  -1.840	   2.869
2373	 CA 	209	 -22.833	  -0.101	  -1.773
2380	 CA 	210	 -22.510	   3.360	  -3.250
5325	 CA 	395	 -23.569	 -18.518	  24.511
5344	 CA 	396	 -27.357	 -17.935	  25.050
5356	 CA 	397	 -27.653	 -14.874	  22.957
5367	 CA 	398	 -25.691	 -12.294	  20.867
6370	 CA 	462	 -17.983	 -12.596	   4.143
6406	 CA 	465	 -19.091	 -16.557	   6.481
6933	 CA 	500	 -13.306	 -11.912	  15.450
6980	 CA 	503	 -14.460	 -12.800	  10.614
21341	CLA 	735	 -21.687	   3.028	   1.303
21342	CLA 	736	 -24.302	  -2.039	 -15.448
21344	CLA 	736	  34.982	   5.768	 -13.574
