786	 CA 	110	 -48.116	  -1.790	  33.207
806	 CA 	111	 -50.457	   1.104	  34.125
821	 CA 	112	 -52.461	   3.717	  32.123
894	 CA 	116	 -57.741	   2.844	  36.879
1467	 CA 	151	 -38.713	   2.605	  -4.359
1477	 CA 	152	 -41.588	   3.353	  -6.678
1497	 CA 	153	 -40.097	   6.791	  -7.628
2201	 CA 	197	 -32.222	   7.194	  -8.608
2279	 CA 	202	 -31.356	   3.576	  -0.659
2324	 CA 	206	 -31.158	  -1.129	   2.470
2373	 CA 	209	 -22.579	  -0.039	  -2.272
2380	 CA 	210	 -21.425	   3.570	  -3.009
5325	 CA 	395	 -26.811	 -15.976	  20.677
5344	 CA 	396	 -27.124	 -13.464	  23.570
5356	 CA 	397	 -26.581	 -10.612	  20.922
5367	 CA 	398	 -23.097	  -9.513	  19.745
6370	 CA 	462	 -18.476	 -12.740	   4.006
6406	 CA 	465	 -19.689	 -16.994	   6.104
6933	 CA 	500	 -14.997	 -12.116	  15.369
6980	 CA 	503	 -15.620	 -12.914	  10.473
21341	CLA 	735	 -22.873	   3.536	   2.890
21342	CLA 	736	 -24.533	  -2.625	 -14.849
21344	CLA 	736	  34.236	   5.450	 -10.355
