786	 CA 	110	 -47.742	  -2.344	  33.122
806	 CA 	111	 -50.102	   0.641	  33.696
821	 CA 	112	 -52.135	   3.145	  31.867
894	 CA 	116	 -55.841	   2.704	  36.549
1467	 CA 	151	 -39.420	   2.332	  -4.372
1477	 CA 	152	 -42.370	   2.930	  -6.733
1497	 CA 	153	 -40.903	   6.350	  -7.709
2201	 CA 	197	 -32.391	   7.035	  -8.373
2279	 CA 	202	 -31.490	   3.301	  -0.363
2324	 CA 	206	 -31.486	  -1.549	   2.758
2373	 CA 	209	 -23.040	  -0.241	  -2.044
2380	 CA 	210	 -21.977	   3.220	  -3.289
5325	 CA 	395	 -26.786	 -15.909	  21.471
5344	 CA 	396	 -27.137	 -13.451	  24.477
5356	 CA 	397	 -26.322	 -10.605	  21.956
5367	 CA 	398	 -23.001	 -10.026	  20.062
6370	 CA 	462	 -17.927	 -12.383	   4.352
6406	 CA 	465	 -19.552	 -16.594	   6.520
6933	 CA 	500	 -14.452	 -12.128	  15.307
6980	 CA 	503	 -14.956	 -13.086	  10.507
21341	CLA 	735	 -23.564	   2.928	   3.273
21342	CLA 	736	 -25.278	  -2.864	 -15.039
21344	CLA 	736	  34.526	   6.352	 -10.007
