786	 CA 	110	 -48.347	  -3.370	  31.431
806	 CA 	111	 -50.799	  -0.623	  32.348
821	 CA 	112	 -52.922	   2.281	  30.998
894	 CA 	116	 -59.319	   1.691	  34.016
1467	 CA 	151	 -38.584	   1.200	  -4.657
1477	 CA 	152	 -41.583	   2.013	  -6.901
1497	 CA 	153	 -40.405	   5.532	  -7.413
2201	 CA 	197	 -32.363	   6.748	  -8.059
2279	 CA 	202	 -31.264	   3.740	  -0.074
2324	 CA 	206	 -31.231	  -0.928	   3.175
2373	 CA 	209	 -23.092	   0.039	  -1.927
2380	 CA 	210	 -22.165	   3.624	  -2.813
5325	 CA 	395	 -24.923	 -18.178	  23.725
5344	 CA 	396	 -28.661	 -17.545	  24.496
5356	 CA 	397	 -28.846	 -14.207	  22.558
5367	 CA 	398	 -26.785	 -12.104	  20.002
6370	 CA 	462	 -18.064	 -12.567	   4.304
6406	 CA 	465	 -19.307	 -16.522	   6.248
6933	 CA 	500	 -14.067	 -12.064	  15.141
6980	 CA 	503	 -14.874	 -12.855	  10.547
21341	CLA 	735	 -21.397	   3.363	   2.501
21342	CLA 	736	 -24.824	  -2.798	 -14.607
21344	CLA 	736	  32.487	   5.582	 -12.807
