786	 CA 	110	 -48.493	  -0.100	  32.528
806	 CA 	111	 -50.922	   2.587	  33.686
821	 CA 	112	 -52.911	   4.671	  31.162
894	 CA 	116	 -60.235	   3.565	  33.073
1467	 CA 	151	 -38.725	   0.827	  -3.796
1477	 CA 	152	 -41.835	   1.268	  -5.862
1497	 CA 	153	 -40.863	   4.979	  -6.561
2201	 CA 	197	 -32.259	   6.631	  -7.704
2279	 CA 	202	 -31.158	   3.176	   0.395
2324	 CA 	206	 -31.176	  -1.974	   3.574
2373	 CA 	209	 -22.428	  -0.514	  -1.930
2380	 CA 	210	 -21.895	   3.206	  -2.798
5325	 CA 	395	 -22.486	 -19.967	  25.143
5344	 CA 	396	 -26.180	 -20.191	  24.567
5356	 CA 	397	 -27.353	 -17.472	  22.246
5367	 CA 	398	 -25.221	 -15.246	  19.995
6370	 CA 	462	 -17.542	 -12.708	   4.220
6406	 CA 	465	 -18.686	 -16.670	   6.574
6933	 CA 	500	 -13.162	 -12.515	  15.316
6980	 CA 	503	 -14.050	 -13.450	  10.665
21341	CLA 	735	 -21.052	   2.898	   2.637
21342	CLA 	736	 -24.825	  -2.254	 -15.379
21344	CLA 	736	  29.783	   3.075	 -15.299
