786	 CA 	110	 -46.146	  -0.364	  32.935
806	 CA 	111	 -48.182	   2.986	  33.202
821	 CA 	112	 -49.816	   5.647	  31.040
894	 CA 	116	 -55.925	   5.640	  35.829
1467	 CA 	151	 -38.376	   1.827	  -3.904
1477	 CA 	152	 -41.329	   2.158	  -6.309
1497	 CA 	153	 -40.315	   5.867	  -7.182
2201	 CA 	197	 -32.059	   7.373	  -8.042
2279	 CA 	202	 -31.231	   3.276	  -0.536
2324	 CA 	206	 -30.893	  -1.498	   2.989
2373	 CA 	209	 -22.946	  -0.618	  -2.304
2380	 CA 	210	 -21.928	   2.974	  -3.115
5325	 CA 	395	 -25.799	 -18.391	  21.895
5344	 CA 	396	 -28.260	 -16.468	  24.184
5356	 CA 	397	 -27.510	 -13.044	  22.804
5367	 CA 	398	 -24.682	 -11.704	  20.747
6370	 CA 	462	 -18.333	 -13.132	   3.611
6406	 CA 	465	 -19.445	 -17.035	   6.206
6933	 CA 	500	 -14.502	 -12.533	  15.188
6980	 CA 	503	 -14.852	 -13.381	  10.280
21341	CLA 	735	 -21.805	   3.087	   1.856
21342	CLA 	736	 -24.763	  -3.042	 -14.367
21344	CLA 	736	  32.503	   5.200	 -11.176
