786	 CA 	110	 -46.478	  -1.955	  31.056
806	 CA 	111	 -48.971	   0.752	  32.272
821	 CA 	112	 -50.595	   3.905	  30.638
894	 CA 	116	 -56.963	   4.054	  35.877
1467	 CA 	151	 -38.928	   2.150	  -5.220
1477	 CA 	152	 -41.621	   2.414	  -7.789
1497	 CA 	153	 -40.378	   5.981	  -8.780
2201	 CA 	197	 -32.211	   7.065	  -9.138
2279	 CA 	202	 -31.551	   3.518	  -1.460
2324	 CA 	206	 -31.389	  -1.006	   2.459
2373	 CA 	209	 -23.081	  -0.270	  -2.230
2380	 CA 	210	 -22.166	   3.259	  -3.498
5325	 CA 	395	 -25.458	 -18.281	  22.918
5344	 CA 	396	 -27.676	 -16.762	  25.565
5356	 CA 	397	 -27.279	 -13.305	  23.963
5367	 CA 	398	 -24.647	 -11.683	  21.709
6370	 CA 	462	 -18.211	 -12.711	   3.926
6406	 CA 	465	 -19.345	 -17.059	   6.132
6933	 CA 	500	 -14.815	 -12.132	  15.098
6980	 CA 	503	 -15.356	 -13.117	  10.422
21341	CLA 	735	 -21.688	   2.901	   1.509
21342	CLA 	736	 -25.287	  -2.985	 -14.567
21344	CLA 	736	  34.621	   5.495	 -10.716
