786	 CA 	110	 -47.932	  -2.575	  32.086
806	 CA 	111	 -48.733	   0.864	  33.300
821	 CA 	112	 -51.069	   3.159	  31.281
894	 CA 	116	 -55.864	   2.562	  36.245
1467	 CA 	151	 -38.805	   2.770	  -3.917
1477	 CA 	152	 -41.780	   3.092	  -6.480
1497	 CA 	153	 -40.409	   6.572	  -7.346
2201	 CA 	197	 -32.717	   7.608	  -7.878
2279	 CA 	202	 -31.623	   3.233	  -0.250
2324	 CA 	206	 -31.114	  -2.283	   2.806
2373	 CA 	209	 -22.926	  -0.318	  -2.075
2380	 CA 	210	 -21.811	   3.171	  -3.256
5325	 CA 	395	 -25.917	 -18.194	  20.564
5344	 CA 	396	 -26.012	 -16.216	  23.876
5356	 CA 	397	 -26.258	 -12.843	  22.082
5367	 CA 	398	 -23.332	 -10.756	  20.865
6370	 CA 	462	 -18.158	 -12.970	   3.296
6406	 CA 	465	 -19.183	 -17.313	   5.527
6933	 CA 	500	 -14.064	 -12.148	  14.364
6980	 CA 	503	 -15.144	 -13.246	   9.583
21341	CLA 	735	 -23.057	   2.409	   3.380
21342	CLA 	736	 -25.036	  -3.436	 -14.760
21344	CLA 	736	  34.031	   4.407	 -10.151
