786	 CA 	110	 -46.756	  -2.306	  35.488
806	 CA 	111	 -48.716	   0.923	  35.637
821	 CA 	112	 -49.850	   3.659	  33.163
894	 CA 	116	 -57.197	   4.962	  35.202
1467	 CA 	151	 -38.391	   2.239	  -3.788
1477	 CA 	152	 -41.530	   2.523	  -6.036
1497	 CA 	153	 -40.461	   6.107	  -6.850
2201	 CA 	197	 -32.513	   7.038	  -7.485
2279	 CA 	202	 -31.558	   3.358	   0.111
2324	 CA 	206	 -31.420	  -1.265	   3.510
2373	 CA 	209	 -23.309	  -0.268	  -1.498
2380	 CA 	210	 -22.120	   3.168	  -2.745
5325	 CA 	395	 -26.238	 -18.282	  21.723
5344	 CA 	396	 -26.310	 -16.425	  25.137
5356	 CA 	397	 -26.830	 -13.007	  23.377
5367	 CA 	398	 -24.773	 -11.029	  20.820
6370	 CA 	462	 -18.334	 -13.083	   4.154
6406	 CA 	465	 -19.463	 -17.257	   6.501
6933	 CA 	500	 -14.041	 -12.510	  15.253
6980	 CA 	503	 -14.891	 -13.555	  10.534
21341	CLA 	735	 -23.706	   3.350	   3.519
21342	CLA 	736	 -24.213	  -2.882	 -14.708
21344	CLA 	736	  38.362	  -7.658	 -38.946
