786	 CA 	110	 -51.192	  -0.839	  30.486
806	 CA 	111	 -53.178	   2.354	  31.232
821	 CA 	112	 -55.019	   4.908	  29.123
894	 CA 	116	 -62.712	   3.435	  31.640
1467	 CA 	151	 -38.824	   2.146	  -5.106
1477	 CA 	152	 -41.764	   2.934	  -7.443
1497	 CA 	153	 -40.541	   6.517	  -7.885
2201	 CA 	197	 -32.107	   8.086	  -8.830
2279	 CA 	202	 -31.203	   4.351	  -1.094
2324	 CA 	206	 -31.761	  -1.403	   1.590
2373	 CA 	209	 -23.032	  -0.270	  -2.913
2380	 CA 	210	 -22.192	   3.325	  -3.468
5325	 CA 	395	 -27.695	 -17.408	  23.717
5344	 CA 	396	 -31.530	 -16.666	  23.763
5356	 CA 	397	 -30.510	 -13.192	  22.285
5367	 CA 	398	 -27.362	 -11.631	  20.753
6370	 CA 	462	 -19.098	 -13.141	   3.766
6406	 CA 	465	 -20.869	 -17.531	   6.206
6933	 CA 	500	 -16.249	 -13.561	  14.904
6980	 CA 	503	 -16.325	 -13.965	  10.211
21341	CLA 	735	 -21.438	   2.705	   1.273
21342	CLA 	736	 -24.688	  -2.667	 -15.220
21344	CLA 	736	  34.337	   5.684	  -8.003
