786	 CA 	110	 -45.407	   3.898	  36.001
806	 CA 	111	 -48.482	   5.922	  36.888
821	 CA 	112	 -51.059	   8.018	  34.789
894	 CA 	116	 -56.372	   4.495	  37.965
1467	 CA 	151	 -39.197	   2.391	  -3.327
1477	 CA 	152	 -42.027	   3.176	  -5.800
1497	 CA 	153	 -40.700	   6.816	  -6.570
2201	 CA 	197	 -32.405	   7.086	  -7.082
2279	 CA 	202	 -31.066	   3.301	   0.633
2324	 CA 	206	 -30.788	  -0.937	   4.162
2373	 CA 	209	 -22.815	  -0.029	  -0.967
2380	 CA 	210	 -21.942	   3.060	  -2.962
5325	 CA 	395	 -23.909	 -16.536	  23.199
5344	 CA 	396	 -22.649	 -14.479	  26.255
5356	 CA 	397	 -23.072	 -11.354	  24.028
5367	 CA 	398	 -20.843	  -9.417	  21.558
6370	 CA 	462	 -17.599	 -12.637	   4.611
6406	 CA 	465	 -19.035	 -16.706	   7.494
6933	 CA 	500	 -13.250	 -11.775	  15.129
6980	 CA 	503	 -14.121	 -12.913	  10.406
21341	CLA 	735	 -22.806	   3.328	   3.860
21342	CLA 	736	 -24.397	  -3.033	 -14.541
21344	CLA 	736	  24.198	  50.927	 -38.431
