786	 CA 	110	 -49.759	   3.724	  33.523
806	 CA 	111	 -51.759	   6.875	  34.347
821	 CA 	112	 -54.209	   8.469	  31.916
894	 CA 	116	 -60.220	   4.634	  34.544
1467	 CA 	151	 -38.401	   1.508	  -3.032
1477	 CA 	152	 -41.433	   1.859	  -5.278
1497	 CA 	153	 -40.545	   5.464	  -5.986
2201	 CA 	197	 -32.018	   6.584	  -6.865
2279	 CA 	202	 -30.812	   3.205	   0.839
2324	 CA 	206	 -30.472	  -1.601	   3.206
2373	 CA 	209	 -22.297	  -0.460	  -2.494
2380	 CA 	210	 -21.303	   3.242	  -2.957
5325	 CA 	395	 -22.032	 -18.893	  25.969
5344	 CA 	396	 -25.810	 -18.383	  25.471
5356	 CA 	397	 -26.265	 -14.964	  24.207
5367	 CA 	398	 -23.611	 -13.796	  21.743
6370	 CA 	462	 -17.396	 -12.144	   4.111
6406	 CA 	465	 -18.744	 -16.562	   6.735
6933	 CA 	500	 -12.644	 -12.437	  15.593
6980	 CA 	503	 -13.351	 -13.572	  10.771
21341	CLA 	735	 -22.138	   2.629	   4.091
21342	CLA 	736	 -24.742	  -1.870	 -15.115
21344	CLA 	736	  28.749	   2.530	 -14.777
