786	 CA 	110	 -46.668	  -1.618	  31.603
806	 CA 	111	 -49.335	   0.739	  33.259
821	 CA 	112	 -51.843	   3.362	  32.083
894	 CA 	116	 -57.116	   2.630	  37.464
1467	 CA 	151	 -38.876	   1.911	  -4.855
1477	 CA 	152	 -41.747	   2.890	  -7.241
1497	 CA 	153	 -40.282	   6.382	  -7.662
2201	 CA 	197	 -31.994	   7.569	  -8.709
2279	 CA 	202	 -31.319	   3.693	  -1.055
2324	 CA 	206	 -31.507	  -1.373	   1.825
2373	 CA 	209	 -22.870	  -0.507	  -2.504
2380	 CA 	210	 -22.434	   3.084	  -3.501
5325	 CA 	395	 -26.601	 -17.656	  22.708
5344	 CA 	396	 -29.344	 -16.223	  25.070
5356	 CA 	397	 -28.467	 -12.854	  23.643
5367	 CA 	398	 -26.399	 -11.375	  20.830
6370	 CA 	462	 -18.506	 -13.279	   4.082
6406	 CA 	465	 -19.748	 -17.413	   6.678
6933	 CA 	500	 -15.193	 -12.085	  15.701
6980	 CA 	503	 -15.545	 -13.271	  10.722
21341	CLA 	735	 -21.491	   3.196	   1.576
21342	CLA 	736	 -25.031	  -2.827	 -14.686
21344	CLA 	736	  35.015	   5.856	 -10.605
