786	 CA 	110	 -47.204	  -2.361	  32.281
806	 CA 	111	 -49.805	   0.228	  33.141
821	 CA 	112	 -52.246	   2.630	  31.652
894	 CA 	116	 -58.855	   2.689	  34.582
1467	 CA 	151	 -38.995	   1.324	  -4.195
1477	 CA 	152	 -41.845	   1.816	  -6.615
1497	 CA 	153	 -40.905	   5.484	  -7.053
2201	 CA 	197	 -32.134	   7.162	  -7.789
2279	 CA 	202	 -31.419	   3.136	  -0.167
2324	 CA 	206	 -31.801	  -1.830	   2.418
2373	 CA 	209	 -22.608	  -0.440	  -1.986
2380	 CA 	210	 -21.909	   2.998	  -3.108
5325	 CA 	395	 -25.802	 -18.373	  23.079
5344	 CA 	396	 -29.627	 -18.274	  23.010
5356	 CA 	397	 -29.345	 -14.920	  21.284
5367	 CA 	398	 -26.201	 -12.858	  20.565
6370	 CA 	462	 -18.019	 -12.658	   3.906
6406	 CA 	465	 -19.655	 -16.674	   5.873
6933	 CA 	500	 -15.339	 -12.256	  15.229
6980	 CA 	503	 -15.710	 -13.176	  10.514
21341	CLA 	735	 -21.394	   3.410	   1.908
21342	CLA 	736	 -25.098	  -2.907	 -14.881
21344	CLA 	736	  33.710	   6.404	  -9.538
