786	 CA 	110	 -46.797	  -0.233	  32.202
806	 CA 	111	 -49.247	   2.475	  33.573
821	 CA 	112	 -51.524	   5.158	  32.041
894	 CA 	116	 -56.843	   4.377	  36.828
1467	 CA 	151	 -38.689	   2.851	  -4.826
1477	 CA 	152	 -41.495	   3.552	  -7.322
1497	 CA 	153	 -40.201	   7.078	  -7.970
2201	 CA 	197	 -31.810	   7.428	  -9.130
2279	 CA 	202	 -31.460	   4.312	  -1.051
2324	 CA 	206	 -31.184	  -1.012	   3.127
2373	 CA 	209	 -22.849	  -0.281	  -1.723
2380	 CA 	210	 -22.179	   3.081	  -3.356
5325	 CA 	395	 -26.914	 -17.734	  23.191
5344	 CA 	396	 -29.423	 -15.865	  25.423
5356	 CA 	397	 -28.428	 -12.537	  23.912
5367	 CA 	398	 -25.723	 -11.587	  21.406
6370	 CA 	462	 -18.708	 -12.093	   4.660
6406	 CA 	465	 -20.199	 -16.246	   7.122
6933	 CA 	500	 -14.938	 -11.533	  16.497
6980	 CA 	503	 -15.737	 -12.434	  11.317
21341	CLA 	735	 -21.659	   3.157	   2.129
21342	CLA 	736	 -24.906	  -2.888	 -14.418
21344	CLA 	736	  34.854	   4.506	 -10.744
