786	 CA 	110	 -44.420	  -3.509	  34.732
806	 CA 	111	 -46.636	  -0.443	  35.449
821	 CA 	112	 -47.788	   2.691	  33.679
894	 CA 	116	 -53.825	   2.372	  36.814
1467	 CA 	151	 -38.655	   2.494	  -3.997
1477	 CA 	152	 -41.611	   2.572	  -6.573
1497	 CA 	153	 -40.591	   6.133	  -7.294
2201	 CA 	197	 -32.350	   6.748	  -8.454
2279	 CA 	202	 -31.475	   3.105	  -0.753
2324	 CA 	206	 -30.766	  -1.787	   2.679
2373	 CA 	209	 -22.749	  -0.192	  -2.437
2380	 CA 	210	 -21.935	   3.387	  -3.094
5325	 CA 	395	 -26.160	 -16.817	  21.825
5344	 CA 	396	 -26.343	 -14.941	  25.134
5356	 CA 	397	 -25.921	 -11.523	  23.529
5367	 CA 	398	 -22.571	 -10.268	  22.139
6370	 CA 	462	 -18.387	 -12.684	   4.318
6406	 CA 	465	 -19.565	 -16.698	   6.477
6933	 CA 	500	 -14.998	 -12.329	  15.667
6980	 CA 	503	 -15.420	 -13.109	  10.811
21341	CLA 	735	 -24.572	   3.859	   2.378
21342	CLA 	736	 -24.870	  -3.642	 -14.480
21344	CLA 	736	  32.965	   8.105	 -15.952
