786	 CA 	110	 -46.623	  -0.925	  32.612
806	 CA 	111	 -48.746	   2.057	  33.964
821	 CA 	112	 -50.972	   4.703	  32.257
894	 CA 	116	 -56.766	   3.915	  36.499
1467	 CA 	151	 -38.370	   2.217	  -4.134
1477	 CA 	152	 -41.376	   2.612	  -6.637
1497	 CA 	153	 -40.437	   6.171	  -7.470
2201	 CA 	197	 -32.426	   7.437	  -8.330
2279	 CA 	202	 -31.569	   3.579	  -0.689
2324	 CA 	206	 -31.196	  -1.383	   2.764
2373	 CA 	209	 -23.132	  -0.293	  -2.228
2380	 CA 	210	 -21.967	   3.101	  -3.401
5325	 CA 	395	 -27.465	 -17.978	  21.837
5344	 CA 	396	 -29.412	 -15.722	  24.215
5356	 CA 	397	 -28.604	 -12.166	  23.023
5367	 CA 	398	 -25.417	 -11.132	  21.153
6370	 CA 	462	 -18.310	 -12.269	   4.483
6406	 CA 	465	 -19.711	 -16.825	   6.666
6933	 CA 	500	 -15.314	 -12.294	  15.548
6980	 CA 	503	 -15.496	 -13.215	  10.780
21341	CLA 	735	 -21.596	   2.537	   1.380
21342	CLA 	736	 -24.258	  -2.619	 -14.765
21344	CLA 	736	  33.382	   5.354	 -10.655
