786	 CA 	110	 -46.227	  -2.849	  32.385
806	 CA 	111	 -48.154	   0.262	  33.487
821	 CA 	112	 -50.785	   2.902	  32.335
894	 CA 	116	 -58.493	   2.106	  35.493
1467	 CA 	151	 -38.868	   1.692	  -4.502
1477	 CA 	152	 -41.921	   2.595	  -6.837
1497	 CA 	153	 -40.625	   6.228	  -6.947
2201	 CA 	197	 -31.774	   6.864	  -8.048
2279	 CA 	202	 -30.427	   3.186	  -0.143
2324	 CA 	206	 -30.813	  -1.458	   3.324
2373	 CA 	209	 -22.516	  -0.659	  -1.713
2380	 CA 	210	 -21.924	   2.816	  -3.000
5325	 CA 	395	 -23.507	 -19.115	  24.153
5344	 CA 	396	 -27.426	 -18.844	  24.342
5356	 CA 	397	 -27.600	 -15.485	  22.469
5367	 CA 	398	 -25.701	 -13.325	  19.889
6370	 CA 	462	 -18.000	 -12.492	   3.966
6406	 CA 	465	 -19.444	 -16.608	   6.340
6933	 CA 	500	 -13.331	 -12.113	  15.131
6980	 CA 	503	 -14.585	 -13.162	  10.280
21341	CLA 	735	 -21.403	   2.467	   1.465
21342	CLA 	736	 -24.801	  -2.414	 -15.302
21344	CLA 	736	  33.838	   4.996	 -13.042
