786	 CA 	110	 -47.122	   3.639	  35.801
806	 CA 	111	 -49.050	   6.446	  37.666
821	 CA 	112	 -51.934	   7.644	  35.432
894	 CA 	116	 -59.097	   4.018	  35.476
1467	 CA 	151	 -38.735	   1.574	  -2.826
1477	 CA 	152	 -41.837	   2.308	  -4.865
1497	 CA 	153	 -40.646	   5.973	  -5.522
2201	 CA 	197	 -31.650	   6.258	  -6.557
2279	 CA 	202	 -30.610	   2.877	   1.050
2324	 CA 	206	 -29.445	  -1.852	   3.757
2373	 CA 	209	 -22.452	   0.180	  -2.069
2380	 CA 	210	 -21.248	   3.808	  -2.367
5325	 CA 	395	 -20.373	 -19.491	  26.121
5344	 CA 	396	 -23.817	 -20.108	  24.425
5356	 CA 	397	 -24.898	 -16.752	  23.062
5367	 CA 	398	 -22.278	 -14.122	  21.987
6370	 CA 	462	 -17.182	 -12.445	   4.736
6406	 CA 	465	 -18.352	 -16.350	   7.687
6933	 CA 	500	 -12.223	 -11.716	  15.590
6980	 CA 	503	 -13.472	 -12.887	  10.835
21341	CLA 	735	 -19.312	   0.816	  -0.353
21342	CLA 	736	 -25.402	  -1.930	 -15.114
21344	CLA 	736	  28.108	   0.624	 -16.154
