786	 CA 	110	 -48.653	  -2.848	  32.109
806	 CA 	111	 -50.795	   0.064	  33.290
821	 CA 	112	 -53.389	   2.053	  31.347
894	 CA 	116	 -60.189	   0.703	  33.991
1467	 CA 	151	 -39.029	   1.647	  -4.472
1477	 CA 	152	 -41.954	   2.548	  -6.758
1497	 CA 	153	 -40.768	   6.236	  -7.028
2201	 CA 	197	 -32.222	   7.073	  -7.732
2279	 CA 	202	 -30.882	   3.269	  -0.013
2324	 CA 	206	 -30.757	  -0.916	   3.526
2373	 CA 	209	 -22.866	  -0.672	  -2.213
2380	 CA 	210	 -21.635	   2.832	  -3.220
5325	 CA 	395	 -24.999	 -19.177	  24.158
5344	 CA 	396	 -28.842	 -18.706	  23.953
5356	 CA 	397	 -28.565	 -15.386	  22.010
5367	 CA 	398	 -25.691	 -13.500	  20.348
6370	 CA 	462	 -18.258	 -12.826	   4.078
6406	 CA 	465	 -19.073	 -17.093	   6.157
6933	 CA 	500	 -14.115	 -12.241	  15.451
6980	 CA 	503	 -15.005	 -13.513	  10.656
21341	CLA 	735	 -21.346	   2.889	   1.929
21342	CLA 	736	 -24.575	  -1.692	 -15.597
21344	CLA 	736	  32.668	   5.279	 -12.709
