786	 CA 	110	 -48.962	  -2.090	  32.602
806	 CA 	111	 -51.080	   0.941	  33.765
821	 CA 	112	 -53.168	   3.330	  31.593
894	 CA 	116	 -57.587	   3.031	  35.385
1467	 CA 	151	 -38.777	   1.978	  -4.417
1477	 CA 	152	 -41.602	   2.661	  -6.799
1497	 CA 	153	 -40.703	   6.327	  -7.216
2201	 CA 	197	 -32.228	   7.214	  -7.928
2279	 CA 	202	 -31.488	   3.242	  -0.066
2324	 CA 	206	 -31.260	  -2.124	   3.255
2373	 CA 	209	 -22.944	  -0.485	  -1.855
2380	 CA 	210	 -21.982	   2.931	  -3.353
5325	 CA 	395	 -26.286	 -18.000	  20.800
5344	 CA 	396	 -26.261	 -15.813	  23.892
5356	 CA 	397	 -26.330	 -12.640	  21.764
5367	 CA 	398	 -22.958	 -11.210	  20.654
6370	 CA 	462	 -18.274	 -13.229	   4.026
6406	 CA 	465	 -19.733	 -17.385	   6.369
6933	 CA 	500	 -14.647	 -13.105	  15.195
6980	 CA 	503	 -15.306	 -13.635	  10.424
21341	CLA 	735	 -23.284	   3.048	   3.113
21342	CLA 	736	 -25.136	  -2.845	 -14.704
21344	CLA 	736	  34.999	   5.120	 -10.182
