786	 CA 	110	 -45.508	   1.610	  35.343
806	 CA 	111	 -47.394	   4.707	  36.545
821	 CA 	112	 -50.487	   6.049	  34.545
894	 CA 	116	 -57.228	   4.837	  37.950
1467	 CA 	151	 -38.759	   2.912	  -3.987
1477	 CA 	152	 -41.474	   3.291	  -6.604
1497	 CA 	153	 -40.051	   6.836	  -7.071
2201	 CA 	197	 -31.450	   7.128	  -7.448
2279	 CA 	202	 -31.131	   3.642	   0.622
2324	 CA 	206	 -30.739	  -0.894	   4.253
2373	 CA 	209	 -22.772	  -0.011	  -1.027
2380	 CA 	210	 -21.884	   3.201	  -2.894
5325	 CA 	395	 -26.182	 -15.278	  22.648
5344	 CA 	396	 -26.228	 -12.607	  25.325
5356	 CA 	397	 -25.846	  -9.971	  22.633
5367	 CA 	398	 -22.549	  -8.908	  21.126
6370	 CA 	462	 -17.648	 -12.633	   4.922
6406	 CA 	465	 -19.042	 -16.490	   7.353
6933	 CA 	500	 -13.798	 -12.260	  15.860
6980	 CA 	503	 -14.451	 -12.910	  11.058
21341	CLA 	735	 -23.289	   3.548	   4.258
21342	CLA 	736	 -24.296	  -3.238	 -14.206
21344	CLA 	736	  20.372	  28.016	 -39.455
