786	 CA 	110	 -48.735	  -0.981	  32.585
806	 CA 	111	 -50.755	   1.757	  34.359
821	 CA 	112	 -52.303	   4.858	  32.716
894	 CA 	116	 -59.226	   5.046	  36.353
1467	 CA 	151	 -39.139	   2.509	  -4.534
1477	 CA 	152	 -41.975	   3.052	  -7.009
1497	 CA 	153	 -40.647	   6.630	  -8.055
2201	 CA 	197	 -32.597	   7.502	  -8.188
2279	 CA 	202	 -32.083	   3.993	  -0.379
2324	 CA 	206	 -31.710	  -0.772	   2.536
2373	 CA 	209	 -23.798	  -0.330	  -2.373
2380	 CA 	210	 -22.407	   3.099	  -3.293
5325	 CA 	395	 -27.789	 -16.211	  20.705
5344	 CA 	396	 -27.598	 -13.541	  23.368
5356	 CA 	397	 -26.859	 -11.001	  20.600
5367	 CA 	398	 -23.323	  -9.960	  19.371
6370	 CA 	462	 -18.476	 -12.953	   4.078
6406	 CA 	465	 -20.084	 -17.110	   6.219
6933	 CA 	500	 -15.226	 -12.447	  15.227
6980	 CA 	503	 -15.561	 -12.924	  10.310
21341	CLA 	735	 -23.320	   4.197	   4.510
21342	CLA 	736	 -24.445	  -2.045	 -15.271
21344	CLA 	736	  36.585	   2.899	 -12.127
