786	 CA 	110	 -44.746	  -1.766	  33.197
806	 CA 	111	 -47.023	   1.162	  34.230
821	 CA 	112	 -49.212	   3.610	  32.382
894	 CA 	116	 -54.286	   3.453	  37.419
1467	 CA 	151	 -38.629	   2.399	  -3.883
1477	 CA 	152	 -41.629	   2.595	  -6.467
1497	 CA 	153	 -40.465	   6.291	  -7.160
2201	 CA 	197	 -32.157	   7.243	  -8.232
2279	 CA 	202	 -31.341	   3.259	  -0.761
2324	 CA 	206	 -31.171	  -1.935	   2.593
2373	 CA 	209	 -22.846	  -0.871	  -2.039
2380	 CA 	210	 -22.536	   2.894	  -3.054
5325	 CA 	395	 -26.992	 -18.067	  21.949
5344	 CA 	396	 -28.795	 -16.005	  24.605
5356	 CA 	397	 -28.035	 -12.390	  24.015
5367	 CA 	398	 -25.126	 -11.242	  21.665
6370	 CA 	462	 -17.987	 -13.054	   4.439
6406	 CA 	465	 -19.402	 -17.373	   6.469
6933	 CA 	500	 -15.054	 -12.839	  15.532
6980	 CA 	503	 -15.056	 -13.535	  10.533
21341	CLA 	735	 -21.173	   2.607	   1.970
21342	CLA 	736	 -24.884	  -2.411	 -14.897
21344	CLA 	736	  31.898	   5.158	 -11.366
