786	 CA 	110	 -44.903	  -3.277	  34.623
806	 CA 	111	 -47.220	  -0.241	  35.562
821	 CA 	112	 -48.344	   3.030	  33.751
894	 CA 	116	 -55.225	   2.983	  36.775
1467	 CA 	151	 -39.148	   2.692	  -4.513
1477	 CA 	152	 -41.863	   3.651	  -6.919
1497	 CA 	153	 -40.352	   7.241	  -7.361
2201	 CA 	197	 -32.269	   7.685	  -8.244
2279	 CA 	202	 -31.629	   4.145	  -0.640
2324	 CA 	206	 -32.360	  -0.275	   2.633
2373	 CA 	209	 -23.379	  -0.223	  -2.482
2380	 CA 	210	 -21.651	   3.281	  -2.922
5325	 CA 	395	 -27.484	 -16.481	  20.383
5344	 CA 	396	 -27.022	 -13.920	  23.237
5356	 CA 	397	 -26.784	 -11.113	  20.650
5367	 CA 	398	 -23.351	  -9.978	  19.440
6370	 CA 	462	 -18.683	 -12.451	   3.801
6406	 CA 	465	 -19.983	 -16.820	   6.191
6933	 CA 	500	 -15.432	 -11.965	  15.215
6980	 CA 	503	 -15.897	 -13.103	  10.361
21341	CLA 	735	 -23.876	   4.118	   2.729
21342	CLA 	736	 -24.658	  -2.761	 -14.812
21344	CLA 	736	  34.096	   4.901	 -16.946
