786	 CA 	110	 -45.066	   3.037	  35.887
806	 CA 	111	 -47.943	   5.343	  37.047
821	 CA 	112	 -50.720	   7.337	  35.295
894	 CA 	116	 -55.733	   3.599	  38.073
1467	 CA 	151	 -38.585	   2.417	  -3.407
1477	 CA 	152	 -41.575	   2.965	  -5.707
1497	 CA 	153	 -40.474	   6.482	  -6.469
2201	 CA 	197	 -32.272	   6.795	  -7.055
2279	 CA 	202	 -31.346	   3.413	   1.330
2324	 CA 	206	 -30.395	  -1.270	   4.818
2373	 CA 	209	 -22.767	  -0.089	  -0.762
2380	 CA 	210	 -22.299	   2.839	  -3.032
5325	 CA 	395	 -23.500	 -16.644	  23.373
5344	 CA 	396	 -22.099	 -14.516	  26.257
5356	 CA 	397	 -22.696	 -10.865	  24.594
5367	 CA 	398	 -20.523	  -9.048	  22.091
6370	 CA 	462	 -17.601	 -12.750	   4.587
6406	 CA 	465	 -19.279	 -16.477	   7.386
6933	 CA 	500	 -12.781	 -11.902	  15.089
6980	 CA 	503	 -13.988	 -12.888	  10.623
21341	CLA 	735	 -23.083	   3.012	   4.012
21342	CLA 	736	 -24.002	  -2.808	 -14.091
21344	CLA 	736	  23.852	  52.784	 -38.983
