786	 CA 	110	 -44.146	  -0.903	  35.068
806	 CA 	111	 -45.963	   2.398	  35.677
821	 CA 	112	 -48.195	   4.743	  33.753
894	 CA 	116	 -54.169	   5.359	  36.754
1467	 CA 	151	 -38.694	   2.846	  -3.359
1477	 CA 	152	 -41.768	   3.517	  -5.626
1497	 CA 	153	 -40.808	   7.023	  -6.473
2201	 CA 	197	 -32.124	   7.365	  -7.419
2279	 CA 	202	 -31.535	   3.713	   0.717
2324	 CA 	206	 -30.616	  -1.031	   3.864
2373	 CA 	209	 -22.596	  -0.121	  -1.818
2380	 CA 	210	 -21.373	   3.353	  -2.886
5325	 CA 	395	 -26.195	 -17.251	  22.438
5344	 CA 	396	 -25.888	 -15.142	  25.398
5356	 CA 	397	 -25.901	 -11.760	  23.465
5367	 CA 	398	 -22.887	 -10.476	  21.467
6370	 CA 	462	 -18.128	 -12.026	   4.565
6406	 CA 	465	 -19.364	 -16.223	   7.012
6933	 CA 	500	 -14.450	 -11.901	  15.581
6980	 CA 	503	 -15.003	 -12.799	  10.847
21341	CLA 	735	 -23.282	   3.807	   3.384
21342	CLA 	736	 -24.183	  -2.879	 -14.894
21344	CLA 	736	  34.488	   2.111	 -23.220
