786	 CA 	110	 -45.900	  -1.484	  32.875
806	 CA 	111	 -47.625	   1.730	  33.993
821	 CA 	112	 -49.488	   4.670	  32.295
894	 CA 	116	 -55.638	   4.899	  36.589
1467	 CA 	151	 -39.156	   1.441	  -4.025
1477	 CA 	152	 -42.125	   2.119	  -6.237
1497	 CA 	153	 -40.904	   5.664	  -7.168
2201	 CA 	197	 -32.554	   7.031	  -7.956
2279	 CA 	202	 -31.519	   3.092	  -0.342
2324	 CA 	206	 -31.333	  -1.701	   2.984
2373	 CA 	209	 -22.878	  -0.528	  -2.038
2380	 CA 	210	 -22.206	   3.040	  -3.195
5325	 CA 	395	 -25.297	 -19.416	  21.523
5344	 CA 	396	 -27.974	 -17.264	  23.218
5356	 CA 	397	 -27.596	 -13.775	  22.046
5367	 CA 	398	 -25.062	 -11.736	  20.055
6370	 CA 	462	 -17.884	 -12.511	   3.944
6406	 CA 	465	 -19.080	 -16.857	   5.976
6933	 CA 	500	 -14.221	 -12.697	  15.054
6980	 CA 	503	 -14.773	 -13.593	  10.206
21341	CLA 	735	 -22.203	   2.793	   2.409
21342	CLA 	736	 -24.837	  -2.832	 -14.867
21344	CLA 	736	  32.930	   5.053	 -12.058
