786	 CA 	110	 -47.088	  -3.873	  31.927
806	 CA 	111	 -49.249	  -1.069	  33.507
821	 CA 	112	 -51.064	   2.132	  32.366
894	 CA 	116	 -57.897	   2.337	  35.412
1467	 CA 	151	 -39.444	   0.829	  -4.137
1477	 CA 	152	 -42.248	   1.892	  -6.411
1497	 CA 	153	 -40.955	   5.460	  -6.628
2201	 CA 	197	 -32.209	   6.661	  -8.362
2279	 CA 	202	 -31.118	   2.769	  -0.455
2324	 CA 	206	 -31.098	  -1.858	   3.590
2373	 CA 	209	 -23.026	  -0.317	  -1.618
2380	 CA 	210	 -22.023	   2.875	  -3.262
5325	 CA 	395	 -24.006	 -18.888	  24.121
5344	 CA 	396	 -27.793	 -18.565	  24.282
5356	 CA 	397	 -28.152	 -15.214	  22.378
5367	 CA 	398	 -25.750	 -13.237	  20.190
6370	 CA 	462	 -17.999	 -12.548	   4.138
6406	 CA 	465	 -19.199	 -16.567	   6.451
6933	 CA 	500	 -13.123	 -12.221	  15.526
6980	 CA 	503	 -14.558	 -13.536	  10.762
21341	CLA 	735	 -21.724	   2.207	   1.119
21342	CLA 	736	 -24.382	  -2.808	 -15.233
21344	CLA 	736	  34.640	   5.100	 -12.571
