786	 CA 	110	 -47.039	  -1.746	  32.997
806	 CA 	111	 -49.584	   0.897	  34.200
821	 CA 	112	 -51.855	   3.710	  32.844
894	 CA 	116	 -58.914	   2.772	  36.150
1467	 CA 	151	 -38.989	   1.915	  -3.702
1477	 CA 	152	 -41.959	   2.588	  -6.015
1497	 CA 	153	 -40.594	   6.128	  -6.698
2201	 CA 	197	 -32.143	   6.936	  -7.762
2279	 CA 	202	 -31.303	   3.961	   0.477
2324	 CA 	206	 -31.371	  -1.349	   3.352
2373	 CA 	209	 -22.793	  -0.490	  -2.127
2380	 CA 	210	 -22.227	   3.215	  -2.738
5325	 CA 	395	 -23.214	 -18.881	  25.646
5344	 CA 	396	 -26.955	 -18.735	  24.935
5356	 CA 	397	 -28.155	 -15.448	  23.532
5367	 CA 	398	 -25.557	 -13.525	  21.409
6370	 CA 	462	 -17.997	 -12.366	   4.356
6406	 CA 	465	 -19.202	 -16.315	   7.070
6933	 CA 	500	 -13.962	 -11.609	  15.486
6980	 CA 	503	 -14.706	 -12.457	  10.908
21341	CLA 	735	 -22.708	   3.423	   3.474
21342	CLA 	736	 -24.734	  -1.990	 -15.378
21344	CLA 	736	  32.246	   5.548	 -11.801
