786	 CA 	110	 -44.501	  -1.370	  34.874
806	 CA 	111	 -46.791	   1.446	  36.081
821	 CA 	112	 -48.707	   4.349	  34.562
894	 CA 	116	 -56.041	   4.496	  36.913
1467	 CA 	151	 -38.532	   1.881	  -3.826
1477	 CA 	152	 -41.589	   2.778	  -6.002
1497	 CA 	153	 -39.963	   6.214	  -6.526
2201	 CA 	197	 -31.932	   6.455	  -7.245
2279	 CA 	202	 -30.662	   3.197	   0.660
2324	 CA 	206	 -30.648	  -1.513	   4.001
2373	 CA 	209	 -23.076	  -0.465	  -1.676
2380	 CA 	210	 -22.232	   2.998	  -3.142
5325	 CA 	395	 -24.595	 -17.684	  22.967
5344	 CA 	396	 -23.454	 -15.212	  25.727
5356	 CA 	397	 -23.852	 -12.215	  23.228
5367	 CA 	398	 -21.272	 -10.285	  21.118
6370	 CA 	462	 -18.176	 -12.836	   4.409
6406	 CA 	465	 -19.620	 -16.742	   7.024
6933	 CA 	500	 -13.198	 -12.747	  15.596
6980	 CA 	503	 -14.178	 -13.500	  10.743
21341	CLA 	735	 -22.695	   3.373	   4.600
21342	CLA 	736	 -24.034	  -3.159	 -14.406
21344	CLA 	736	  29.578	  19.394	 -45.843
