786	 CA 	110	 -45.642	   1.288	  35.840
806	 CA 	111	 -48.736	   3.228	  37.036
821	 CA 	112	 -50.625	   5.994	  35.024
894	 CA 	116	 -55.926	   3.752	  38.697
1467	 CA 	151	 -38.743	   2.197	  -3.769
1477	 CA 	152	 -41.811	   2.942	  -6.070
1497	 CA 	153	 -40.655	   6.424	  -6.957
2201	 CA 	197	 -32.326	   6.728	  -6.997
2279	 CA 	202	 -31.103	   3.175	   0.815
2324	 CA 	206	 -30.653	  -1.255	   4.991
2373	 CA 	209	 -22.884	  -0.292	  -0.459
2380	 CA 	210	 -22.208	   2.466	  -2.947
5325	 CA 	395	 -23.847	 -17.263	  23.595
5344	 CA 	396	 -22.983	 -15.459	  26.816
5356	 CA 	397	 -24.007	 -12.225	  24.769
5367	 CA 	398	 -21.545	 -10.355	  22.481
6370	 CA 	462	 -17.644	 -12.690	   4.796
6406	 CA 	465	 -19.055	 -16.879	   7.489
6933	 CA 	500	 -12.876	 -12.203	  15.513
6980	 CA 	503	 -14.434	 -13.464	  10.845
21341	CLA 	735	 -22.525	   2.083	   4.697
21342	CLA 	736	 -24.705	  -2.921	 -14.796
21344	CLA 	736	  20.407	 -66.266	 -27.469
