786	 CA 	110	 -44.553	  -2.161	  34.395
806	 CA 	111	 -46.770	   0.887	  35.411
821	 CA 	112	 -48.240	   4.030	  33.738
894	 CA 	116	 -54.601	   5.781	  35.419
1467	 CA 	151	 -38.556	   1.707	  -4.326
1477	 CA 	152	 -41.432	   2.083	  -6.817
1497	 CA 	153	 -40.549	   5.603	  -7.582
2201	 CA 	197	 -31.807	   6.410	  -7.974
2279	 CA 	202	 -31.395	   2.763	   0.066
2324	 CA 	206	 -30.546	  -1.946	   3.558
2373	 CA 	209	 -22.498	  -0.806	  -1.898
2380	 CA 	210	 -21.865	   2.810	  -2.952
5325	 CA 	395	 -25.051	 -19.259	  21.419
5344	 CA 	396	 -24.618	 -17.471	  24.749
5356	 CA 	397	 -25.104	 -14.137	  22.756
5367	 CA 	398	 -22.564	 -11.819	  20.846
6370	 CA 	462	 -17.551	 -13.613	   3.996
6406	 CA 	465	 -19.102	 -17.373	   6.147
6933	 CA 	500	 -14.074	 -13.117	  15.025
6980	 CA 	503	 -14.611	 -13.917	   9.923
21341	CLA 	735	 -23.340	   2.369	   3.800
21342	CLA 	736	 -24.324	  -2.643	 -15.045
21344	CLA 	736	  37.999	  -3.598	 -26.793
