786	 CA 	110	 -43.916	  -2.002	  34.819
806	 CA 	111	 -45.699	   1.359	  35.491
821	 CA 	112	 -47.863	   3.644	  33.450
894	 CA 	116	 -53.359	   2.582	  37.122
1467	 CA 	151	 -38.751	   1.662	  -3.933
1477	 CA 	152	 -41.567	   2.344	  -6.495
1497	 CA 	153	 -40.411	   6.013	  -7.267
2201	 CA 	197	 -32.841	   6.771	  -7.963
2279	 CA 	202	 -31.740	   2.543	  -0.546
2324	 CA 	206	 -30.781	  -2.603	   3.121
2373	 CA 	209	 -23.272	  -0.742	  -1.971
2380	 CA 	210	 -22.785	   2.940	  -2.930
5325	 CA 	395	 -26.088	 -18.213	  21.001
5344	 CA 	396	 -25.335	 -16.725	  24.387
5356	 CA 	397	 -26.089	 -13.240	  22.773
5367	 CA 	398	 -23.091	 -11.248	  21.394
6370	 CA 	462	 -18.221	 -13.425	   3.675
6406	 CA 	465	 -19.368	 -17.708	   6.011
6933	 CA 	500	 -14.851	 -12.946	  15.040
6980	 CA 	503	 -15.147	 -13.696	  10.123
21341	CLA 	735	 -23.989	   3.033	   3.055
21342	CLA 	736	 -24.375	  -3.182	 -15.146
21344	CLA 	736	  36.450	  -1.684	 -25.134
