786	 CA 	110	 -46.869	  -3.825	  34.110
806	 CA 	111	 -48.346	  -1.078	  36.210
821	 CA 	112	 -49.627	   2.318	  34.942
894	 CA 	116	 -56.620	   4.195	  37.035
1467	 CA 	151	 -38.383	   2.505	  -4.224
1477	 CA 	152	 -41.437	   3.091	  -6.416
1497	 CA 	153	 -40.064	   6.636	  -7.086
2201	 CA 	197	 -31.943	   7.280	  -8.035
2279	 CA 	202	 -31.155	   4.117	  -0.075
2324	 CA 	206	 -30.800	  -1.193	   2.614
2373	 CA 	209	 -22.669	  -0.742	  -2.273
2380	 CA 	210	 -21.261	   2.675	  -2.557
5325	 CA 	395	 -27.179	 -16.735	  20.520
5344	 CA 	396	 -27.481	 -14.213	  23.486
5356	 CA 	397	 -27.528	 -11.293	  20.939
5367	 CA 	398	 -24.203	 -10.290	  19.447
6370	 CA 	462	 -18.421	 -13.227	   3.433
6406	 CA 	465	 -19.860	 -17.458	   5.897
6933	 CA 	500	 -14.811	 -12.801	  14.776
6980	 CA 	503	 -15.396	 -13.804	  10.204
21341	CLA 	735	 -22.286	   3.512	   3.733
21342	CLA 	736	 -24.463	  -2.307	 -14.906
21344	CLA 	736	  35.078	   6.740	 -14.551
