786	 CA 	110	 -48.314	   1.290	  33.462
806	 CA 	111	 -50.433	   4.338	  34.620
821	 CA 	112	 -52.652	   6.661	  32.360
894	 CA 	116	 -59.925	   6.886	  33.632
1467	 CA 	151	 -38.997	   2.307	  -3.630
1477	 CA 	152	 -42.104	   2.796	  -5.746
1497	 CA 	153	 -41.077	   6.464	  -6.502
2201	 CA 	197	 -32.653	   7.384	  -7.706
2279	 CA 	202	 -31.171	   3.988	   0.389
2324	 CA 	206	 -30.650	  -0.873	   3.942
2373	 CA 	209	 -22.362	  -0.285	  -2.138
2380	 CA 	210	 -21.515	   3.204	  -3.052
5325	 CA 	395	 -22.693	 -18.325	  25.433
5344	 CA 	396	 -26.536	 -18.902	  25.186
5356	 CA 	397	 -28.416	 -15.886	  23.616
5367	 CA 	398	 -26.452	 -13.612	  21.245
6370	 CA 	462	 -17.837	 -12.084	   5.138
6406	 CA 	465	 -19.184	 -16.122	   7.518
6933	 CA 	500	 -14.041	 -10.921	  16.127
6980	 CA 	503	 -15.015	 -12.041	  11.263
21341	CLA 	735	 -23.119	   3.527	   3.289
21342	CLA 	736	 -25.401	  -2.134	 -14.685
21344	CLA 	736	  34.245	   6.002	 -13.503
