786	 CA 	110	 -47.978	  -2.870	  33.003
806	 CA 	111	 -50.270	   0.145	  33.793
821	 CA 	112	 -51.722	   3.255	  32.029
894	 CA 	116	 -57.788	   3.621	  35.956
1467	 CA 	151	 -39.001	   3.117	  -4.530
1477	 CA 	152	 -41.964	   3.774	  -6.926
1497	 CA 	153	 -40.498	   7.237	  -7.683
2201	 CA 	197	 -31.751	   7.780	  -8.561
2279	 CA 	202	 -31.470	   4.028	  -0.865
2324	 CA 	206	 -31.548	  -0.627	   3.118
2373	 CA 	209	 -23.215	   0.083	  -2.061
2380	 CA 	210	 -21.896	   3.411	  -3.373
5325	 CA 	395	 -27.237	 -18.167	  22.100
5344	 CA 	396	 -30.099	 -16.229	  23.837
5356	 CA 	397	 -28.445	 -13.049	  22.433
5367	 CA 	398	 -25.198	 -12.243	  20.652
6370	 CA 	462	 -18.878	 -12.580	   3.431
6406	 CA 	465	 -20.190	 -16.693	   5.910
6933	 CA 	500	 -15.532	 -12.963	  15.082
6980	 CA 	503	 -15.792	 -13.074	  10.201
21341	CLA 	735	 -21.533	   2.910	   1.644
21342	CLA 	736	 -24.362	  -2.263	 -14.689
21344	CLA 	736	  34.257	   4.194	  -9.834
