786	 CA 	110	 -47.747	  -1.760	  31.121
806	 CA 	111	 -50.257	   0.962	  32.225
821	 CA 	112	 -52.156	   4.004	  31.042
894	 CA 	116	 -57.880	   3.124	  34.701
1467	 CA 	151	 -39.026	   2.379	  -4.464
1477	 CA 	152	 -41.645	   2.717	  -7.142
1497	 CA 	153	 -40.724	   6.533	  -7.883
2201	 CA 	197	 -32.181	   7.624	  -9.102
2279	 CA 	202	 -31.908	   4.254	  -1.108
2324	 CA 	206	 -31.694	  -0.356	   2.194
2373	 CA 	209	 -23.717	  -0.242	  -2.411
2380	 CA 	210	 -22.709	   3.238	  -3.584
5325	 CA 	395	 -26.885	 -17.323	  23.067
5344	 CA 	396	 -29.831	 -15.568	  24.775
5356	 CA 	397	 -28.139	 -12.325	  23.430
5367	 CA 	398	 -25.045	 -11.503	  21.255
6370	 CA 	462	 -18.602	 -12.367	   4.124
6406	 CA 	465	 -20.101	 -16.568	   6.275
6933	 CA 	500	 -14.710	 -12.187	  15.502
6980	 CA 	503	 -15.584	 -12.995	  10.701
21341	CLA 	735	 -22.036	   2.666	   0.846
21342	CLA 	736	 -24.995	  -2.948	 -14.660
21344	CLA 	736	  34.263	   5.414	 -10.537
