786	 CA 	110	 -48.259	  -3.329	  32.704
806	 CA 	111	 -50.961	  -0.586	  33.212
821	 CA 	112	 -52.573	   2.140	  30.920
894	 CA 	116	 -58.376	   2.116	  35.570
1467	 CA 	151	 -39.084	   2.087	  -3.757
1477	 CA 	152	 -41.833	   2.594	  -6.364
1497	 CA 	153	 -40.513	   6.230	  -6.873
2201	 CA 	197	 -32.266	   7.164	  -8.048
2279	 CA 	202	 -31.693	   3.769	  -0.185
2324	 CA 	206	 -31.647	  -1.016	   2.759
2373	 CA 	209	 -23.105	  -0.007	  -1.985
2380	 CA 	210	 -21.691	   3.428	  -2.998
5325	 CA 	395	 -27.270	 -17.663	  20.426
5344	 CA 	396	 -26.155	 -15.601	  23.378
5356	 CA 	397	 -26.684	 -12.293	  21.342
5367	 CA 	398	 -23.906	 -10.867	  19.187
6370	 CA 	462	 -19.118	 -12.697	   3.431
6406	 CA 	465	 -19.679	 -17.067	   5.625
6933	 CA 	500	 -15.093	 -12.391	  14.975
6980	 CA 	503	 -15.673	 -13.197	  10.091
21341	CLA 	735	 -23.239	   3.471	   3.165
21342	CLA 	736	 -24.702	  -2.754	 -15.038
21344	CLA 	736	  36.718	   6.127	 -13.159
