786	 CA 	110	 -48.144	  -2.438	  32.644
806	 CA 	111	 -50.345	   0.296	  33.834
821	 CA 	112	 -51.524	   3.810	  32.467
894	 CA 	116	 -58.395	   4.020	  36.675
1467	 CA 	151	 -38.950	   2.254	  -4.004
1477	 CA 	152	 -41.829	   2.834	  -6.527
1497	 CA 	153	 -40.419	   6.355	  -7.154
2201	 CA 	197	 -32.286	   7.485	  -8.081
2279	 CA 	202	 -31.402	   3.321	  -0.159
2324	 CA 	206	 -30.789	  -1.504	   3.020
2373	 CA 	209	 -22.996	  -0.364	  -2.730
2380	 CA 	210	 -21.918	   3.295	  -3.245
5325	 CA 	395	 -27.075	 -16.323	  20.717
5344	 CA 	396	 -26.640	 -13.405	  23.164
5356	 CA 	397	 -25.915	 -10.829	  20.414
5367	 CA 	398	 -22.491	 -10.161	  19.111
6370	 CA 	462	 -18.074	 -12.633	   3.308
6406	 CA 	465	 -19.635	 -17.129	   5.863
6933	 CA 	500	 -14.618	 -12.673	  15.016
6980	 CA 	503	 -15.016	 -13.244	  10.075
21341	CLA 	735	 -22.160	   2.027	   2.671
21342	CLA 	736	 -24.790	  -2.545	 -15.116
21344	CLA 	736	  35.618	   7.271	 -14.149
