786	 CA 	110	 -48.142	  -3.119	  33.085
806	 CA 	111	 -50.290	  -0.114	  34.281
821	 CA 	112	 -52.167	   2.635	  32.401
894	 CA 	116	 -57.588	   2.556	  36.442
1467	 CA 	151	 -38.616	   1.482	  -3.970
1477	 CA 	152	 -41.470	   2.232	  -6.348
1497	 CA 	153	 -40.257	   5.897	  -6.904
2201	 CA 	197	 -32.254	   6.894	  -7.786
2279	 CA 	202	 -31.550	   3.159	  -0.045
2324	 CA 	206	 -31.290	  -1.535	   2.904
2373	 CA 	209	 -22.839	  -0.443	  -1.839
2380	 CA 	210	 -21.600	   3.032	  -2.818
5325	 CA 	395	 -26.320	 -17.072	  20.745
5344	 CA 	396	 -26.537	 -14.407	  23.414
5356	 CA 	397	 -26.127	 -11.612	  20.718
5367	 CA 	398	 -22.985	  -9.722	  19.586
6370	 CA 	462	 -17.972	 -12.572	   3.902
6406	 CA 	465	 -19.264	 -16.788	   6.015
6933	 CA 	500	 -14.628	 -12.344	  15.344
6980	 CA 	503	 -15.076	 -13.172	  10.405
21341	CLA 	735	 -23.248	   3.144	   3.284
21342	CLA 	736	 -24.518	  -2.870	 -14.927
21344	CLA 	736	  33.718	   7.115	 -11.164
