786	 CA 	110	 -45.384	  -0.326	  32.937
806	 CA 	111	 -47.906	   2.518	  33.548
821	 CA 	112	 -49.729	   5.362	  31.635
894	 CA 	116	 -56.180	   4.962	  36.102
1467	 CA 	151	 -38.782	   2.419	  -3.851
1477	 CA 	152	 -41.705	   2.895	  -6.304
1497	 CA 	153	 -40.376	   6.294	  -7.032
2201	 CA 	197	 -32.262	   7.066	  -8.281
2279	 CA 	202	 -31.100	   3.884	  -0.320
2324	 CA 	206	 -31.190	  -1.059	   3.253
2373	 CA 	209	 -22.813	  -0.256	  -1.494
2380	 CA 	210	 -22.394	   3.121	  -3.065
5325	 CA 	395	 -27.111	 -16.871	  21.750
5344	 CA 	396	 -28.491	 -14.822	  24.596
5356	 CA 	397	 -27.458	 -11.313	  23.428
5367	 CA 	398	 -24.715	 -10.386	  20.851
6370	 CA 	462	 -18.105	 -12.488	   4.076
6406	 CA 	465	 -19.389	 -16.645	   6.002
6933	 CA 	500	 -14.415	 -12.519	  15.622
6980	 CA 	503	 -14.889	 -13.106	  10.292
21341	CLA 	735	 -21.444	   3.243	   2.469
21342	CLA 	736	 -25.001	  -2.732	 -14.703
21344	CLA 	736	  33.059	   4.635	 -10.068
