786	 CA 	110	 -48.835	  -1.461	  33.227
806	 CA 	111	 -50.791	   1.953	  33.341
821	 CA 	112	 -52.878	   4.097	  31.032
894	 CA 	116	 -57.413	   2.894	  34.847
1467	 CA 	151	 -39.404	   1.416	  -4.275
1477	 CA 	152	 -42.248	   2.338	  -6.721
1497	 CA 	153	 -40.642	   5.813	  -7.252
2201	 CA 	197	 -32.339	   6.723	  -7.994
2279	 CA 	202	 -31.609	   3.315	  -0.254
2324	 CA 	206	 -31.161	  -1.911	   2.812
2373	 CA 	209	 -22.610	  -0.442	  -2.142
2380	 CA 	210	 -21.557	   3.233	  -2.719
5325	 CA 	395	 -25.439	 -17.941	  20.625
5344	 CA 	396	 -26.026	 -16.195	  23.993
5356	 CA 	397	 -26.099	 -12.881	  21.996
5367	 CA 	398	 -23.442	 -10.752	  20.259
6370	 CA 	462	 -18.056	 -12.975	   3.985
6406	 CA 	465	 -18.961	 -17.133	   5.865
6933	 CA 	500	 -14.255	 -12.564	  14.943
6980	 CA 	503	 -14.809	 -13.524	  10.235
21341	CLA 	735	 -23.558	   3.179	   3.012
21342	CLA 	736	 -24.841	  -2.996	 -14.545
21344	CLA 	736	  34.709	   7.215	  -9.674
