786	 CA 	110	 -47.674	  -0.694	  32.052
806	 CA 	111	 -49.345	   2.387	  33.443
821	 CA 	112	 -50.953	   5.193	  31.441
894	 CA 	116	 -57.780	   5.383	  34.326
1467	 CA 	151	 -38.749	   1.839	  -4.231
1477	 CA 	152	 -41.617	   2.734	  -6.579
1497	 CA 	153	 -40.273	   6.254	  -7.104
2201	 CA 	197	 -31.866	   6.864	  -8.260
2279	 CA 	202	 -30.952	   3.807	   0.116
2324	 CA 	206	 -31.392	  -0.312	   3.527
2373	 CA 	209	 -22.774	  -0.321	  -1.307
2380	 CA 	210	 -22.086	   3.025	  -2.913
5325	 CA 	395	 -24.489	 -17.664	  23.802
5344	 CA 	396	 -28.010	 -16.504	  24.638
5356	 CA 	397	 -28.011	 -13.712	  22.181
5367	 CA 	398	 -25.019	 -12.077	  20.535
6370	 CA 	462	 -17.939	 -12.457	   4.883
6406	 CA 	465	 -19.229	 -16.372	   7.009
6933	 CA 	500	 -13.945	 -11.835	  15.954
6980	 CA 	503	 -14.744	 -12.726	  11.048
21341	CLA 	735	 -21.261	   3.379	   1.921
21342	CLA 	736	 -24.750	  -2.861	 -14.654
21344	CLA 	736	  31.433	   6.261	 -13.333
