786	 CA 	110	 -47.968	  -0.300	  32.978
806	 CA 	111	 -50.144	   2.477	  34.283
821	 CA 	112	 -52.494	   4.638	  32.182
894	 CA 	116	 -59.261	   3.743	  35.656
1467	 CA 	151	 -38.613	   1.076	  -3.397
1477	 CA 	152	 -41.630	   1.682	  -5.749
1497	 CA 	153	 -40.632	   5.197	  -6.417
2201	 CA 	197	 -32.127	   6.948	  -7.608
2279	 CA 	202	 -30.980	   3.728	   0.258
2324	 CA 	206	 -30.437	  -0.708	   3.324
2373	 CA 	209	 -22.598	  -0.559	  -2.253
2380	 CA 	210	 -21.763	   3.114	  -3.067
5325	 CA 	395	 -22.958	 -18.893	  25.948
5344	 CA 	396	 -26.789	 -18.622	  25.870
5356	 CA 	397	 -27.879	 -15.450	  24.424
5367	 CA 	398	 -25.281	 -14.302	  21.958
6370	 CA 	462	 -17.831	 -12.958	   4.606
6406	 CA 	465	 -19.415	 -16.419	   7.119
6933	 CA 	500	 -13.338	 -12.145	  15.509
6980	 CA 	503	 -14.328	 -13.105	  10.721
21341	CLA 	735	 -22.601	   2.775	   3.168
21342	CLA 	736	 -24.399	  -2.271	 -15.071
21344	CLA 	736	  34.316	   2.080	 -14.229
