786	 CA 	110	 -47.837	  -2.676	  31.501
806	 CA 	111	 -49.951	   0.250	  32.710
821	 CA 	112	 -51.538	   2.960	  30.605
894	 CA 	116	 -56.315	   2.041	  35.651
1467	 CA 	151	 -38.616	   1.801	  -4.422
1477	 CA 	152	 -41.544	   2.341	  -6.920
1497	 CA 	153	 -40.297	   5.855	  -7.511
2201	 CA 	197	 -32.128	   6.869	  -8.163
2279	 CA 	202	 -31.221	   3.217	  -0.367
2324	 CA 	206	 -30.701	  -1.513	   2.949
2373	 CA 	209	 -22.996	  -0.739	  -2.263
2380	 CA 	210	 -22.195	   2.922	  -3.096
5325	 CA 	395	 -25.340	 -17.888	  20.288
5344	 CA 	396	 -25.321	 -16.529	  23.754
5356	 CA 	397	 -25.146	 -12.932	  22.389
5367	 CA 	398	 -22.336	 -10.384	  22.129
6370	 CA 	462	 -18.239	 -13.074	   3.567
6406	 CA 	465	 -19.167	 -17.582	   5.826
6933	 CA 	500	 -13.793	 -12.537	  14.676
6980	 CA 	503	 -14.420	 -13.547	   9.862
21341	CLA 	735	 -22.391	   1.939	   4.152
21342	CLA 	736	 -24.469	  -3.102	 -14.754
21344	CLA 	736	  34.654	   6.486	 -11.134
