786	 CA 	110	 -51.589	   1.562	  32.869
806	 CA 	111	 -53.405	   4.677	  33.850
821	 CA 	112	 -55.345	   6.478	  31.135
894	 CA 	116	 -62.702	   5.016	  32.506
1467	 CA 	151	 -38.823	   1.593	  -3.925
1477	 CA 	152	 -41.843	   2.174	  -6.138
1497	 CA 	153	 -40.834	   5.835	  -6.646
2201	 CA 	197	 -32.292	   6.153	  -7.819
2279	 CA 	202	 -31.196	   3.020	   0.239
2324	 CA 	206	 -31.273	  -1.566	   3.234
2373	 CA 	209	 -22.921	  -0.653	  -2.316
2380	 CA 	210	 -22.130	   2.901	  -3.202
5325	 CA 	395	 -24.011	 -19.018	  24.837
5344	 CA 	396	 -27.540	 -19.010	  23.495
5356	 CA 	397	 -28.737	 -15.613	  22.207
5367	 CA 	398	 -26.271	 -14.040	  19.780
6370	 CA 	462	 -17.450	 -13.034	   4.190
6406	 CA 	465	 -19.490	 -16.930	   6.383
6933	 CA 	500	 -13.780	 -12.858	  15.517
6980	 CA 	503	 -14.484	 -13.685	  10.755
21341	CLA 	735	 -22.914	   1.981	   2.892
21342	CLA 	736	 -24.694	  -2.155	 -15.176
21344	CLA 	736	  29.235	   2.157	 -13.638
