786	 CA 	110	 -46.358	  -0.824	  32.749
806	 CA 	111	 -48.765	   2.052	  33.723
821	 CA 	112	 -50.715	   4.601	  31.821
894	 CA 	116	 -57.213	   4.000	  35.586
1467	 CA 	151	 -38.954	   2.634	  -4.567
1477	 CA 	152	 -41.726	   3.176	  -7.247
1497	 CA 	153	 -40.337	   6.768	  -7.658
2201	 CA 	197	 -31.275	   7.892	  -8.897
2279	 CA 	202	 -31.374	   4.774	  -0.779
2324	 CA 	206	 -31.485	  -0.044	   2.035
2373	 CA 	209	 -22.957	   0.136	  -2.116
2380	 CA 	210	 -21.632	   3.368	  -3.461
5325	 CA 	395	 -27.676	 -17.764	  21.661
5344	 CA 	396	 -30.450	 -16.095	  23.851
5356	 CA 	397	 -29.108	 -12.815	  22.432
5367	 CA 	398	 -25.836	 -11.590	  20.681
6370	 CA 	462	 -18.765	 -12.201	   3.806
6406	 CA 	465	 -20.263	 -16.649	   5.976
6933	 CA 	500	 -15.507	 -12.385	  15.024
6980	 CA 	503	 -16.016	 -13.115	  10.209
21341	CLA 	735	 -21.710	   3.335	   1.825
21342	CLA 	736	 -24.770	  -2.544	 -14.743
21344	CLA 	736	  34.132	   4.568	  -9.032
