786	 CA 	110	 -46.526	   0.053	  32.620
806	 CA 	111	 -49.043	   2.629	  33.838
821	 CA 	112	 -50.897	   5.631	  32.304
894	 CA 	116	 -57.809	   5.799	  36.616
1467	 CA 	151	 -39.268	   2.460	  -4.200
1477	 CA 	152	 -42.055	   3.280	  -6.702
1497	 CA 	153	 -40.557	   6.669	  -7.452
2201	 CA 	197	 -32.497	   7.063	  -8.206
2279	 CA 	202	 -31.839	   3.173	  -0.431
2324	 CA 	206	 -31.709	  -1.526	   3.285
2373	 CA 	209	 -23.240	  -0.003	  -1.997
2380	 CA 	210	 -21.929	   3.235	  -3.389
5325	 CA 	395	 -27.536	 -17.647	  21.202
5344	 CA 	396	 -29.758	 -15.784	  23.678
5356	 CA 	397	 -28.729	 -12.456	  22.207
5367	 CA 	398	 -25.588	 -11.199	  20.459
6370	 CA 	462	 -19.012	 -12.665	   4.070
6406	 CA 	465	 -20.385	 -16.811	   6.206
6933	 CA 	500	 -15.611	 -12.886	  15.534
6980	 CA 	503	 -16.152	 -13.212	  10.382
21341	CLA 	735	 -21.578	   2.772	   1.667
21342	CLA 	736	 -24.673	  -2.497	 -14.485
21344	CLA 	736	  34.243	   3.214	 -10.476
