786	 CA 	110	 -45.517	  -4.178	  33.683
806	 CA 	111	 -47.180	  -1.412	  35.825
821	 CA 	112	 -47.987	   2.261	  35.211
894	 CA 	116	 -55.337	   3.388	  37.790
1467	 CA 	151	 -38.648	   2.123	  -3.424
1477	 CA 	152	 -41.571	   3.101	  -5.736
1497	 CA 	153	 -40.172	   6.633	  -6.131
2201	 CA 	197	 -31.873	   7.356	  -7.093
2279	 CA 	202	 -31.095	   3.313	   0.683
2324	 CA 	206	 -31.016	  -1.395	   3.407
2373	 CA 	209	 -22.930	  -0.109	  -2.633
2380	 CA 	210	 -21.584	   3.440	  -2.876
5325	 CA 	395	 -26.494	 -17.735	  21.423
5344	 CA 	396	 -26.653	 -15.336	  24.682
5356	 CA 	397	 -27.074	 -12.323	  22.295
5367	 CA 	398	 -23.816	 -10.787	  20.720
6370	 CA 	462	 -18.595	 -13.258	   3.721
6406	 CA 	465	 -19.790	 -17.529	   6.050
6933	 CA 	500	 -14.786	 -12.751	  15.168
6980	 CA 	503	 -15.573	 -13.801	  10.211
21341	CLA 	735	 -23.078	   3.219	   3.272
21342	CLA 	736	 -24.791	  -2.448	 -14.635
21344	CLA 	736	  35.949	   5.700	 -14.338
