786	 CA 	110	 -46.688	  -1.759	  32.487
806	 CA 	111	 -49.322	   0.754	  33.681
821	 CA 	112	 -51.718	   3.342	  32.263
894	 CA 	116	 -58.240	   2.427	  35.108
1467	 CA 	151	 -38.430	   2.057	  -4.613
1477	 CA 	152	 -41.599	   2.707	  -6.782
1497	 CA 	153	 -40.412	   6.372	  -7.087
2201	 CA 	197	 -31.797	   7.279	  -8.239
2279	 CA 	202	 -30.839	   3.771	  -0.359
2324	 CA 	206	 -31.141	  -1.227	   2.877
2373	 CA 	209	 -22.606	   0.189	  -1.939
2380	 CA 	210	 -21.453	   3.532	  -3.210
5325	 CA 	395	 -25.843	 -17.133	  22.881
5344	 CA 	396	 -29.669	 -16.875	  22.973
5356	 CA 	397	 -29.072	 -13.427	  21.350
5367	 CA 	398	 -25.666	 -11.733	  20.364
6370	 CA 	462	 -18.396	 -12.355	   3.890
6406	 CA 	465	 -19.603	 -16.493	   5.951
6933	 CA 	500	 -14.452	 -12.078	  15.099
6980	 CA 	503	 -15.149	 -13.376	  10.525
21341	CLA 	735	 -21.053	   3.369	   1.607
21342	CLA 	736	 -25.145	  -3.368	 -15.299
21344	CLA 	736	  34.327	   5.377	 -10.024
