786	 CA 	110	 -45.904	  -1.660	  33.152
806	 CA 	111	 -48.045	   1.083	  34.795
821	 CA 	112	 -49.706	   4.212	  33.443
894	 CA 	116	 -57.503	   5.504	  35.376
1467	 CA 	151	 -38.396	   2.609	  -4.283
1477	 CA 	152	 -41.312	   3.175	  -6.707
1497	 CA 	153	 -39.869	   6.652	  -7.405
2201	 CA 	197	 -31.678	   6.996	  -7.397
2279	 CA 	202	 -31.056	   3.292	  -0.046
2324	 CA 	206	 -31.011	  -1.298	   3.462
2373	 CA 	209	 -22.872	  -0.471	  -1.427
2380	 CA 	210	 -22.081	   2.955	  -2.631
5325	 CA 	395	 -25.839	 -17.659	  22.428
5344	 CA 	396	 -25.289	 -15.143	  25.258
5356	 CA 	397	 -25.952	 -12.191	  22.806
5367	 CA 	398	 -23.363	 -10.238	  20.741
6370	 CA 	462	 -18.319	 -12.546	   4.658
6406	 CA 	465	 -20.118	 -16.695	   6.708
6933	 CA 	500	 -14.345	 -12.834	  15.725
6980	 CA 	503	 -15.269	 -13.438	  11.077
21341	CLA 	735	 -23.291	   3.191	   3.756
21342	CLA 	736	 -24.473	  -3.135	 -14.767
21344	CLA 	736	  33.916	  17.250	 -42.142
