786	 CA 	110	 -46.039	  -2.068	  32.322
806	 CA 	111	 -48.490	   0.751	  33.342
821	 CA 	112	 -50.293	   3.636	  31.857
894	 CA 	116	 -56.062	   4.207	  36.256
1467	 CA 	151	 -38.624	   2.919	  -4.264
1477	 CA 	152	 -41.492	   3.400	  -6.801
1497	 CA 	153	 -40.433	   7.108	  -7.435
2201	 CA 	197	 -32.302	   7.936	  -8.186
2279	 CA 	202	 -31.405	   3.776	  -0.676
2324	 CA 	206	 -31.204	  -1.078	   2.962
2373	 CA 	209	 -23.325	  -0.611	  -2.288
2380	 CA 	210	 -22.651	   3.024	  -3.306
5325	 CA 	395	 -27.393	 -18.182	  21.439
5344	 CA 	396	 -29.585	 -16.188	  23.777
5356	 CA 	397	 -28.425	 -12.609	  23.088
5367	 CA 	398	 -25.799	 -11.238	  20.794
6370	 CA 	462	 -18.458	 -12.819	   4.023
6406	 CA 	465	 -19.632	 -16.817	   6.158
6933	 CA 	500	 -14.800	 -12.630	  15.444
6980	 CA 	503	 -15.579	 -13.200	  10.571
21341	CLA 	735	 -22.005	   2.974	   1.349
21342	CLA 	736	 -24.785	  -2.625	 -14.922
21344	CLA 	736	  32.446	   4.134	  -9.251
