786	 CA 	110	 -47.255	  -0.851	  32.752
806	 CA 	111	 -50.014	   1.765	  33.568
821	 CA 	112	 -51.868	   4.725	  31.914
894	 CA 	116	 -58.901	   3.994	  35.119
1467	 CA 	151	 -38.354	   2.264	  -3.890
1477	 CA 	152	 -41.555	   2.455	  -6.014
1497	 CA 	153	 -40.776	   6.087	  -6.841
2201	 CA 	197	 -32.093	   7.636	  -8.032
2279	 CA 	202	 -30.840	   4.255	   0.016
2324	 CA 	206	 -31.015	  -1.019	   3.085
2373	 CA 	209	 -22.341	  -0.017	  -2.377
2380	 CA 	210	 -21.572	   3.590	  -3.194
5325	 CA 	395	 -23.897	 -17.867	  25.592
5344	 CA 	396	 -27.511	 -18.262	  24.268
5356	 CA 	397	 -28.847	 -14.823	  23.022
5367	 CA 	398	 -26.848	 -12.421	  20.852
6370	 CA 	462	 -17.933	 -12.412	   3.968
6406	 CA 	465	 -19.614	 -16.499	   6.460
6933	 CA 	500	 -14.865	 -11.537	  15.005
6980	 CA 	503	 -15.214	 -12.857	  10.181
21341	CLA 	735	 -22.266	   3.049	   2.979
21342	CLA 	736	 -25.170	  -2.332	 -15.271
21344	CLA 	736	  35.075	   4.136	 -12.189
