786	 CA 	110	 -47.317	  -1.663	  31.596
806	 CA 	111	 -49.435	   1.131	  33.107
821	 CA 	112	 -51.395	   3.610	  30.745
894	 CA 	116	 -57.235	   3.391	  35.579
1467	 CA 	151	 -39.029	   1.926	  -4.520
1477	 CA 	152	 -41.913	   2.391	  -6.885
1497	 CA 	153	 -40.540	   5.928	  -7.574
2201	 CA 	197	 -32.704	   7.068	  -8.451
2279	 CA 	202	 -31.397	   3.338	  -0.798
2324	 CA 	206	 -31.355	  -1.931	   2.294
2373	 CA 	209	 -23.054	  -0.599	  -2.495
2380	 CA 	210	 -22.348	   2.948	  -3.529
5325	 CA 	395	 -26.164	 -18.119	  22.451
5344	 CA 	396	 -28.218	 -16.148	  24.838
5356	 CA 	397	 -27.041	 -12.713	  23.302
5367	 CA 	398	 -24.463	 -11.344	  20.741
6370	 CA 	462	 -18.136	 -13.076	   3.733
6406	 CA 	465	 -19.614	 -17.099	   6.347
6933	 CA 	500	 -14.659	 -11.773	  14.829
6980	 CA 	503	 -15.312	 -13.108	  10.072
21341	CLA 	735	 -21.689	   2.431	   2.004
21342	CLA 	736	 -25.207	  -3.463	 -14.695
21344	CLA 	736	  34.173	   4.901	 -11.507
