786	 CA 	110	 -49.319	   1.277	  33.060
806	 CA 	111	 -51.444	   4.366	  33.917
821	 CA 	112	 -53.377	   6.711	  31.564
894	 CA 	116	 -60.534	   6.459	  34.343
1467	 CA 	151	 -39.063	   1.918	  -3.995
1477	 CA 	152	 -42.124	   2.323	  -6.188
1497	 CA 	153	 -41.213	   5.840	  -7.121
2201	 CA 	197	 -32.099	   7.323	  -7.588
2279	 CA 	202	 -30.898	   4.008	   0.572
2324	 CA 	206	 -30.950	  -0.928	   3.827
2373	 CA 	209	 -22.466	   0.201	  -1.475
2380	 CA 	210	 -21.619	   3.516	  -2.927
5325	 CA 	395	 -23.675	 -18.494	  26.050
5344	 CA 	396	 -27.401	 -18.954	  25.483
5356	 CA 	397	 -28.938	 -16.289	  23.261
5367	 CA 	398	 -26.913	 -13.915	  20.881
6370	 CA 	462	 -18.314	 -12.291	   4.164
6406	 CA 	465	 -19.614	 -16.628	   6.779
6933	 CA 	500	 -14.486	 -11.640	  15.802
6980	 CA 	503	 -15.527	 -12.673	  10.984
21341	CLA 	735	 -22.826	   3.432	   3.457
21342	CLA 	736	 -25.147	  -2.270	 -15.148
21344	CLA 	736	  33.974	   5.242	 -12.798
