786	 CA 	110	 -47.342	  -1.918	  32.098
806	 CA 	111	 -49.778	   0.906	  32.842
821	 CA 	112	 -51.745	   3.854	  31.315
894	 CA 	116	 -58.797	   3.464	  34.270
1467	 CA 	151	 -38.524	   1.589	  -4.313
1477	 CA 	152	 -41.324	   2.602	  -6.711
1497	 CA 	153	 -39.975	   6.312	  -6.986
2201	 CA 	197	 -31.673	   7.353	  -7.823
2279	 CA 	202	 -31.113	   3.469	  -0.207
2324	 CA 	206	 -31.452	  -1.023	   2.847
2373	 CA 	209	 -22.987	  -0.428	  -2.545
2380	 CA 	210	 -22.090	   3.229	  -3.440
5325	 CA 	395	 -26.193	 -16.962	  22.592
5344	 CA 	396	 -30.000	 -16.458	  22.839
5356	 CA 	397	 -29.379	 -13.294	  20.622
5367	 CA 	398	 -26.346	 -11.383	  19.414
6370	 CA 	462	 -18.502	 -12.510	   3.356
6406	 CA 	465	 -20.069	 -16.867	   5.553
6933	 CA 	500	 -14.556	 -11.846	  14.763
6980	 CA 	503	 -15.513	 -12.913	  10.113
21341	CLA 	735	 -22.008	   2.802	   1.942
21342	CLA 	736	 -25.048	  -2.853	 -15.340
21344	CLA 	736	  34.314	   5.650	  -9.438
