786	 CA 	110	 -48.400	  -2.889	  33.613
806	 CA 	111	 -50.695	  -0.009	  34.363
821	 CA 	112	 -51.893	   2.978	  32.299
894	 CA 	116	 -56.906	   3.629	  37.115
1467	 CA 	151	 -38.934	   1.741	  -3.971
1477	 CA 	152	 -41.923	   2.450	  -6.357
1497	 CA 	153	 -40.677	   6.026	  -7.143
2201	 CA 	197	 -32.483	   7.247	  -8.011
2279	 CA 	202	 -31.482	   3.095	  -0.400
2324	 CA 	206	 -31.673	  -1.887	   2.612
2373	 CA 	209	 -23.359	  -0.411	  -1.846
2380	 CA 	210	 -22.248	   3.032	  -2.842
5325	 CA 	395	 -26.294	 -17.381	  21.126
5344	 CA 	396	 -25.842	 -14.922	  23.977
5356	 CA 	397	 -25.757	 -12.162	  21.376
5367	 CA 	398	 -22.725	 -10.690	  19.509
6370	 CA 	462	 -17.647	 -12.378	   4.157
6406	 CA 	465	 -18.963	 -16.810	   6.171
6933	 CA 	500	 -14.163	 -12.620	  15.594
6980	 CA 	503	 -14.705	 -13.379	  10.612
21341	CLA 	735	 -23.306	   3.328	   3.182
21342	CLA 	736	 -25.050	  -2.686	 -14.966
21344	CLA 	736	  33.553	   6.973	 -10.956
