786	 CA 	110	 -47.185	  -1.906	  31.924
806	 CA 	111	 -49.373	   0.760	  33.811
821	 CA 	112	 -51.020	   3.884	  32.251
894	 CA 	116	 -56.370	   2.709	  37.012
1467	 CA 	151	 -38.561	   3.280	  -4.463
1477	 CA 	152	 -41.326	   3.776	  -6.985
1497	 CA 	153	 -39.851	   7.285	  -7.751
2201	 CA 	197	 -31.711	   7.846	  -8.677
2279	 CA 	202	 -31.241	   4.462	  -0.667
2324	 CA 	206	 -31.274	  -0.530	   3.192
2373	 CA 	209	 -23.159	  -0.394	  -1.798
2380	 CA 	210	 -22.345	   3.025	  -3.279
5325	 CA 	395	 -25.987	 -18.712	  23.075
5344	 CA 	396	 -28.178	 -17.178	  25.781
5356	 CA 	397	 -27.795	 -13.770	  24.163
5367	 CA 	398	 -25.613	 -12.235	  21.554
6370	 CA 	462	 -18.689	 -12.692	   4.160
6406	 CA 	465	 -19.712	 -17.123	   6.453
6933	 CA 	500	 -15.566	 -12.355	  15.360
6980	 CA 	503	 -15.741	 -13.164	  10.537
21341	CLA 	735	 -21.716	   2.919	   1.920
21342	CLA 	736	 -24.950	  -2.893	 -14.550
21344	CLA 	736	  34.756	   5.323	  -9.768
