786	 CA 	110	 -48.446	  -2.494	  32.727
806	 CA 	111	 -50.843	   0.449	  33.515
821	 CA 	112	 -52.643	   3.125	  31.465
894	 CA 	116	 -58.346	   3.160	  36.064
1467	 CA 	151	 -39.337	   2.355	  -3.974
1477	 CA 	152	 -42.127	   3.326	  -6.364
1497	 CA 	153	 -40.579	   6.706	  -6.965
2201	 CA 	197	 -32.431	   7.552	  -7.676
2279	 CA 	202	 -31.766	   3.651	  -0.284
2324	 CA 	206	 -31.927	  -0.911	   3.495
2373	 CA 	209	 -23.452	  -0.450	  -2.023
2380	 CA 	210	 -22.058	   3.010	  -2.861
5325	 CA 	395	 -26.250	 -16.561	  20.975
5344	 CA 	396	 -26.098	 -13.932	  23.753
5356	 CA 	397	 -25.933	 -11.028	  21.257
5367	 CA 	398	 -22.809	  -9.492	  19.486
6370	 CA 	462	 -18.649	 -12.905	   4.225
6406	 CA 	465	 -19.753	 -16.706	   6.418
6933	 CA 	500	 -14.831	 -12.148	  15.256
6980	 CA 	503	 -15.484	 -13.169	  10.591
21341	CLA 	735	 -23.661	   2.822	   3.337
21342	CLA 	736	 -24.799	  -2.556	 -14.693
21344	CLA 	736	  35.294	   3.862	 -12.664
