786	 CA 	110	 -47.331	  -2.185	  32.479
806	 CA 	111	 -49.710	   0.585	  33.782
821	 CA 	112	 -51.849	   3.051	  31.796
894	 CA 	116	 -58.910	   2.715	  35.269
1467	 CA 	151	 -38.422	   1.784	  -4.424
1477	 CA 	152	 -41.500	   2.220	  -6.731
1497	 CA 	153	 -40.612	   5.901	  -7.252
2201	 CA 	197	 -32.185	   7.061	  -8.076
2279	 CA 	202	 -31.110	   3.286	  -0.290
2324	 CA 	206	 -30.856	  -0.838	   3.230
2373	 CA 	209	 -22.703	   0.053	  -1.771
2380	 CA 	210	 -21.568	   3.399	  -3.222
5325	 CA 	395	 -23.097	 -18.691	  24.471
5344	 CA 	396	 -26.936	 -18.282	  25.133
5356	 CA 	397	 -27.401	 -14.893	  23.645
5367	 CA 	398	 -25.591	 -12.621	  21.217
6370	 CA 	462	 -18.074	 -12.245	   4.026
6406	 CA 	465	 -18.662	 -16.708	   6.580
6933	 CA 	500	 -13.471	 -11.616	  15.735
6980	 CA 	503	 -14.629	 -12.584	  10.836
21341	CLA 	735	 -21.422	   3.269	   1.889
21342	CLA 	736	 -24.679	  -2.391	 -14.889
21344	CLA 	736	  33.355	   3.790	 -13.897
