786	 CA 	110	 -47.108	   1.225	  32.235
806	 CA 	111	 -49.200	   4.314	  33.226
821	 CA 	112	 -50.486	   7.469	  31.363
894	 CA 	116	 -56.876	   6.263	  35.969
1467	 CA 	151	 -38.763	   3.448	  -4.576
1477	 CA 	152	 -41.748	   3.949	  -7.044
1497	 CA 	153	 -40.384	   7.515	  -7.763
2201	 CA 	197	 -31.756	   8.116	  -9.044
2279	 CA 	202	 -31.259	   5.098	  -1.037
2324	 CA 	206	 -31.045	   0.535	   2.680
2373	 CA 	209	 -23.077	   0.079	  -2.026
2380	 CA 	210	 -21.631	   3.484	  -3.163
5325	 CA 	395	 -28.450	 -15.639	  22.299
5344	 CA 	396	 -30.475	 -13.800	  25.064
5356	 CA 	397	 -28.979	 -10.473	  23.656
5367	 CA 	398	 -26.107	  -9.541	  21.347
6370	 CA 	462	 -19.333	 -12.360	   4.597
6406	 CA 	465	 -21.116	 -16.043	   6.773
6933	 CA 	500	 -16.014	 -11.877	  15.585
6980	 CA 	503	 -16.536	 -12.560	  10.760
21341	CLA 	735	 -21.402	   2.803	   1.686
21342	CLA 	736	 -24.889	  -2.492	 -14.923
21344	CLA 	736	  34.550	   3.209	  -9.582
