786	 CA 	110	 -47.531	   0.345	  33.845
806	 CA 	111	 -49.563	   3.216	  35.207
821	 CA 	112	 -52.007	   5.103	  32.883
894	 CA 	116	 -58.611	   4.528	  35.112
1467	 CA 	151	 -38.394	   1.558	  -3.395
1477	 CA 	152	 -41.499	   2.199	  -5.544
1497	 CA 	153	 -40.426	   5.812	  -6.020
2201	 CA 	197	 -32.221	   7.222	  -7.494
2279	 CA 	202	 -30.881	   3.814	   0.425
2324	 CA 	206	 -30.741	  -0.933	   3.450
2373	 CA 	209	 -21.908	  -0.655	  -1.722
2380	 CA 	210	 -21.510	   2.958	  -3.020
5325	 CA 	395	 -22.585	 -17.411	  26.335
5344	 CA 	396	 -26.401	 -17.873	  26.343
5356	 CA 	397	 -28.020	 -14.884	  24.646
5367	 CA 	398	 -25.845	 -13.086	  21.983
6370	 CA 	462	 -17.809	 -12.436	   4.802
6406	 CA 	465	 -19.258	 -16.382	   7.175
6933	 CA 	500	 -13.479	 -11.764	  15.305
6980	 CA 	503	 -14.757	 -12.723	  10.627
21341	CLA 	735	 -22.407	   2.983	   2.521
21342	CLA 	736	 -24.883	  -2.077	 -15.030
21344	CLA 	736	  34.489	   5.409	 -13.385
