786	 CA 	110	 -43.491	  -1.858	  35.092
806	 CA 	111	 -45.922	   1.013	  35.846
821	 CA 	112	 -48.625	   3.341	  34.372
894	 CA 	116	 -53.493	   2.518	  38.038
1467	 CA 	151	 -39.253	   1.358	  -3.657
1477	 CA 	152	 -42.025	   2.191	  -6.044
1497	 CA 	153	 -40.627	   5.610	  -6.773
2201	 CA 	197	 -32.109	   6.053	  -7.574
2279	 CA 	202	 -31.668	   2.483	   0.682
2324	 CA 	206	 -31.020	  -2.004	   4.143
2373	 CA 	209	 -23.016	  -0.588	  -1.561
2380	 CA 	210	 -22.148	   3.083	  -2.427
5325	 CA 	395	 -24.271	 -18.293	  23.155
5344	 CA 	396	 -24.908	 -16.081	  26.295
5356	 CA 	397	 -24.565	 -12.984	  24.019
5367	 CA 	398	 -21.611	 -11.224	  22.099
6370	 CA 	462	 -17.557	 -13.245	   4.627
6406	 CA 	465	 -18.859	 -17.179	   6.948
6933	 CA 	500	 -14.023	 -12.517	  15.765
6980	 CA 	503	 -14.571	 -13.746	  10.956
21341	CLA 	735	 -23.051	   3.157	   3.950
21342	CLA 	736	 -24.828	  -3.241	 -14.863
21344	CLA 	736	  31.201	   8.140	 -19.680
