786	 CA 	110	 -45.234	   0.079	  35.084
806	 CA 	111	 -47.530	   3.036	  35.928
821	 CA 	112	 -50.054	   5.048	  33.788
894	 CA 	116	 -56.838	   3.549	  37.030
1467	 CA 	151	 -38.706	   2.499	  -4.160
1477	 CA 	152	 -41.557	   3.372	  -6.637
1497	 CA 	153	 -39.760	   6.616	  -7.118
2201	 CA 	197	 -31.277	   6.822	  -7.478
2279	 CA 	202	 -30.488	   3.662	   0.596
2324	 CA 	206	 -30.779	  -0.993	   4.385
2373	 CA 	209	 -22.702	  -0.346	  -0.873
2380	 CA 	210	 -22.034	   3.106	  -2.678
5325	 CA 	395	 -25.640	 -15.718	  22.639
5344	 CA 	396	 -25.467	 -12.991	  25.319
5356	 CA 	397	 -25.186	 -10.251	  22.520
5367	 CA 	398	 -22.048	  -9.044	  20.635
6370	 CA 	462	 -17.756	 -12.899	   4.447
6406	 CA 	465	 -19.147	 -16.722	   7.026
6933	 CA 	500	 -13.600	 -12.091	  15.602
6980	 CA 	503	 -14.486	 -13.171	  10.799
21341	CLA 	735	 -23.280	   3.385	   4.329
21342	CLA 	736	 -24.545	  -3.109	 -14.598
21344	CLA 	736	  19.986	  25.845	 -42.989
