786	 CA 	110	 -48.468	  -1.362	  31.106
806	 CA 	111	 -50.481	   1.744	  31.877
821	 CA 	112	 -52.332	   4.305	  29.816
894	 CA 	116	 -57.237	   4.039	  34.229
1467	 CA 	151	 -38.716	   2.610	  -4.930
1477	 CA 	152	 -41.548	   3.114	  -7.464
1497	 CA 	153	 -40.158	   6.680	  -8.011
2201	 CA 	197	 -32.159	   7.657	  -8.819
2279	 CA 	202	 -31.481	   4.259	  -1.202
2324	 CA 	206	 -31.282	  -0.865	   2.446
2373	 CA 	209	 -23.105	  -0.507	  -2.420
2380	 CA 	210	 -22.291	   3.102	  -3.137
5325	 CA 	395	 -26.628	 -17.138	  20.361
5344	 CA 	396	 -27.101	 -15.785	  23.839
5356	 CA 	397	 -27.078	 -12.199	  22.327
5367	 CA 	398	 -24.141	  -9.854	  22.164
6370	 CA 	462	 -18.411	 -12.553	   3.727
6406	 CA 	465	 -19.662	 -16.599	   5.908
6933	 CA 	500	 -14.642	 -12.056	  15.390
6980	 CA 	503	 -15.356	 -12.983	  10.100
21341	CLA 	735	 -22.740	   2.803	   4.216
21342	CLA 	736	 -24.636	  -2.770	 -14.992
21344	CLA 	736	  35.145	   4.011	 -10.479
