786	 CA 	110	 -45.557	  -3.243	  33.489
806	 CA 	111	 -48.016	  -0.491	  34.937
821	 CA 	112	 -49.597	   2.673	  33.633
894	 CA 	116	 -55.117	   0.269	  36.938
1467	 CA 	151	 -38.998	   2.181	  -4.319
1477	 CA 	152	 -41.835	   2.842	  -6.710
1497	 CA 	153	 -40.383	   6.357	  -7.327
2201	 CA 	197	 -32.140	   7.610	  -8.308
2279	 CA 	202	 -31.773	   4.136	  -0.243
2324	 CA 	206	 -32.114	  -0.300	   2.768
2373	 CA 	209	 -23.866	  -0.192	  -2.349
2380	 CA 	210	 -22.572	   3.210	  -3.355
5325	 CA 	395	 -27.459	 -16.569	  20.467
5344	 CA 	396	 -27.922	 -13.977	  23.307
5356	 CA 	397	 -27.261	 -11.317	  20.584
5367	 CA 	398	 -24.021	 -10.016	  19.116
6370	 CA 	462	 -18.627	 -12.382	   3.804
6406	 CA 	465	 -19.616	 -16.870	   5.803
6933	 CA 	500	 -15.820	 -11.827	  15.228
6980	 CA 	503	 -15.957	 -12.634	  10.239
21341	CLA 	735	 -23.974	   3.711	   2.615
21342	CLA 	736	 -24.503	  -2.510	 -14.936
21344	CLA 	736	  35.767	   6.800	 -11.397
