786	 CA 	110	 -44.571	  -0.900	  33.464
806	 CA 	111	 -46.798	   1.914	  34.564
821	 CA 	112	 -48.400	   4.818	  32.505
894	 CA 	116	 -53.642	   4.335	  37.619
1467	 CA 	151	 -38.519	   2.032	  -3.722
1477	 CA 	152	 -41.423	   2.737	  -6.030
1497	 CA 	153	 -40.026	   6.237	  -6.884
2201	 CA 	197	 -32.224	   7.591	  -8.309
2279	 CA 	202	 -31.011	   3.683	  -0.523
2324	 CA 	206	 -30.852	  -0.402	   3.764
2373	 CA 	209	 -23.127	  -0.319	  -2.232
2380	 CA 	210	 -22.126	   3.209	  -3.389
5325	 CA 	395	 -25.547	 -17.932	  22.103
5344	 CA 	396	 -27.560	 -16.184	  24.903
5356	 CA 	397	 -27.275	 -12.494	  23.767
5367	 CA 	398	 -24.721	 -10.976	  21.684
6370	 CA 	462	 -18.197	 -12.568	   4.237
6406	 CA 	465	 -19.360	 -16.709	   6.612
6933	 CA 	500	 -14.395	 -12.169	  15.419
6980	 CA 	503	 -14.702	 -13.181	  10.566
21341	CLA 	735	 -21.658	   3.330	   1.471
21342	CLA 	736	 -24.517	  -2.771	 -14.616
21344	CLA 	736	  32.958	   4.608	 -11.094
