786	 CA 	110	 -47.935	   3.007	  34.825
806	 CA 	111	 -50.113	   5.475	  36.787
821	 CA 	112	 -53.170	   6.709	  34.948
894	 CA 	116	 -59.698	   2.490	  35.333
1467	 CA 	151	 -39.313	   1.364	  -3.370
1477	 CA 	152	 -42.451	   2.010	  -5.531
1497	 CA 	153	 -41.363	   5.486	  -6.539
2201	 CA 	197	 -32.657	   6.363	  -7.756
2279	 CA 	202	 -31.319	   3.080	   0.233
2324	 CA 	206	 -30.055	  -1.215	   3.275
2373	 CA 	209	 -22.293	  -0.216	  -2.114
2380	 CA 	210	 -21.222	   3.443	  -2.579
5325	 CA 	395	 -20.597	 -19.234	  25.974
5344	 CA 	396	 -24.111	 -19.611	  24.468
5356	 CA 	397	 -25.214	 -16.308	  22.699
5367	 CA 	398	 -22.773	 -13.903	  21.138
6370	 CA 	462	 -17.263	 -12.353	   4.548
6406	 CA 	465	 -18.365	 -16.476	   7.430
6933	 CA 	500	 -12.612	 -11.435	  15.163
6980	 CA 	503	 -13.494	 -12.983	  10.762
21341	CLA 	735	 -19.056	   0.282	  -0.693
21342	CLA 	736	 -24.984	  -1.917	 -15.653
21344	CLA 	736	  27.816	   1.854	 -15.603
