786	 CA 	110	 -48.024	  -2.087	  33.390
806	 CA 	111	 -50.017	   1.048	  34.419
821	 CA 	112	 -51.873	   3.146	  31.986
894	 CA 	116	 -55.977	   2.731	  36.569
1467	 CA 	151	 -38.517	   1.477	  -4.018
1477	 CA 	152	 -41.506	   1.818	  -6.581
1497	 CA 	153	 -40.423	   5.333	  -7.395
2201	 CA 	197	 -32.371	   6.579	  -7.900
2279	 CA 	202	 -31.438	   2.959	  -0.399
2324	 CA 	206	 -31.003	  -1.281	   2.926
2373	 CA 	209	 -22.641	  -0.237	  -1.692
2380	 CA 	210	 -22.224	   3.132	  -3.337
5325	 CA 	395	 -26.774	 -17.393	  20.377
5344	 CA 	396	 -26.358	 -15.184	  23.500
5356	 CA 	397	 -26.006	 -12.203	  21.037
5367	 CA 	398	 -22.916	 -10.424	  19.872
6370	 CA 	462	 -18.117	 -12.876	   4.126
6406	 CA 	465	 -19.193	 -16.932	   6.255
6933	 CA 	500	 -14.787	 -12.322	  15.618
6980	 CA 	503	 -14.923	 -12.973	  10.508
21341	CLA 	735	 -23.055	   3.530	   3.635
21342	CLA 	736	 -24.684	  -3.021	 -14.676
21344	CLA 	736	  34.749	   6.935	 -11.560
