786	 CA 	110	 -45.910	  -2.953	  32.064
806	 CA 	111	 -48.484	  -0.368	  33.342
821	 CA 	112	 -50.853	   2.081	  31.619
894	 CA 	116	 -57.808	   1.106	  34.960
1467	 CA 	151	 -38.746	   1.044	  -4.421
1477	 CA 	152	 -41.393	   2.501	  -6.753
1497	 CA 	153	 -39.831	   5.954	  -6.906
2201	 CA 	197	 -31.345	   6.498	  -8.228
2279	 CA 	202	 -30.979	   2.696	  -0.370
2324	 CA 	206	 -31.448	  -1.566	   2.604
2373	 CA 	209	 -22.574	  -0.665	  -2.383
2380	 CA 	210	 -21.925	   3.049	  -3.081
5325	 CA 	395	 -25.267	 -18.934	  23.176
5344	 CA 	396	 -29.131	 -18.536	  23.241
5356	 CA 	397	 -28.516	 -15.096	  21.749
5367	 CA 	398	 -25.457	 -13.103	  20.596
6370	 CA 	462	 -18.071	 -12.777	   3.689
6406	 CA 	465	 -19.058	 -17.082	   5.824
6933	 CA 	500	 -14.367	 -12.233	  14.832
6980	 CA 	503	 -14.943	 -13.269	  10.334
21341	CLA 	735	 -22.517	   2.583	   3.266
21342	CLA 	736	 -24.472	  -3.049	 -15.593
21344	CLA 	736	  34.687	   5.632	  -9.603
