786	 CA 	110	 -44.666	  -1.730	  35.697
806	 CA 	111	 -46.929	   1.275	  35.726
821	 CA 	112	 -48.030	   4.034	  33.216
894	 CA 	116	 -55.162	   5.212	  34.864
1467	 CA 	151	 -39.011	   2.147	  -4.098
1477	 CA 	152	 -41.880	   2.597	  -6.627
1497	 CA 	153	 -40.660	   6.081	  -7.693
2201	 CA 	197	 -32.498	   6.598	  -7.579
2279	 CA 	202	 -31.577	   2.790	   0.183
2324	 CA 	206	 -30.720	  -1.636	   3.359
2373	 CA 	209	 -22.647	  -0.241	  -1.609
2380	 CA 	210	 -22.044	   3.179	  -3.219
5325	 CA 	395	 -25.914	 -18.649	  21.890
5344	 CA 	396	 -25.201	 -16.923	  25.213
5356	 CA 	397	 -26.109	 -13.782	  23.235
5367	 CA 	398	 -23.214	 -12.120	  21.401
6370	 CA 	462	 -18.436	 -13.514	   3.459
6406	 CA 	465	 -19.922	 -17.851	   6.088
6933	 CA 	500	 -14.965	 -13.708	  15.131
6980	 CA 	503	 -15.314	 -14.354	  10.334
21341	CLA 	735	 -23.269	   3.044	   3.681
21342	CLA 	736	 -24.483	  -2.739	 -14.974
21344	CLA 	736	  32.739	 -11.625	 -29.812
