786	 CA 	110	 -45.804	  -1.941	  33.223
806	 CA 	111	 -48.291	   0.720	  34.293
821	 CA 	112	 -50.111	   3.498	  32.358
894	 CA 	116	 -55.821	   2.869	  36.943
1467	 CA 	151	 -38.652	   1.094	  -3.702
1477	 CA 	152	 -41.530	   1.609	  -6.266
1497	 CA 	153	 -40.269	   5.194	  -6.931
2201	 CA 	197	 -32.401	   6.550	  -7.740
2279	 CA 	202	 -31.288	   2.943	  -0.221
2324	 CA 	206	 -31.143	  -1.728	   3.609
2373	 CA 	209	 -23.276	  -0.563	  -1.844
2380	 CA 	210	 -22.429	   2.984	  -2.899
5325	 CA 	395	 -26.166	 -18.733	  21.840
5344	 CA 	396	 -27.809	 -16.992	  24.882
5356	 CA 	397	 -27.932	 -13.281	  23.498
5367	 CA 	398	 -25.134	 -11.755	  21.343
6370	 CA 	462	 -17.934	 -12.845	   3.817
6406	 CA 	465	 -19.189	 -17.006	   6.021
6933	 CA 	500	 -14.652	 -12.630	  14.995
6980	 CA 	503	 -14.888	 -13.158	  10.315
21341	CLA 	735	 -21.515	   2.525	   1.211
21342	CLA 	736	 -24.444	  -2.908	 -14.897
21344	CLA 	736	  32.690	   5.592	 -11.031
