786	 CA 	110	 -46.510	   0.250	  32.230
806	 CA 	111	 -48.702	   3.128	  33.638
821	 CA 	112	 -50.453	   5.799	  31.548
894	 CA 	116	 -56.125	   5.475	  36.372
1467	 CA 	151	 -38.976	   2.335	  -4.688
1477	 CA 	152	 -41.888	   3.430	  -6.970
1497	 CA 	153	 -40.364	   6.952	  -7.470
2201	 CA 	197	 -32.065	   7.288	  -8.350
2279	 CA 	202	 -31.473	   3.705	  -0.551
2324	 CA 	206	 -30.798	  -1.059	   3.191
2373	 CA 	209	 -22.959	  -0.337	  -2.579
2380	 CA 	210	 -22.156	   3.322	  -3.093
5325	 CA 	395	 -26.472	 -18.185	  21.294
5344	 CA 	396	 -28.795	 -15.964	  23.504
5356	 CA 	397	 -28.255	 -12.477	  21.920
5367	 CA 	398	 -25.142	 -11.489	  19.784
6370	 CA 	462	 -18.457	 -12.714	   3.492
6406	 CA 	465	 -19.771	 -16.955	   5.446
6933	 CA 	500	 -15.097	 -13.025	  14.924
6980	 CA 	503	 -15.618	 -13.622	  10.082
21341	CLA 	735	 -21.488	   2.527	   1.243
21342	CLA 	736	 -24.820	  -2.835	 -14.945
21344	CLA 	736	  35.034	   3.980	 -11.385
