786	 CA 	110	 -43.919	  -1.626	  35.483
806	 CA 	111	 -45.967	   1.430	  36.446
821	 CA 	112	 -47.268	   4.445	  34.573
894	 CA 	116	 -53.844	   5.421	  37.131
1467	 CA 	151	 -38.361	   2.370	  -3.575
1477	 CA 	152	 -41.399	   3.001	  -5.816
1497	 CA 	153	 -39.969	   6.398	  -6.638
2201	 CA 	197	 -31.801	   6.593	  -7.238
2279	 CA 	202	 -30.603	   2.998	   0.586
2324	 CA 	206	 -30.478	  -1.192	   4.424
2373	 CA 	209	 -22.399	  -0.453	  -1.013
2380	 CA 	210	 -21.579	   2.642	  -3.014
5325	 CA 	395	 -24.348	 -16.344	  23.217
5344	 CA 	396	 -24.444	 -13.496	  25.902
5356	 CA 	397	 -24.400	 -10.789	  23.123
5367	 CA 	398	 -21.469	  -9.709	  20.926
6370	 CA 	462	 -17.465	 -12.910	   4.705
6406	 CA 	465	 -19.111	 -17.115	   7.248
6933	 CA 	500	 -13.341	 -12.729	  15.286
6980	 CA 	503	 -14.273	 -13.417	  10.684
21341	CLA 	735	 -22.958	   2.476	   4.506
21342	CLA 	736	 -24.128	  -2.646	 -14.897
21344	CLA 	736	  23.472	  23.490	 -45.640
