786	 CA 	110	 -47.804	  -1.264	  32.536
806	 CA 	111	 -49.941	   1.642	  33.873
821	 CA 	112	 -51.033	   4.975	  32.297
894	 CA 	116	 -57.917	   5.178	  36.386
1467	 CA 	151	 -38.843	   2.374	  -3.791
1477	 CA 	152	 -41.905	   2.631	  -6.055
1497	 CA 	153	 -40.820	   6.276	  -7.043
2201	 CA 	197	 -32.429	   7.297	  -8.149
2279	 CA 	202	 -31.506	   3.780	  -0.275
2324	 CA 	206	 -30.895	  -0.772	   3.335
2373	 CA 	209	 -23.197	  -0.272	  -1.946
2380	 CA 	210	 -22.392	   3.205	  -3.145
5325	 CA 	395	 -26.789	 -16.234	  21.054
5344	 CA 	396	 -26.958	 -13.527	  23.628
5356	 CA 	397	 -26.054	 -11.072	  20.836
5367	 CA 	398	 -22.477	 -10.326	  19.444
6370	 CA 	462	 -18.175	 -12.509	   3.997
6406	 CA 	465	 -19.482	 -16.658	   6.361
6933	 CA 	500	 -14.266	 -11.965	  15.601
6980	 CA 	503	 -14.731	 -12.838	  10.416
21341	CLA 	735	 -22.372	   4.117	   3.959
21342	CLA 	736	 -24.611	  -2.749	 -15.013
21344	CLA 	736	  35.491	   5.546	 -15.153
