786	 CA 	110	 -48.514	   2.741	  34.477
806	 CA 	111	 -50.212	   5.842	  35.928
821	 CA 	112	 -53.011	   6.933	  33.543
894	 CA 	116	 -59.544	   3.435	  34.589
1467	 CA 	151	 -38.672	   0.996	  -3.186
1477	 CA 	152	 -41.717	   1.877	  -5.304
1497	 CA 	153	 -40.549	   5.506	  -5.669
2201	 CA 	197	 -32.374	   6.007	  -6.997
2279	 CA 	202	 -30.961	   3.248	   0.973
2324	 CA 	206	 -30.649	  -1.805	   2.705
2373	 CA 	209	 -22.175	  -0.630	  -2.285
2380	 CA 	210	 -21.626	   2.999	  -2.921
5325	 CA 	395	 -21.896	 -20.449	  24.433
5344	 CA 	396	 -25.723	 -19.925	  24.346
5356	 CA 	397	 -26.343	 -16.677	  22.580
5367	 CA 	398	 -24.306	 -13.943	  20.834
6370	 CA 	462	 -17.424	 -12.020	   3.792
6406	 CA 	465	 -18.788	 -16.265	   6.181
6933	 CA 	500	 -12.392	 -12.902	  15.101
6980	 CA 	503	 -13.016	 -13.702	  10.579
21341	CLA 	735	 -20.998	   3.342	   2.619
21342	CLA 	736	 -24.847	  -2.374	 -14.737
21344	CLA 	736	  29.645	   4.425	 -15.142
