786	 CA 	110	 -48.410	  -2.155	  33.343
806	 CA 	111	 -50.437	   1.178	  33.698
821	 CA 	112	 -51.781	   3.983	  31.428
894	 CA 	116	 -57.634	   3.881	  35.223
1467	 CA 	151	 -38.755	   2.585	  -3.835
1477	 CA 	152	 -41.787	   3.027	  -6.082
1497	 CA 	153	 -40.562	   6.558	  -7.142
2201	 CA 	197	 -32.253	   7.395	  -7.932
2279	 CA 	202	 -31.298	   3.680	  -0.179
2324	 CA 	206	 -30.897	  -1.111	   2.762
2373	 CA 	209	 -22.935	  -0.161	  -2.102
2380	 CA 	210	 -21.430	   3.285	  -3.083
5325	 CA 	395	 -26.453	 -16.458	  20.826
5344	 CA 	396	 -25.479	 -13.975	  23.551
5356	 CA 	397	 -26.067	 -11.055	  21.161
5367	 CA 	398	 -22.991	  -9.559	  19.440
6370	 CA 	462	 -18.386	 -12.860	   3.914
6406	 CA 	465	 -19.719	 -17.112	   6.335
6933	 CA 	500	 -14.794	 -12.098	  15.395
6980	 CA 	503	 -15.762	 -13.268	  10.587
21341	CLA 	735	 -23.110	   3.776	   2.891
21342	CLA 	736	 -24.720	  -2.987	 -14.817
21344	CLA 	736	  35.947	   6.859	 -13.056
