786	 CA 	110	 -45.358	   3.187	  36.904
806	 CA 	111	 -48.845	   4.365	  38.188
821	 CA 	112	 -51.547	   5.944	  35.945
894	 CA 	116	 -56.546	   3.886	  38.895
1467	 CA 	151	 -38.596	   3.197	  -3.648
1477	 CA 	152	 -41.662	   3.524	  -5.782
1497	 CA 	153	 -40.412	   6.905	  -6.668
2201	 CA 	197	 -31.838	   6.880	  -7.150
2279	 CA 	202	 -30.988	   3.481	   1.114
2324	 CA 	206	 -30.702	  -1.371	   4.313
2373	 CA 	209	 -22.792	  -0.338	  -1.316
2380	 CA 	210	 -22.171	   2.872	  -3.093
5325	 CA 	395	 -23.537	 -16.980	  23.110
5344	 CA 	396	 -23.387	 -14.588	  26.230
5356	 CA 	397	 -23.647	 -11.662	  23.764
5367	 CA 	398	 -21.534	  -9.516	  21.554
6370	 CA 	462	 -17.484	 -12.831	   4.675
6406	 CA 	465	 -18.815	 -16.473	   7.254
6933	 CA 	500	 -12.130	 -11.972	  15.881
6980	 CA 	503	 -13.927	 -12.927	  11.317
21341	CLA 	735	 -22.790	   1.875	   3.863
21342	CLA 	736	 -24.538	  -2.655	 -15.074
21344	CLA 	736	  25.582	 -65.375	 -30.662
