786	 CA 	110	 -46.794	  -2.229	  31.357
806	 CA 	111	 -49.188	   0.668	  32.319
821	 CA 	112	 -50.689	   3.835	  31.001
894	 CA 	116	 -56.618	   3.160	  35.330
1467	 CA 	151	 -39.187	   1.704	  -5.022
1477	 CA 	152	 -41.903	   2.302	  -7.560
1497	 CA 	153	 -40.553	   5.762	  -8.485
2201	 CA 	197	 -32.492	   7.221	  -8.606
2279	 CA 	202	 -31.982	   3.173	  -1.255
2324	 CA 	206	 -31.373	  -2.004	   2.303
2373	 CA 	209	 -22.986	  -0.443	  -1.924
2380	 CA 	210	 -22.162	   3.179	  -2.916
5325	 CA 	395	 -25.169	 -18.647	  23.729
5344	 CA 	396	 -27.416	 -16.317	  25.743
5356	 CA 	397	 -26.314	 -12.902	  24.339
5367	 CA 	398	 -24.015	 -11.586	  21.602
6370	 CA 	462	 -18.174	 -12.919	   3.953
6406	 CA 	465	 -19.658	 -17.105	   6.297
6933	 CA 	500	 -14.923	 -12.538	  15.386
6980	 CA 	503	 -15.266	 -13.343	  10.262
21341	CLA 	735	 -21.729	   2.650	   1.594
21342	CLA 	736	 -25.279	  -3.047	 -14.732
21344	CLA 	736	  34.208	   5.725	 -11.503
