786	 CA 	110	 -48.158	  -1.630	  33.281
806	 CA 	111	 -50.290	   1.472	  33.719
821	 CA 	112	 -52.339	   3.767	  31.425
894	 CA 	116	 -57.108	   2.467	  35.557
1467	 CA 	151	 -38.727	   2.002	  -4.264
1477	 CA 	152	 -41.915	   2.507	  -6.232
1497	 CA 	153	 -40.857	   6.180	  -6.892
2201	 CA 	197	 -32.897	   7.144	  -8.060
2279	 CA 	202	 -31.518	   3.202	  -0.272
2324	 CA 	206	 -31.393	  -2.001	   3.146
2373	 CA 	209	 -22.990	  -0.195	  -2.170
2380	 CA 	210	 -21.664	   3.395	  -2.616
5325	 CA 	395	 -25.954	 -17.862	  20.884
5344	 CA 	396	 -27.031	 -15.887	  23.916
5356	 CA 	397	 -26.166	 -12.749	  21.841
5367	 CA 	398	 -22.916	 -10.980	  21.091
6370	 CA 	462	 -17.991	 -12.920	   3.832
6406	 CA 	465	 -19.105	 -16.975	   6.308
6933	 CA 	500	 -13.824	 -12.299	  15.043
6980	 CA 	503	 -14.861	 -13.261	  10.304
21341	CLA 	735	 -23.532	   3.326	   3.076
21342	CLA 	736	 -24.650	  -2.550	 -15.023
21344	CLA 	736	  33.701	   7.138	 -11.168
