786	 CA 	110	 -45.457	   4.620	  35.095
806	 CA 	111	 -48.799	   6.218	  36.212
821	 CA 	112	 -51.450	   8.087	  34.270
894	 CA 	116	 -57.418	   4.902	  37.880
1467	 CA 	151	 -38.571	   3.080	  -3.681
1477	 CA 	152	 -41.501	   3.614	  -6.126
1497	 CA 	153	 -40.139	   7.170	  -7.232
2201	 CA 	197	 -32.302	   6.799	  -7.938
2279	 CA 	202	 -31.209	   3.545	   0.122
2324	 CA 	206	 -30.655	  -1.295	   3.612
2373	 CA 	209	 -22.682	  -0.125	  -1.446
2380	 CA 	210	 -22.016	   3.106	  -3.309
5325	 CA 	395	 -23.950	 -16.124	  22.638
5344	 CA 	396	 -23.797	 -14.138	  25.879
5356	 CA 	397	 -24.124	 -10.798	  23.849
5367	 CA 	398	 -21.478	  -9.177	  21.564
6370	 CA 	462	 -18.005	 -12.462	   4.507
6406	 CA 	465	 -19.503	 -16.535	   7.280
6933	 CA 	500	 -13.171	 -11.192	  15.246
6980	 CA 	503	 -14.416	 -12.560	  10.570
21341	CLA 	735	 -23.233	   3.335	   3.276
21342	CLA 	736	 -24.407	  -2.872	 -14.731
21344	CLA 	736	  21.201	  47.774	 -42.606
