786	 CA 	110	 -46.810	  -1.648	  32.150
806	 CA 	111	 -49.154	   1.041	  33.492
821	 CA 	112	 -50.725	   4.260	  32.206
894	 CA 	116	 -56.576	   2.774	  36.894
1467	 CA 	151	 -38.733	   2.172	  -3.949
1477	 CA 	152	 -41.557	   2.809	  -6.438
1497	 CA 	153	 -40.162	   6.356	  -7.237
2201	 CA 	197	 -31.866	   7.427	  -8.025
2279	 CA 	202	 -31.229	   3.411	  -0.476
2324	 CA 	206	 -30.595	  -1.054	   3.405
2373	 CA 	209	 -22.599	  -0.488	  -2.045
2380	 CA 	210	 -22.083	   3.150	  -3.002
5325	 CA 	395	 -26.188	 -18.460	  21.198
5344	 CA 	396	 -27.050	 -16.422	  24.303
5356	 CA 	397	 -26.567	 -13.078	  22.589
5367	 CA 	398	 -23.124	 -11.609	  21.693
6370	 CA 	462	 -18.201	 -13.023	   4.014
6406	 CA 	465	 -19.229	 -17.076	   6.279
6933	 CA 	500	 -14.606	 -12.696	  15.292
6980	 CA 	503	 -14.884	 -13.318	  10.512
21341	CLA 	735	 -21.343	   3.039	   2.694
21342	CLA 	736	 -24.951	  -2.016	 -15.155
21344	CLA 	736	  33.972	   5.648	 -10.586
