786	 CA 	110	 -45.717	  -1.324	  32.563
806	 CA 	111	 -48.097	   1.383	  33.774
821	 CA 	112	 -50.249	   4.357	  32.420
894	 CA 	116	 -57.113	   4.356	  35.977
1467	 CA 	151	 -38.798	   2.375	  -4.015
1477	 CA 	152	 -41.735	   3.540	  -6.401
1497	 CA 	153	 -40.098	   6.938	  -6.562
2201	 CA 	197	 -31.521	   7.730	  -7.391
2279	 CA 	202	 -30.591	   4.065	   0.061
2324	 CA 	206	 -31.408	  -1.311	   3.418
2373	 CA 	209	 -23.300	  -0.157	  -2.139
2380	 CA 	210	 -22.084	   3.308	  -2.997
5325	 CA 	395	 -26.560	 -16.991	  22.938
5344	 CA 	396	 -30.277	 -16.567	  23.408
5356	 CA 	397	 -29.346	 -12.900	  22.350
5367	 CA 	398	 -26.287	 -10.976	  20.907
6370	 CA 	462	 -18.453	 -12.458	   4.436
6406	 CA 	465	 -19.611	 -16.515	   6.350
6933	 CA 	500	 -14.724	 -12.213	  16.069
6980	 CA 	503	 -15.568	 -13.164	  10.874
21341	CLA 	735	 -22.244	   3.718	   2.970
21342	CLA 	736	 -25.278	  -2.758	 -15.108
21344	CLA 	736	  35.457	   4.403	  -9.721
