786	 CA 	110	 -48.771	  -2.193	  31.477
806	 CA 	111	 -51.009	   0.569	  32.573
821	 CA 	112	 -52.877	   3.477	  30.748
894	 CA 	116	 -60.111	   3.156	  33.585
1467	 CA 	151	 -38.623	   2.549	  -4.882
1477	 CA 	152	 -41.793	   3.052	  -6.973
1497	 CA 	153	 -40.594	   6.724	  -7.713
2201	 CA 	197	 -32.086	   7.769	  -8.493
2279	 CA 	202	 -31.319	   3.826	  -0.904
2324	 CA 	206	 -31.429	  -0.676	   2.612
2373	 CA 	209	 -22.944	  -0.230	  -2.198
2380	 CA 	210	 -22.019	   3.253	  -3.307
5325	 CA 	395	 -26.149	 -17.130	  23.531
5344	 CA 	396	 -29.982	 -16.488	  23.882
5356	 CA 	397	 -29.158	 -13.148	  22.243
5367	 CA 	398	 -26.190	 -11.268	  20.574
6370	 CA 	462	 -18.754	 -12.697	   4.204
6406	 CA 	465	 -19.928	 -16.721	   6.545
6933	 CA 	500	 -14.968	 -11.903	  15.435
6980	 CA 	503	 -15.477	 -13.140	  10.459
21341	CLA 	735	 -21.287	   2.906	   1.236
21342	CLA 	736	 -24.868	  -2.925	 -14.703
21344	CLA 	736	  34.935	   5.733	 -10.400
