786	 CA 	110	 -46.138	  -3.077	  34.312
806	 CA 	111	 -48.322	   0.038	  34.701
821	 CA 	112	 -49.329	   3.210	  32.728
894	 CA 	116	 -55.727	   4.237	  35.299
1467	 CA 	151	 -38.315	   1.783	  -3.990
1477	 CA 	152	 -41.289	   2.286	  -6.353
1497	 CA 	153	 -40.215	   6.033	  -6.864
2201	 CA 	197	 -32.225	   6.405	  -7.481
2279	 CA 	202	 -31.449	   2.868	   0.351
2324	 CA 	206	 -30.432	  -1.766	   3.911
2373	 CA 	209	 -22.774	  -0.529	  -1.769
2380	 CA 	210	 -21.627	   2.849	  -2.650
5325	 CA 	395	 -25.898	 -18.717	  21.663
5344	 CA 	396	 -26.138	 -16.871	  24.839
5356	 CA 	397	 -26.243	 -13.531	  22.892
5367	 CA 	398	 -23.337	 -11.655	  21.139
6370	 CA 	462	 -17.609	 -12.903	   4.386
6406	 CA 	465	 -18.728	 -17.019	   6.750
6933	 CA 	500	 -13.371	 -12.547	  15.465
6980	 CA 	503	 -14.237	 -13.346	  10.523
21341	CLA 	735	 -23.218	   3.381	   3.911
21342	CLA 	736	 -24.660	  -3.234	 -14.771
21344	CLA 	736	  36.635	  -4.932	 -44.245
