786	 CA 	110	 -44.759	  -3.291	  33.954
806	 CA 	111	 -46.538	  -0.097	  35.179
821	 CA 	112	 -48.405	   2.661	  33.189
894	 CA 	116	 -54.270	   0.285	  36.874
1467	 CA 	151	 -38.898	   2.474	  -3.995
1477	 CA 	152	 -41.789	   3.220	  -6.527
1497	 CA 	153	 -40.546	   6.790	  -7.031
2201	 CA 	197	 -32.464	   7.449	  -7.980
2279	 CA 	202	 -31.513	   3.627	  -0.532
2324	 CA 	206	 -31.883	  -1.672	   2.720
2373	 CA 	209	 -23.648	  -0.391	  -2.631
2380	 CA 	210	 -22.433	   3.153	  -2.929
5325	 CA 	395	 -26.060	 -18.029	  20.747
5344	 CA 	396	 -25.894	 -15.570	  23.620
5356	 CA 	397	 -26.296	 -12.563	  21.115
5367	 CA 	398	 -23.425	 -10.625	  19.374
6370	 CA 	462	 -18.238	 -12.619	   3.792
6406	 CA 	465	 -19.548	 -17.131	   5.971
6933	 CA 	500	 -14.930	 -12.836	  14.804
6980	 CA 	503	 -15.090	 -13.356	  10.023
21341	CLA 	735	 -23.843	   3.081	   3.326
21342	CLA 	736	 -24.691	  -3.019	 -14.871
21344	CLA 	736	  36.195	   7.427	 -13.574
