786	 CA 	110	 -44.285	  -3.292	  35.111
806	 CA 	111	 -46.335	  -0.220	  36.057
821	 CA 	112	 -47.126	   3.030	  34.144
894	 CA 	116	 -53.742	   4.138	  37.118
1467	 CA 	151	 -38.653	   2.003	  -3.568
1477	 CA 	152	 -41.540	   2.584	  -5.943
1497	 CA 	153	 -40.319	   6.085	  -6.856
2201	 CA 	197	 -32.301	   6.160	  -7.460
2279	 CA 	202	 -31.033	   3.106	   0.598
2324	 CA 	206	 -30.444	  -1.788	   3.732
2373	 CA 	209	 -22.503	  -0.617	  -1.472
2380	 CA 	210	 -21.975	   2.845	  -3.053
5325	 CA 	395	 -24.711	 -18.886	  22.672
5344	 CA 	396	 -24.538	 -16.475	  25.652
5356	 CA 	397	 -25.000	 -13.452	  23.330
5367	 CA 	398	 -22.325	 -11.630	  21.365
6370	 CA 	462	 -17.765	 -12.526	   4.824
6406	 CA 	465	 -18.819	 -17.097	   6.745
6933	 CA 	500	 -13.492	 -12.675	  15.587
6980	 CA 	503	 -14.176	 -13.451	  10.749
21341	CLA 	735	 -22.722	   1.705	   4.594
21342	CLA 	736	 -23.782	  -3.414	 -14.152
21344	CLA 	736	  23.506	  16.080	 -41.133
