786	 CA 	110	 -48.675	  -3.770	  31.014
806	 CA 	111	 -50.842	  -1.159	  32.550
821	 CA 	112	 -52.618	   1.965	  30.914
894	 CA 	116	 -60.126	   2.571	  33.587
1467	 CA 	151	 -38.799	   0.882	  -4.170
1477	 CA 	152	 -41.693	   1.700	  -6.564
1497	 CA 	153	 -40.372	   5.288	  -6.903
2201	 CA 	197	 -31.807	   7.206	  -7.832
2279	 CA 	202	 -30.752	   3.393	  -0.124
2324	 CA 	206	 -30.822	  -1.873	   3.070
2373	 CA 	209	 -22.498	  -0.322	  -2.051
2380	 CA 	210	 -22.102	   3.351	  -3.117
5325	 CA 	395	 -25.069	 -18.611	  23.255
5344	 CA 	396	 -28.858	 -17.908	  23.885
5356	 CA 	397	 -28.813	 -14.468	  22.054
5367	 CA 	398	 -26.448	 -12.475	  19.808
6370	 CA 	462	 -18.126	 -12.606	   3.724
6406	 CA 	465	 -19.444	 -16.883	   5.812
6933	 CA 	500	 -14.034	 -12.323	  15.154
6980	 CA 	503	 -14.938	 -13.438	  10.192
21341	CLA 	735	 -21.936	   2.741	   2.796
21342	CLA 	736	 -24.566	  -2.186	 -15.461
21344	CLA 	736	  33.532	   5.704	 -12.270
