786	 CA 	110	 -46.836	   0.017	  33.022
806	 CA 	111	 -49.224	   2.901	  34.009
821	 CA 	112	 -50.949	   5.908	  32.217
894	 CA 	116	 -57.133	   5.295	  36.007
1467	 CA 	151	 -38.914	   2.667	  -4.071
1477	 CA 	152	 -41.861	   2.893	  -6.581
1497	 CA 	153	 -40.796	   6.442	  -7.397
2201	 CA 	197	 -32.655	   7.477	  -8.006
2279	 CA 	202	 -31.520	   3.598	  -0.493
2324	 CA 	206	 -31.634	  -1.489	   3.129
2373	 CA 	209	 -23.347	  -0.585	  -1.863
2380	 CA 	210	 -22.427	   2.735	  -3.441
5325	 CA 	395	 -25.768	 -17.752	  20.791
5344	 CA 	396	 -25.440	 -16.478	  24.397
5356	 CA 	397	 -26.055	 -12.796	  23.240
5367	 CA 	398	 -24.061	 -10.236	  21.342
6370	 CA 	462	 -18.182	 -13.150	   3.902
6406	 CA 	465	 -19.638	 -17.143	   6.378
6933	 CA 	500	 -14.790	 -12.307	  14.850
6980	 CA 	503	 -15.368	 -13.321	  10.213
21341	CLA 	735	 -23.199	   3.050	   2.918
21342	CLA 	736	 -25.086	  -3.461	 -14.236
21344	CLA 	736	  34.265	   5.397	 -12.191
