786	 CA 	110	 -45.970	  -1.130	  31.688
806	 CA 	111	 -48.620	   1.110	  33.164
821	 CA 	112	 -50.784	   3.738	  31.476
894	 CA 	116	 -56.071	   3.239	  36.223
1467	 CA 	151	 -38.649	   2.406	  -3.928
1477	 CA 	152	 -41.560	   3.151	  -6.256
1497	 CA 	153	 -40.137	   6.559	  -7.195
2201	 CA 	197	 -32.094	   7.658	  -8.139
2279	 CA 	202	 -31.448	   3.815	  -0.564
2324	 CA 	206	 -31.128	  -1.186	   3.038
2373	 CA 	209	 -23.183	  -0.278	  -2.177
2380	 CA 	210	 -22.108	   3.256	  -3.207
5325	 CA 	395	 -25.645	 -17.725	  22.817
5344	 CA 	396	 -27.954	 -15.773	  25.149
5356	 CA 	397	 -27.093	 -12.374	  23.513
5367	 CA 	398	 -24.481	 -11.046	  21.049
6370	 CA 	462	 -18.419	 -13.040	   3.964
6406	 CA 	465	 -19.347	 -17.228	   6.693
6933	 CA 	500	 -13.764	 -12.323	  15.383
6980	 CA 	503	 -14.691	 -13.293	  10.438
21341	CLA 	735	 -21.466	   3.066	   1.361
21342	CLA 	736	 -25.014	  -2.792	 -14.694
21344	CLA 	736	  34.815	   4.681	 -11.621
