786	 CA 	110	 -45.571	  -2.046	  33.341
806	 CA 	111	 -48.128	   0.623	  34.430
821	 CA 	112	 -49.397	   3.727	  32.366
894	 CA 	116	 -55.563	   4.256	  36.568
1467	 CA 	151	 -38.593	   2.263	  -4.059
1477	 CA 	152	 -41.352	   2.742	  -6.668
1497	 CA 	153	 -40.282	   6.459	  -7.392
2201	 CA 	197	 -32.091	   7.320	  -8.067
2279	 CA 	202	 -31.382	   3.231	  -0.473
2324	 CA 	206	 -31.019	  -1.744	   3.357
2373	 CA 	209	 -22.933	  -0.320	  -2.302
2380	 CA 	210	 -22.130	   3.279	  -3.215
5325	 CA 	395	 -26.898	 -17.765	  21.589
5344	 CA 	396	 -28.457	 -16.108	  24.604
5356	 CA 	397	 -27.993	 -12.477	  23.907
5367	 CA 	398	 -25.258	 -11.122	  21.548
6370	 CA 	462	 -18.322	 -12.805	   3.880
6406	 CA 	465	 -19.349	 -16.902	   6.394
6933	 CA 	500	 -14.054	 -12.500	  15.394
6980	 CA 	503	 -14.850	 -13.323	  10.489
21341	CLA 	735	 -21.577	   3.256	   1.521
21342	CLA 	736	 -25.026	  -2.941	 -14.699
21344	CLA 	736	  31.542	   5.420	  -9.493
