786	 CA 	110	 -45.347	   1.005	  36.632
806	 CA 	111	 -47.218	   4.275	  36.598
821	 CA 	112	 -48.948	   6.368	  34.086
894	 CA 	116	 -54.442	   7.075	  36.114
1467	 CA 	151	 -38.581	   3.077	  -3.339
1477	 CA 	152	 -41.571	   3.403	  -5.941
1497	 CA 	153	 -40.315	   6.924	  -6.796
2201	 CA 	197	 -32.215	   7.277	  -7.689
2279	 CA 	202	 -31.671	   3.459	   0.345
2324	 CA 	206	 -31.214	  -1.258	   3.569
2373	 CA 	209	 -23.208	  -0.349	  -1.866
2380	 CA 	210	 -21.965	   3.286	  -2.657
5325	 CA 	395	 -25.955	 -17.086	  22.316
5344	 CA 	396	 -25.535	 -15.109	  25.487
5356	 CA 	397	 -25.756	 -11.890	  23.362
5367	 CA 	398	 -22.552	 -10.492	  21.764
6370	 CA 	462	 -18.121	 -12.713	   4.382
6406	 CA 	465	 -19.199	 -16.619	   6.621
6933	 CA 	500	 -14.282	 -11.968	  15.613
6980	 CA 	503	 -14.842	 -12.723	  10.530
21341	CLA 	735	 -23.897	   4.461	   3.627
21342	CLA 	736	 -24.550	  -2.630	 -14.665
21344	CLA 	736	  36.486	  -2.536	 -24.190
