786	 CA 	110	 -46.830	   0.380	  32.400
806	 CA 	111	 -48.790	   3.347	  34.009
821	 CA 	112	 -50.840	   6.139	  32.259
894	 CA 	116	 -56.957	   6.277	  36.205
1467	 CA 	151	 -39.826	   2.233	  -4.291
1477	 CA 	152	 -42.517	   3.079	  -6.942
1497	 CA 	153	 -41.079	   6.579	  -7.448
2201	 CA 	197	 -32.397	   7.045	  -8.483
2279	 CA 	202	 -32.053	   3.554	  -0.620
2324	 CA 	206	 -31.589	  -0.992	   2.878
2373	 CA 	209	 -23.514	  -0.354	  -1.876
2380	 CA 	210	 -22.512	   3.162	  -3.035
5325	 CA 	395	 -25.849	 -17.017	  23.595
5344	 CA 	396	 -29.413	 -16.178	  24.769
5356	 CA 	397	 -28.757	 -12.649	  23.632
5367	 CA 	398	 -26.007	 -11.103	  21.520
6370	 CA 	462	 -18.909	 -12.968	   3.960
6406	 CA 	465	 -20.211	 -16.812	   6.712
6933	 CA 	500	 -15.237	 -11.835	  15.475
6980	 CA 	503	 -15.787	 -12.768	  10.553
21341	CLA 	735	 -22.002	   3.297	   1.805
21342	CLA 	736	 -24.641	  -2.865	 -14.629
21344	CLA 	736	  34.298	   4.669	 -10.603
