786	 CA 	110	 -48.808	   0.396	  33.170
806	 CA 	111	 -50.869	   3.570	  33.659
821	 CA 	112	 -52.926	   6.217	  31.714
894	 CA 	116	 -60.216	   5.114	  34.362
1467	 CA 	151	 -38.955	   1.697	  -3.482
1477	 CA 	152	 -41.892	   2.490	  -5.716
1497	 CA 	153	 -40.589	   6.038	  -6.348
2201	 CA 	197	 -32.135	   6.686	  -7.847
2279	 CA 	202	 -30.777	   3.859	   0.546
2324	 CA 	206	 -30.839	  -1.367	   3.669
2373	 CA 	209	 -22.865	  -0.511	  -1.820
2380	 CA 	210	 -22.131	   2.944	  -3.101
5325	 CA 	395	 -22.884	 -19.018	  25.696
5344	 CA 	396	 -26.464	 -17.965	  24.834
5356	 CA 	397	 -27.401	 -14.840	  22.731
5367	 CA 	398	 -24.798	 -13.467	  20.473
6370	 CA 	462	 -17.578	 -12.241	   4.952
6406	 CA 	465	 -19.624	 -16.274	   7.304
6933	 CA 	500	 -13.137	 -11.988	  16.044
6980	 CA 	503	 -14.132	 -12.932	  11.301
21341	CLA 	735	 -20.907	   3.158	   2.419
21342	CLA 	736	 -25.225	  -1.860	 -15.520
21344	CLA 	736	  29.509	   2.566	 -14.924
