786	 CA 	110	 -48.056	  -0.731	  34.135
806	 CA 	111	 -50.129	   2.427	  35.099
821	 CA 	112	 -52.533	   4.493	  32.921
894	 CA 	116	 -59.142	   3.537	  36.233
1467	 CA 	151	 -38.783	   1.200	  -3.034
1477	 CA 	152	 -41.824	   1.719	  -5.330
1497	 CA 	153	 -40.728	   5.462	  -5.796
2201	 CA 	197	 -32.435	   7.136	  -7.448
2279	 CA 	202	 -31.109	   3.500	   0.295
2324	 CA 	206	 -30.403	  -1.002	   3.898
2373	 CA 	209	 -22.501	  -0.439	  -1.523
2380	 CA 	210	 -21.701	   3.033	  -2.796
5325	 CA 	395	 -23.687	 -19.348	  25.309
5344	 CA 	396	 -27.558	 -19.217	  25.377
5356	 CA 	397	 -28.321	 -15.720	  24.150
5367	 CA 	398	 -25.654	 -14.738	  21.487
6370	 CA 	462	 -17.788	 -13.046	   4.280
6406	 CA 	465	 -19.295	 -16.655	   7.078
6933	 CA 	500	 -13.889	 -12.062	  15.711
6980	 CA 	503	 -14.840	 -13.187	  10.682
21341	CLA 	735	 -22.277	   3.628	   3.652
21342	CLA 	736	 -24.776	  -1.807	 -14.572
21344	CLA 	736	  29.995	   0.984	 -13.950
