786	 CA 	110	 -46.658	  -0.466	  33.096
806	 CA 	111	 -47.790	   3.168	  34.133
821	 CA 	112	 -50.041	   5.506	  32.250
894	 CA 	116	 -54.331	   4.478	  36.931
1467	 CA 	151	 -38.613	   1.991	  -3.427
1477	 CA 	152	 -41.508	   2.754	  -5.835
1497	 CA 	153	 -39.860	   6.311	  -6.262
2201	 CA 	197	 -31.983	   6.992	  -7.625
2279	 CA 	202	 -31.260	   3.210	   0.484
2324	 CA 	206	 -30.618	  -1.371	   3.666
2373	 CA 	209	 -22.179	  -0.629	  -2.299
2380	 CA 	210	 -21.627	   3.116	  -3.252
5325	 CA 	395	 -24.728	 -17.662	  21.227
5344	 CA 	396	 -25.668	 -15.618	  24.196
5356	 CA 	397	 -25.533	 -12.160	  22.454
5367	 CA 	398	 -22.389	 -10.311	  20.901
6370	 CA 	462	 -17.637	 -12.680	   4.323
6406	 CA 	465	 -18.767	 -17.163	   6.269
6933	 CA 	500	 -13.971	 -12.052	  14.755
6980	 CA 	503	 -14.414	 -13.059	  10.266
21341	CLA 	735	 -22.801	   2.734	   3.209
21342	CLA 	736	 -24.877	  -2.867	 -14.817
21344	CLA 	736	  34.513	   4.573	 -11.453
