786	 CA 	110	 -45.194	  -1.766	  34.100
806	 CA 	111	 -47.315	   1.362	  35.260
821	 CA 	112	 -48.623	   4.585	  33.658
894	 CA 	116	 -55.175	   6.173	  34.873
1467	 CA 	151	 -38.283	   2.255	  -4.290
1477	 CA 	152	 -41.086	   2.169	  -6.939
1497	 CA 	153	 -40.354	   5.880	  -7.749
2201	 CA 	197	 -32.238	   6.827	  -7.861
2279	 CA 	202	 -31.258	   3.586	  -0.114
2324	 CA 	206	 -30.563	  -0.923	   3.782
2373	 CA 	209	 -22.711	  -0.384	  -1.790
2380	 CA 	210	 -21.906	   3.044	  -3.225
5325	 CA 	395	 -26.260	 -18.730	  21.551
5344	 CA 	396	 -26.373	 -16.626	  24.744
5356	 CA 	397	 -26.642	 -13.410	  22.805
5367	 CA 	398	 -23.566	 -11.549	  21.609
6370	 CA 	462	 -17.950	 -12.807	   3.752
6406	 CA 	465	 -19.349	 -17.500	   5.899
6933	 CA 	500	 -14.618	 -12.625	  15.119
6980	 CA 	503	 -14.827	 -13.459	  10.173
21341	CLA 	735	 -23.379	   3.644	   3.635
21342	CLA 	736	 -24.240	  -3.078	 -14.794
21344	CLA 	736	  42.636	  -2.949	 -25.665
