786	 CA 	110	 -46.088	   3.780	  36.265
806	 CA 	111	 -49.389	   5.680	  37.288
821	 CA 	112	 -52.098	   6.540	  34.719
894	 CA 	116	 -58.796	   4.891	  38.017
1467	 CA 	151	 -38.624	   2.223	  -3.614
1477	 CA 	152	 -41.534	   3.034	  -5.974
1497	 CA 	153	 -40.287	   6.596	  -6.454
2201	 CA 	197	 -32.104	   6.727	  -7.685
2279	 CA 	202	 -31.119	   3.349	   0.671
2324	 CA 	206	 -31.209	  -1.217	   3.684
2373	 CA 	209	 -22.799	  -0.152	  -1.139
2380	 CA 	210	 -21.948	   3.120	  -2.870
5325	 CA 	395	 -24.833	 -16.066	  23.794
5344	 CA 	396	 -24.633	 -13.523	  26.653
5356	 CA 	397	 -24.695	 -10.702	  24.061
5367	 CA 	398	 -21.825	  -8.856	  22.314
6370	 CA 	462	 -18.089	 -12.444	   4.851
6406	 CA 	465	 -19.589	 -16.451	   7.859
6933	 CA 	500	 -14.215	 -11.259	  16.026
6980	 CA 	503	 -14.888	 -12.504	  11.360
21341	CLA 	735	 -23.217	   3.573	   3.821
21342	CLA 	736	 -24.505	  -3.051	 -14.480
21344	CLA 	736	  26.861	  36.310	 -38.529
