786	 CA 	110	 -44.606	  -4.268	  33.336
806	 CA 	111	 -46.223	  -1.234	  35.125
821	 CA 	112	 -47.917	   1.946	  33.416
894	 CA 	116	 -54.097	   1.482	  38.433
1467	 CA 	151	 -39.339	   2.677	  -4.001
1477	 CA 	152	 -42.117	   3.439	  -6.493
1497	 CA 	153	 -40.715	   6.811	  -7.155
2201	 CA 	197	 -31.941	   7.731	  -7.876
2279	 CA 	202	 -32.019	   4.184	  -0.319
2324	 CA 	206	 -31.654	  -0.555	   2.311
2373	 CA 	209	 -23.288	  -0.506	  -2.347
2380	 CA 	210	 -21.797	   3.005	  -2.449
5325	 CA 	395	 -26.550	 -17.136	  21.393
5344	 CA 	396	 -26.431	 -14.595	  24.325
5356	 CA 	397	 -26.466	 -11.590	  21.898
5367	 CA 	398	 -23.291	 -10.343	  20.388
6370	 CA 	462	 -18.146	 -13.395	   4.076
6406	 CA 	465	 -19.422	 -17.487	   6.421
6933	 CA 	500	 -14.492	 -12.524	  15.703
6980	 CA 	503	 -15.197	 -13.535	  10.502
21341	CLA 	735	 -23.360	   2.863	   2.988
21342	CLA 	736	 -24.527	  -2.879	 -14.819
21344	CLA 	736	  31.489	   7.056	 -13.585
