786	 CA 	110	 -47.850	  -2.694	  31.457
806	 CA 	111	 -50.525	  -0.506	  33.026
821	 CA 	112	 -52.821	   2.112	  31.613
894	 CA 	116	 -60.153	   2.336	  34.002
1467	 CA 	151	 -39.251	   1.703	  -4.936
1477	 CA 	152	 -42.304	   2.400	  -7.188
1497	 CA 	153	 -41.182	   6.116	  -7.632
2201	 CA 	197	 -32.086	   7.643	  -7.610
2279	 CA 	202	 -31.419	   3.627	   0.078
2324	 CA 	206	 -31.276	  -1.514	   3.020
2373	 CA 	209	 -23.324	  -0.224	  -1.973
2380	 CA 	210	 -22.058	   3.297	  -3.059
5325	 CA 	395	 -25.601	 -17.536	  22.444
5344	 CA 	396	 -29.365	 -17.200	  22.950
5356	 CA 	397	 -28.979	 -13.810	  21.188
5367	 CA 	398	 -26.159	 -11.866	  19.697
6370	 CA 	462	 -18.385	 -13.102	   3.723
6406	 CA 	465	 -19.488	 -17.314	   5.860
6933	 CA 	500	 -15.130	 -12.839	  14.646
6980	 CA 	503	 -15.272	 -13.402	  10.116
21341	CLA 	735	 -21.424	   3.064	   2.233
21342	CLA 	736	 -24.907	  -2.008	 -15.200
21344	CLA 	736	  33.619	   7.000	  -9.261
