786	 CA 	110	 -46.687	  -4.017	  34.074
806	 CA 	111	 -48.989	  -1.326	  35.466
821	 CA 	112	 -49.889	   2.314	  34.417
894	 CA 	116	 -56.348	   1.651	  37.563
1467	 CA 	151	 -38.832	   1.909	  -3.530
1477	 CA 	152	 -41.636	   2.490	  -5.966
1497	 CA 	153	 -40.307	   6.164	  -6.420
2201	 CA 	197	 -32.324	   7.202	  -7.634
2279	 CA 	202	 -31.507	   2.981	  -0.246
2324	 CA 	206	 -30.966	  -2.114	   3.402
2373	 CA 	209	 -22.518	  -0.589	  -2.190
2380	 CA 	210	 -21.502	   2.950	  -2.790
5325	 CA 	395	 -26.021	 -18.068	  20.803
5344	 CA 	396	 -26.465	 -15.862	  23.998
5356	 CA 	397	 -26.570	 -12.543	  21.923
5367	 CA 	398	 -24.525	 -11.118	  18.870
6370	 CA 	462	 -17.765	 -13.546	   3.558
6406	 CA 	465	 -18.885	 -17.978	   5.715
6933	 CA 	500	 -13.383	 -13.800	  14.810
6980	 CA 	503	 -14.529	 -14.127	   9.982
21341	CLA 	735	 -23.094	   3.125	   3.370
21342	CLA 	736	 -24.968	  -3.127	 -15.033
21344	CLA 	736	  36.625	   8.574	 -13.151
