786	 CA 	110	 -46.108	  -1.246	  31.837
806	 CA 	111	 -48.333	   1.342	  33.543
821	 CA 	112	 -50.309	   4.414	  32.347
894	 CA 	116	 -56.214	   4.631	  37.570
1467	 CA 	151	 -39.259	   2.282	  -4.481
1477	 CA 	152	 -41.947	   2.649	  -7.235
1497	 CA 	153	 -40.908	   6.263	  -7.751
2201	 CA 	197	 -32.666	   7.596	  -8.675
2279	 CA 	202	 -31.845	   4.080	  -0.634
2324	 CA 	206	 -31.321	  -1.007	   3.386
2373	 CA 	209	 -23.221	  -0.197	  -1.856
2380	 CA 	210	 -22.341	   3.098	  -3.486
5325	 CA 	395	 -26.133	 -17.943	  24.017
5344	 CA 	396	 -29.723	 -16.915	  24.859
5356	 CA 	397	 -29.056	 -13.618	  23.149
5367	 CA 	398	 -26.046	 -12.249	  21.277
6370	 CA 	462	 -18.910	 -12.909	   4.083
6406	 CA 	465	 -20.359	 -16.812	   6.429
6933	 CA 	500	 -15.086	 -12.180	  15.353
6980	 CA 	503	 -15.950	 -13.052	  10.540
21341	CLA 	735	 -21.591	   3.079	   1.307
21342	CLA 	736	 -25.205	  -2.770	 -14.715
21344	CLA 	736	  35.151	   4.545	 -11.168
