786	 CA 	110	 -46.629	  -0.715	  32.565
806	 CA 	111	 -48.893	   2.145	  33.791
821	 CA 	112	 -50.573	   4.974	  31.967
894	 CA 	116	 -57.199	   4.855	  35.416
1467	 CA 	151	 -38.777	   2.028	  -4.396
1477	 CA 	152	 -41.729	   2.823	  -6.795
1497	 CA 	153	 -40.496	   6.364	  -7.701
2201	 CA 	197	 -32.521	   7.349	  -8.493
2279	 CA 	202	 -31.323	   3.269	  -0.827
2324	 CA 	206	 -31.149	  -1.375	   3.182
2373	 CA 	209	 -23.236	  -0.366	  -2.378
2380	 CA 	210	 -22.163	   3.332	  -3.251
5325	 CA 	395	 -26.146	 -18.661	  21.476
5344	 CA 	396	 -28.623	 -16.189	  22.958
5356	 CA 	397	 -27.664	 -12.562	  22.142
5367	 CA 	398	 -24.525	 -11.455	  20.215
6370	 CA 	462	 -18.072	 -12.775	   4.048
6406	 CA 	465	 -19.121	 -17.026	   6.251
6933	 CA 	500	 -14.679	 -12.406	  15.507
6980	 CA 	503	 -15.181	 -13.297	  10.507
21341	CLA 	735	 -21.798	   2.649	   2.706
21342	CLA 	736	 -24.647	  -3.006	 -15.057
21344	CLA 	736	  35.042	   4.781	 -11.264
