786	 CA 	110	 -49.038	  -2.652	  32.028
806	 CA 	111	 -51.123	   0.222	  33.531
821	 CA 	112	 -52.018	   3.719	  32.217
894	 CA 	116	 -58.242	   3.375	  35.991
1467	 CA 	151	 -39.148	   2.456	  -4.223
1477	 CA 	152	 -42.104	   3.037	  -6.576
1497	 CA 	153	 -40.655	   6.457	  -7.374
2201	 CA 	197	 -32.078	   7.529	  -8.295
2279	 CA 	202	 -31.831	   2.994	  -0.667
2324	 CA 	206	 -31.364	  -1.862	   2.991
2373	 CA 	209	 -23.045	  -0.774	  -2.244
2380	 CA 	210	 -22.285	   2.837	  -3.256
5325	 CA 	395	 -26.710	 -16.467	  20.743
5344	 CA 	396	 -26.162	 -13.855	  23.467
5356	 CA 	397	 -25.798	 -11.330	  20.623
5367	 CA 	398	 -22.426	 -10.361	  19.093
6370	 CA 	462	 -18.334	 -12.854	   3.572
6406	 CA 	465	 -19.335	 -17.273	   5.997
6933	 CA 	500	 -14.441	 -12.577	  15.298
6980	 CA 	503	 -15.167	 -13.255	  10.278
21341	CLA 	735	 -23.031	   2.631	   3.146
21342	CLA 	736	 -24.861	  -2.519	 -15.272
21344	CLA 	736	  34.630	   6.809	 -12.854
