786	 CA 	110	 -47.382	  -1.809	  32.755
806	 CA 	111	 -49.589	   1.122	  33.937
821	 CA 	112	 -51.442	   3.682	  31.714
894	 CA 	116	 -56.023	   4.098	  36.629
1467	 CA 	151	 -38.957	   2.065	  -3.914
1477	 CA 	152	 -41.894	   2.449	  -6.467
1497	 CA 	153	 -40.702	   6.050	  -7.403
2201	 CA 	197	 -32.567	   6.915	  -8.104
2279	 CA 	202	 -31.621	   3.144	  -0.353
2324	 CA 	206	 -31.509	  -1.950	   2.507
2373	 CA 	209	 -22.891	  -0.694	  -2.156
2380	 CA 	210	 -21.729	   2.894	  -2.815
5325	 CA 	395	 -26.208	 -15.105	  21.250
5344	 CA 	396	 -26.447	 -12.408	  23.940
5356	 CA 	397	 -25.888	  -9.642	  21.335
5367	 CA 	398	 -22.399	  -8.906	  20.008
6370	 CA 	462	 -18.309	 -12.968	   4.097
6406	 CA 	465	 -19.313	 -16.895	   6.625
6933	 CA 	500	 -14.522	 -11.713	  15.089
6980	 CA 	503	 -14.851	 -12.813	  10.465
21341	CLA 	735	 -23.456	   3.421	   3.008
21342	CLA 	736	 -24.698	  -2.809	 -14.398
21344	CLA 	736	  34.225	   5.221	  -9.877
