786	 CA 	110	 -48.667	  -3.869	  32.734
806	 CA 	111	 -50.146	  -0.632	  33.997
821	 CA 	112	 -51.098	   2.752	  32.584
894	 CA 	116	 -58.330	   3.500	  35.389
1467	 CA 	151	 -38.647	   2.745	  -4.230
1477	 CA 	152	 -41.576	   3.287	  -6.771
1497	 CA 	153	 -40.158	   6.782	  -7.634
2201	 CA 	197	 -31.512	   7.364	  -7.972
2279	 CA 	202	 -31.186	   3.458	  -0.447
2324	 CA 	206	 -30.873	  -1.528	   2.658
2373	 CA 	209	 -22.706	  -0.399	  -2.163
2380	 CA 	210	 -21.289	   3.015	  -2.760
5325	 CA 	395	 -28.264	 -17.088	  19.740
5344	 CA 	396	 -28.715	 -14.730	  22.725
5356	 CA 	397	 -28.238	 -11.421	  20.970
5367	 CA 	398	 -25.784	 -10.005	  18.414
6370	 CA 	462	 -18.575	 -13.681	   2.989
6406	 CA 	465	 -19.845	 -17.759	   5.650
6933	 CA 	500	 -15.249	 -13.200	  14.495
6980	 CA 	503	 -15.195	 -13.992	   9.790
21341	CLA 	735	 -22.514	   3.088	   3.418
21342	CLA 	736	 -24.521	  -2.612	 -15.414
21344	CLA 	736	  37.229	   6.752	 -13.092
