786	 CA 	110	 -47.020	  -2.585	  33.929
806	 CA 	111	 -48.580	   0.362	  35.772
821	 CA 	112	 -49.732	   3.768	  34.298
894	 CA 	116	 -56.736	   5.477	  36.400
1467	 CA 	151	 -38.641	   2.871	  -3.917
1477	 CA 	152	 -41.682	   3.466	  -6.240
1497	 CA 	153	 -40.429	   6.911	  -6.970
2201	 CA 	197	 -32.242	   7.631	  -7.806
2279	 CA 	202	 -31.676	   3.878	   0.021
2324	 CA 	206	 -31.238	  -0.784	   2.745
2373	 CA 	209	 -22.961	  -0.131	  -1.986
2380	 CA 	210	 -21.489	   3.119	  -2.934
5325	 CA 	395	 -27.241	 -15.901	  21.062
5344	 CA 	396	 -27.222	 -12.874	  23.545
5356	 CA 	397	 -27.631	 -10.236	  20.694
5367	 CA 	398	 -24.427	  -9.165	  18.931
6370	 CA 	462	 -18.900	 -13.350	   3.520
6406	 CA 	465	 -20.181	 -17.661	   6.193
6933	 CA 	500	 -15.326	 -12.856	  15.192
6980	 CA 	503	 -15.527	 -13.703	  10.185
21341	CLA 	735	 -22.733	   4.056	   3.131
21342	CLA 	736	 -25.123	  -2.694	 -15.136
21344	CLA 	736	  31.975	   5.709	 -16.683
