786	 CA 	110	 -47.742	  -3.823	  31.273
806	 CA 	111	 -50.028	  -0.925	  32.291
821	 CA 	112	 -52.034	   1.773	  30.354
894	 CA 	116	 -55.995	   0.763	  35.133
1467	 CA 	151	 -39.064	   1.345	  -4.272
1477	 CA 	152	 -42.027	   2.089	  -6.628
1497	 CA 	153	 -40.756	   5.658	  -7.380
2201	 CA 	197	 -32.616	   6.696	  -8.017
2279	 CA 	202	 -31.411	   2.844	  -0.631
2324	 CA 	206	 -30.793	  -1.669	   2.998
2373	 CA 	209	 -22.956	  -0.684	  -2.324
2380	 CA 	210	 -22.061	   2.833	  -3.257
5325	 CA 	395	 -24.787	 -18.060	  19.631
5344	 CA 	396	 -25.304	 -17.110	  23.284
5356	 CA 	397	 -25.304	 -13.420	  22.070
5367	 CA 	398	 -22.435	 -11.028	  21.646
6370	 CA 	462	 -17.928	 -13.192	   3.031
6406	 CA 	465	 -18.561	 -17.767	   5.561
6933	 CA 	500	 -13.393	 -12.808	  14.717
6980	 CA 	503	 -14.598	 -13.820	   9.696
21341	CLA 	735	 -22.660	   2.112	   4.104
21342	CLA 	736	 -24.759	  -3.132	 -14.743
21344	CLA 	736	  33.889	   7.285	 -11.339
