786	 CA 	110	 -48.174	  -1.672	  32.754
806	 CA 	111	 -50.373	   1.415	  33.130
821	 CA 	112	 -52.509	   3.729	  30.943
894	 CA 	116	 -56.807	   2.841	  35.178
1467	 CA 	151	 -38.827	   1.815	  -4.314
1477	 CA 	152	 -41.878	   2.498	  -6.484
1497	 CA 	153	 -40.564	   6.100	  -7.199
2201	 CA 	197	 -32.479	   6.847	  -7.996
2279	 CA 	202	 -31.282	   3.088	  -0.321
2324	 CA 	206	 -30.471	  -1.497	   3.443
2373	 CA 	209	 -22.292	  -0.571	  -1.571
2380	 CA 	210	 -21.262	   2.917	  -2.798
5325	 CA 	395	 -25.402	 -17.292	  20.951
5344	 CA 	396	 -26.518	 -15.204	  23.967
5356	 CA 	397	 -26.107	 -12.068	  21.799
5367	 CA 	398	 -22.708	 -10.385	  20.998
6370	 CA 	462	 -17.266	 -13.081	   4.348
6406	 CA 	465	 -18.361	 -17.151	   6.719
6933	 CA 	500	 -13.480	 -12.064	  15.719
6980	 CA 	503	 -14.357	 -13.286	  10.944
21341	CLA 	735	 -22.629	   3.443	   3.931
21342	CLA 	736	 -25.269	  -2.840	 -14.611
21344	CLA 	736	  33.620	   7.468	 -10.879
