786	 CA 	110	 -47.477	  -1.123	  32.036
806	 CA 	111	 -49.783	   1.826	  32.931
821	 CA 	112	 -51.398	   4.702	  30.922
894	 CA 	116	 -57.905	   4.558	  33.893
1467	 CA 	151	 -38.758	   2.318	  -4.469
1477	 CA 	152	 -41.618	   3.540	  -6.720
1497	 CA 	153	 -40.140	   7.021	  -7.226
2201	 CA 	197	 -31.710	   8.024	  -8.774
2279	 CA 	202	 -30.912	   4.470	  -0.968
2324	 CA 	206	 -31.275	  -0.747	   2.537
2373	 CA 	209	 -23.362	  -0.245	  -2.439
2380	 CA 	210	 -22.333	   3.379	  -3.343
5325	 CA 	395	 -26.871	 -17.061	  24.090
5344	 CA 	396	 -30.492	 -15.978	  24.373
5356	 CA 	397	 -28.995	 -12.742	  22.966
5367	 CA 	398	 -25.783	 -11.336	  21.579
6370	 CA 	462	 -19.465	 -12.658	   3.923
6406	 CA 	465	 -20.307	 -16.573	   6.249
6933	 CA 	500	 -15.722	 -12.199	  15.197
6980	 CA 	503	 -16.180	 -13.016	  10.335
21341	CLA 	735	 -21.618	   3.099	   0.871
21342	CLA 	736	 -25.170	  -2.856	 -15.095
21344	CLA 	736	  33.537	   5.138	  -9.647
