786	 CA 	110	 -47.545	  -1.014	  32.848
806	 CA 	111	 -50.213	   1.482	  33.865
821	 CA 	112	 -52.296	   4.097	  32.001
894	 CA 	116	 -59.359	   3.350	  35.172
1467	 CA 	151	 -39.060	   2.423	  -3.804
1477	 CA 	152	 -42.203	   2.556	  -5.833
1497	 CA 	153	 -41.354	   6.272	  -6.531
2201	 CA 	197	 -32.355	   7.247	  -7.384
2279	 CA 	202	 -31.217	   4.023	   0.401
2324	 CA 	206	 -31.587	  -1.013	   3.092
2373	 CA 	209	 -23.050	  -0.156	  -2.159
2380	 CA 	210	 -21.798	   3.392	  -2.806
5325	 CA 	395	 -23.964	 -18.202	  25.468
5344	 CA 	396	 -27.729	 -18.949	  24.937
5356	 CA 	397	 -29.066	 -15.554	  23.786
5367	 CA 	398	 -26.806	 -13.737	  21.341
6370	 CA 	462	 -18.136	 -12.821	   4.008
6406	 CA 	465	 -19.816	 -16.774	   6.402
6933	 CA 	500	 -14.790	 -11.871	  15.551
6980	 CA 	503	 -15.606	 -12.725	  10.561
21341	CLA 	735	 -23.589	   3.411	   3.311
21342	CLA 	736	 -24.522	  -2.591	 -14.868
21344	CLA 	736	  33.664	   4.907	 -12.641
