786	 CA 	110	 -46.450	  -0.724	  32.896
806	 CA 	111	 -48.366	   2.449	  33.690
821	 CA 	112	 -50.331	   5.001	  31.439
894	 CA 	116	 -55.877	   5.469	  36.175
1467	 CA 	151	 -38.665	   1.761	  -4.557
1477	 CA 	152	 -41.496	   1.923	  -7.143
1497	 CA 	153	 -40.674	   5.679	  -7.783
2201	 CA 	197	 -32.555	   6.992	  -8.491
2279	 CA 	202	 -31.807	   3.242	  -0.969
2324	 CA 	206	 -31.129	  -1.637	   2.408
2373	 CA 	209	 -23.244	  -0.181	  -2.558
2380	 CA 	210	 -22.196	   3.322	  -3.692
5325	 CA 	395	 -25.579	 -18.806	  21.756
5344	 CA 	396	 -27.734	 -16.650	  24.009
5356	 CA 	397	 -27.521	 -13.214	  22.467
5367	 CA 	398	 -24.874	 -11.395	  20.543
6370	 CA 	462	 -17.956	 -12.366	   3.882
6406	 CA 	465	 -19.041	 -16.661	   5.989
6933	 CA 	500	 -14.161	 -12.131	  15.139
6980	 CA 	503	 -14.950	 -12.993	  10.456
21341	CLA 	735	 -21.624	   2.681	   0.505
21342	CLA 	736	 -24.639	  -2.791	 -14.681
21344	CLA 	736	  32.713	   5.803	 -11.153
