786	 CA 	110	 -48.376	  -1.537	  33.044
806	 CA 	111	 -51.064	   1.307	  33.425
821	 CA 	112	 -52.656	   3.815	  31.092
894	 CA 	116	 -57.829	   3.771	  34.873
1467	 CA 	151	 -38.902	   1.289	  -4.331
1477	 CA 	152	 -41.846	   1.949	  -6.800
1497	 CA 	153	 -40.525	   5.541	  -7.407
2201	 CA 	197	 -32.194	   6.889	  -8.110
2279	 CA 	202	 -31.507	   2.593	  -0.544
2324	 CA 	206	 -31.388	  -2.390	   3.141
2373	 CA 	209	 -22.724	  -0.442	  -1.480
2380	 CA 	210	 -22.091	   3.081	  -3.017
5325	 CA 	395	 -25.904	 -17.772	  21.291
5344	 CA 	396	 -26.415	 -15.320	  24.303
5356	 CA 	397	 -26.101	 -12.244	  22.045
5367	 CA 	398	 -22.867	 -10.637	  20.895
6370	 CA 	462	 -18.092	 -13.160	   3.920
6406	 CA 	465	 -19.526	 -17.258	   6.486
6933	 CA 	500	 -14.334	 -12.331	  15.334
6980	 CA 	503	 -14.787	 -13.293	  10.544
21341	CLA 	735	 -23.914	   3.504	   3.656
21342	CLA 	736	 -25.082	  -2.989	 -14.503
21344	CLA 	736	  33.892	   6.038	 -10.452
