786	 CA 	110	 -48.269	   1.859	  34.514
806	 CA 	111	 -50.243	   4.679	  36.292
821	 CA 	112	 -53.472	   5.780	  34.443
894	 CA 	116	 -60.067	   1.038	  35.340
1467	 CA 	151	 -38.178	   1.272	  -2.552
1477	 CA 	152	 -41.186	   1.622	  -4.945
1497	 CA 	153	 -40.352	   5.286	  -5.756
2201	 CA 	197	 -31.532	   6.232	  -6.922
2279	 CA 	202	 -30.093	   3.272	   0.619
2324	 CA 	206	 -29.971	  -1.205	   3.649
2373	 CA 	209	 -22.196	  -0.274	  -2.365
2380	 CA 	210	 -21.567	   3.544	  -2.456
5325	 CA 	395	 -20.342	 -21.324	  25.584
5344	 CA 	396	 -24.061	 -21.146	  24.505
5356	 CA 	397	 -24.627	 -17.700	  22.900
5367	 CA 	398	 -22.004	 -15.370	  21.379
6370	 CA 	462	 -17.124	 -12.727	   4.427
6406	 CA 	465	 -18.338	 -16.614	   6.957
6933	 CA 	500	 -12.130	 -12.209	  15.216
6980	 CA 	503	 -13.243	 -13.362	  10.520
21341	CLA 	735	 -19.630	   0.789	  -0.203
21342	CLA 	736	 -24.678	  -2.251	 -15.089
21344	CLA 	736	  30.463	   3.324	 -16.216
