786	 CA 	110	 -43.158	  -3.783	  33.937
806	 CA 	111	 -45.219	  -0.783	  35.000
821	 CA 	112	 -46.679	   2.284	  33.167
894	 CA 	116	 -52.686	   1.913	  36.656
1467	 CA 	151	 -38.765	   1.616	  -4.424
1477	 CA 	152	 -41.682	   2.397	  -6.850
1497	 CA 	153	 -40.372	   5.853	  -7.928
2201	 CA 	197	 -31.978	   6.935	  -8.193
2279	 CA 	202	 -31.561	   2.735	  -0.751
2324	 CA 	206	 -31.092	  -2.718	   1.882
2373	 CA 	209	 -22.496	  -0.442	  -2.432
2380	 CA 	210	 -21.189	   3.026	  -2.943
5325	 CA 	395	 -26.137	 -18.031	  21.157
5344	 CA 	396	 -26.165	 -16.112	  24.574
5356	 CA 	397	 -26.159	 -12.861	  22.668
5367	 CA 	398	 -22.647	 -11.913	  21.327
6370	 CA 	462	 -18.084	 -13.044	   3.792
6406	 CA 	465	 -19.267	 -17.568	   6.125
6933	 CA 	500	 -13.956	 -12.734	  14.940
6980	 CA 	503	 -14.701	 -13.666	   9.999
21341	CLA 	735	 -23.421	   2.566	   2.879
21342	CLA 	736	 -24.865	  -3.105	 -15.069
21344	CLA 	736	  32.726	   8.487	 -16.330
