786	 CA 	110	 -48.217	  -0.517	  32.834
806	 CA 	111	 -49.993	   2.838	  33.671
821	 CA 	112	 -52.452	   5.254	  31.996
894	 CA 	116	 -59.798	   4.857	  35.004
1467	 CA 	151	 -39.269	   2.207	  -3.840
1477	 CA 	152	 -42.020	   3.262	  -6.347
1497	 CA 	153	 -40.440	   6.740	  -6.510
2201	 CA 	197	 -31.563	   7.848	  -7.560
2279	 CA 	202	 -31.195	   3.823	   0.417
2324	 CA 	206	 -31.381	  -0.791	   3.377
2373	 CA 	209	 -22.950	  -0.370	  -1.242
2380	 CA 	210	 -22.476	   3.178	  -2.483
5325	 CA 	395	 -25.924	 -17.220	  24.178
5344	 CA 	396	 -29.792	 -17.135	  24.380
5356	 CA 	397	 -29.542	 -13.420	  23.339
5367	 CA 	398	 -26.721	 -11.294	  21.759
6370	 CA 	462	 -18.680	 -12.676	   3.932
6406	 CA 	465	 -20.208	 -16.776	   5.928
6933	 CA 	500	 -15.323	 -11.687	  15.364
6980	 CA 	503	 -15.767	 -12.826	  10.696
21341	CLA 	735	 -21.566	   2.792	   2.157
21342	CLA 	736	 -25.057	  -2.701	 -14.692
21344	CLA 	736	  34.868	   6.021	 -11.257
