786	 CA 	110	 -46.993	  -2.076	  32.988
806	 CA 	111	 -49.827	   0.413	  33.783
821	 CA 	112	 -51.801	   3.231	  32.167
894	 CA 	116	 -58.694	   3.324	  35.056
1467	 CA 	151	 -38.800	   1.592	  -3.654
1477	 CA 	152	 -41.950	   2.301	  -5.760
1497	 CA 	153	 -40.897	   5.933	  -6.490
2201	 CA 	197	 -32.223	   6.504	  -8.316
2279	 CA 	202	 -31.064	   3.999	  -0.174
2324	 CA 	206	 -31.074	  -0.929	   3.107
2373	 CA 	209	 -22.724	  -0.485	  -2.455
2380	 CA 	210	 -21.829	   3.270	  -2.960
5325	 CA 	395	 -22.919	 -18.753	  25.506
5344	 CA 	396	 -26.553	 -19.320	  24.633
5356	 CA 	397	 -28.254	 -16.156	  23.300
5367	 CA 	398	 -25.915	 -14.078	  20.933
6370	 CA 	462	 -18.038	 -12.826	   3.717
6406	 CA 	465	 -19.043	 -16.474	   6.213
6933	 CA 	500	 -14.251	 -11.761	  15.433
6980	 CA 	503	 -15.243	 -12.779	  10.333
21341	CLA 	735	 -22.611	   2.968	   2.591
21342	CLA 	736	 -24.396	  -2.020	 -15.484
21344	CLA 	736	  32.371	   5.318	 -12.292
