786	 CA 	110	 -44.879	  -1.098	  33.746
806	 CA 	111	 -46.957	   1.893	  35.078
821	 CA 	112	 -48.843	   4.671	  33.433
894	 CA 	116	 -54.410	   3.735	  37.225
1467	 CA 	151	 -38.645	   2.591	  -3.541
1477	 CA 	152	 -41.669	   3.156	  -5.894
1497	 CA 	153	 -40.180	   6.515	  -6.822
2201	 CA 	197	 -32.172	   6.987	  -7.458
2279	 CA 	202	 -31.764	   2.763	   0.596
2324	 CA 	206	 -30.674	  -2.018	   3.713
2373	 CA 	209	 -23.449	  -0.258	  -1.847
2380	 CA 	210	 -21.892	   2.975	  -2.934
5325	 CA 	395	 -25.066	 -16.996	  22.552
5344	 CA 	396	 -24.970	 -15.080	  25.870
5356	 CA 	397	 -24.997	 -11.942	  23.602
5367	 CA 	398	 -21.868	 -10.646	  21.817
6370	 CA 	462	 -17.762	 -12.542	   4.376
6406	 CA 	465	 -19.035	 -16.856	   6.747
6933	 CA 	500	 -14.038	 -11.740	  15.141
6980	 CA 	503	 -14.653	 -13.222	  10.555
21341	CLA 	735	 -23.465	   3.333	   3.846
21342	CLA 	736	 -24.417	  -2.446	 -15.353
21344	CLA 	736	  33.846	   8.099	 -23.472
