786	 CA 	110	 -49.346	   0.200	  31.455
806	 CA 	111	 -50.977	   3.607	  32.386
821	 CA 	112	 -53.585	   5.786	  30.522
894	 CA 	116	 -61.972	   5.566	  32.439
1467	 CA 	151	 -39.316	   3.147	  -4.492
1477	 CA 	152	 -42.185	   4.003	  -6.937
1497	 CA 	153	 -40.681	   7.433	  -7.319
2201	 CA 	197	 -31.668	   8.182	  -7.835
2279	 CA 	202	 -31.420	   4.459	  -0.235
2324	 CA 	206	 -31.947	  -0.276	   2.905
2373	 CA 	209	 -23.278	  -0.474	  -2.046
2380	 CA 	210	 -22.367	   3.066	  -3.004
5325	 CA 	395	 -26.943	 -16.825	  22.758
5344	 CA 	396	 -30.807	 -16.687	  23.025
5356	 CA 	397	 -30.573	 -13.223	  21.504
5367	 CA 	398	 -27.618	 -11.238	  20.030
6370	 CA 	462	 -19.181	 -12.603	   3.574
6406	 CA 	465	 -20.652	 -16.655	   5.924
6933	 CA 	500	 -15.967	 -11.993	  15.107
6980	 CA 	503	 -16.383	 -12.747	  10.370
21341	CLA 	735	 -21.529	   2.611	   1.330
21342	CLA 	736	 -25.063	  -2.938	 -15.323
21344	CLA 	736	  34.532	   5.694	  -9.296
