786	 CA 	110	 -45.036	  -2.659	  36.232
806	 CA 	111	 -47.222	   0.427	  35.799
821	 CA 	112	 -48.164	   3.077	  33.215
894	 CA 	116	 -55.127	   2.845	  36.541
1467	 CA 	151	 -38.767	   1.419	  -3.704
1477	 CA 	152	 -41.648	   1.642	  -6.268
1497	 CA 	153	 -40.716	   5.221	  -7.049
2201	 CA 	197	 -32.256	   5.971	  -7.444
2279	 CA 	202	 -31.226	   2.379	   0.503
2324	 CA 	206	 -30.225	  -2.248	   3.913
2373	 CA 	209	 -22.687	  -0.599	  -1.631
2380	 CA 	210	 -22.243	   2.825	  -3.016
5325	 CA 	395	 -24.155	 -19.273	  21.322
5344	 CA 	396	 -24.166	 -17.025	  24.465
5356	 CA 	397	 -24.851	 -13.900	  22.415
5367	 CA 	398	 -21.939	 -12.043	  20.761
6370	 CA 	462	 -16.958	 -13.079	   4.329
6406	 CA 	465	 -18.220	 -17.226	   6.406
6933	 CA 	500	 -13.553	 -13.078	  15.446
6980	 CA 	503	 -13.879	 -13.506	  10.503
21341	CLA 	735	 -22.810	   2.477	   3.413
21342	CLA 	736	 -24.311	  -3.347	 -14.733
21344	CLA 	736	  34.717	  -9.984	 -35.476
