786	 CA 	110	 -47.092	  -2.505	  32.249
806	 CA 	111	 -49.223	   0.328	  33.598
821	 CA 	112	 -51.091	   3.155	  31.826
894	 CA 	116	 -56.557	   2.922	  36.867
1467	 CA 	151	 -38.263	   2.206	  -3.991
1477	 CA 	152	 -41.273	   2.830	  -6.393
1497	 CA 	153	 -40.113	   6.349	  -7.191
2201	 CA 	197	 -32.196	   7.391	  -7.917
2279	 CA 	202	 -31.111	   3.421	  -0.166
2324	 CA 	206	 -30.962	  -1.303	   3.468
2373	 CA 	209	 -22.849	  -0.499	  -1.598
2380	 CA 	210	 -22.048	   2.909	  -2.946
5325	 CA 	395	 -25.220	 -18.052	  23.048
5344	 CA 	396	 -27.588	 -15.969	  25.242
5356	 CA 	397	 -26.772	 -12.639	  23.622
5367	 CA 	398	 -24.081	 -11.251	  21.353
6370	 CA 	462	 -17.738	 -12.909	   4.095
6406	 CA 	465	 -19.296	 -17.034	   6.758
6933	 CA 	500	 -14.236	 -12.352	  15.384
6980	 CA 	503	 -14.820	 -13.166	  10.393
21341	CLA 	735	 -21.362	   2.964	   1.778
21342	CLA 	736	 -25.368	  -3.037	 -14.834
21344	CLA 	736	  34.173	   5.480	 -11.728
