786	 CA 	110	 -48.793	  -2.948	  32.844
806	 CA 	111	 -51.307	  -0.241	  33.731
821	 CA 	112	 -53.191	   2.601	  31.992
894	 CA 	116	 -58.465	   2.314	  36.457
1467	 CA 	151	 -39.155	   1.208	  -3.930
1477	 CA 	152	 -41.915	   1.897	  -6.518
1497	 CA 	153	 -40.810	   5.578	  -6.958
2201	 CA 	197	 -32.572	   6.740	  -7.953
2279	 CA 	202	 -31.910	   2.840	  -0.207
2324	 CA 	206	 -31.499	  -2.065	   3.079
2373	 CA 	209	 -22.792	  -0.270	  -1.778
2380	 CA 	210	 -21.666	   3.194	  -2.817
5325	 CA 	395	 -27.017	 -16.782	  21.207
5344	 CA 	396	 -26.940	 -13.977	  23.855
5356	 CA 	397	 -26.501	 -11.189	  21.144
5367	 CA 	398	 -23.391	  -9.661	  19.593
6370	 CA 	462	 -18.430	 -13.155	   4.288
6406	 CA 	465	 -19.595	 -17.319	   6.211
6933	 CA 	500	 -14.675	 -12.103	  15.284
6980	 CA 	503	 -15.322	 -12.894	  10.488
21341	CLA 	735	 -23.456	   3.593	   3.396
21342	CLA 	736	 -24.699	  -2.735	 -15.022
21344	CLA 	736	  33.841	   7.450	 -10.577
