786	 CA 	110	 -49.203	   2.234	  34.000
806	 CA 	111	 -51.499	   5.019	  35.183
821	 CA 	112	 -53.622	   7.153	  32.787
894	 CA 	116	 -60.589	   4.331	  35.114
1467	 CA 	151	 -38.588	   1.262	  -2.995
1477	 CA 	152	 -41.221	   2.324	  -5.546
1497	 CA 	153	 -40.133	   6.025	  -5.820
2201	 CA 	197	 -31.727	   6.560	  -7.040
2279	 CA 	202	 -30.738	   3.504	   0.984
2324	 CA 	206	 -30.576	  -1.210	   3.607
2373	 CA 	209	 -22.635	  -0.841	  -2.056
2380	 CA 	210	 -22.034	   2.929	  -2.753
5325	 CA 	395	 -23.329	 -18.879	  25.460
5344	 CA 	396	 -26.920	 -18.772	  23.951
5356	 CA 	397	 -27.443	 -15.261	  22.225
5367	 CA 	398	 -25.174	 -13.441	  19.955
6370	 CA 	462	 -17.994	 -12.386	   4.265
6406	 CA 	465	 -19.612	 -16.310	   6.452
6933	 CA 	500	 -13.545	 -12.671	  15.387
6980	 CA 	503	 -14.233	 -13.756	  10.494
21341	CLA 	735	 -23.060	   3.146	   3.506
21342	CLA 	736	 -25.013	  -2.327	 -15.029
21344	CLA 	736	  29.598	   1.516	 -15.189
