786	 CA 	110	 -47.385	  -2.128	  32.165
806	 CA 	111	 -49.541	   0.652	  33.807
821	 CA 	112	 -51.952	   3.158	  31.849
894	 CA 	116	 -58.366	   2.696	  35.727
1467	 CA 	151	 -39.119	   1.447	  -4.090
1477	 CA 	152	 -42.088	   1.939	  -6.475
1497	 CA 	153	 -41.088	   5.707	  -6.892
2201	 CA 	197	 -32.297	   7.146	  -8.116
2279	 CA 	202	 -31.409	   3.504	  -0.118
2324	 CA 	206	 -31.282	  -1.025	   3.034
2373	 CA 	209	 -22.994	  -0.202	  -2.092
2380	 CA 	210	 -21.794	   3.173	  -3.275
5325	 CA 	395	 -24.429	 -19.351	  23.769
5344	 CA 	396	 -28.183	 -18.575	  24.399
5356	 CA 	397	 -27.986	 -15.280	  22.345
5367	 CA 	398	 -25.431	 -13.856	  20.082
6370	 CA 	462	 -17.900	 -13.195	   4.424
6406	 CA 	465	 -19.423	 -16.990	   6.703
6933	 CA 	500	 -14.190	 -11.839	  15.404
6980	 CA 	503	 -15.015	 -13.112	  10.468
21341	CLA 	735	 -21.909	   1.943	   2.041
21342	CLA 	736	 -24.523	  -2.165	 -15.153
21344	CLA 	736	  33.554	   2.140	 -12.753
