786	 CA 	110	 -44.617	  -0.230	  35.158
806	 CA 	111	 -46.855	   2.826	  36.024
821	 CA 	112	 -48.206	   5.572	  33.786
894	 CA 	116	 -54.778	   7.528	  35.856
1467	 CA 	151	 -38.663	   1.915	  -3.996
1477	 CA 	152	 -41.722	   2.250	  -6.202
1497	 CA 	153	 -40.555	   5.897	  -6.972
2201	 CA 	197	 -32.250	   6.406	  -7.629
2279	 CA 	202	 -31.403	   2.789	   0.099
2324	 CA 	206	 -30.604	  -1.763	   3.491
2373	 CA 	209	 -22.709	  -0.298	  -2.079
2380	 CA 	210	 -21.474	   3.198	  -2.665
5325	 CA 	395	 -25.292	 -18.084	  22.293
5344	 CA 	396	 -25.214	 -15.821	  25.393
5356	 CA 	397	 -25.547	 -12.548	  23.322
5367	 CA 	398	 -22.569	 -10.671	  22.051
6370	 CA 	462	 -17.926	 -13.145	   4.429
6406	 CA 	465	 -18.849	 -17.060	   6.934
6933	 CA 	500	 -14.038	 -12.258	  15.387
6980	 CA 	503	 -14.360	 -13.177	  10.769
21341	CLA 	735	 -22.957	   3.162	   3.641
21342	CLA 	736	 -24.798	  -3.008	 -15.000
21344	CLA 	736	  38.504	  -2.134	 -26.900
