786	 CA 	110	 -48.212	  -3.702	  32.425
806	 CA 	111	 -50.426	  -1.103	  33.987
821	 CA 	112	 -52.376	   2.118	  32.937
894	 CA 	116	 -59.035	   0.665	  36.307
1467	 CA 	151	 -38.850	   2.357	  -4.379
1477	 CA 	152	 -41.719	   3.214	  -6.768
1497	 CA 	153	 -40.357	   6.785	  -7.148
2201	 CA 	197	 -32.498	   7.189	  -7.890
2279	 CA 	202	 -31.668	   2.991	  -0.294
2324	 CA 	206	 -31.025	  -2.113	   2.587
2373	 CA 	209	 -23.071	  -0.356	  -2.596
2380	 CA 	210	 -21.451	   3.065	  -2.919
5325	 CA 	395	 -26.429	 -17.343	  20.734
5344	 CA 	396	 -26.190	 -14.442	  23.202
5356	 CA 	397	 -26.083	 -12.161	  20.171
5367	 CA 	398	 -22.717	 -10.989	  18.695
6370	 CA 	462	 -18.462	 -13.428	   3.174
6406	 CA 	465	 -19.193	 -17.504	   5.168
6933	 CA 	500	 -14.763	 -13.240	  14.803
6980	 CA 	503	 -15.262	 -14.034	   9.623
21341	CLA 	735	 -23.294	   2.907	   2.512
21342	CLA 	736	 -24.148	  -2.339	 -15.044
21344	CLA 	736	  36.910	   8.310	 -13.419
