786	 CA 	110	 -46.687	  -1.501	  32.619
806	 CA 	111	 -48.789	   1.306	  33.889
821	 CA 	112	 -50.898	   4.075	  32.440
894	 CA 	116	 -57.546	   3.454	  35.410
1467	 CA 	151	 -39.114	   1.360	  -4.170
1477	 CA 	152	 -42.128	   2.662	  -6.198
1497	 CA 	153	 -40.777	   6.220	  -6.608
2201	 CA 	197	 -32.133	   6.908	  -7.973
2279	 CA 	202	 -31.178	   3.800	   0.295
2324	 CA 	206	 -30.826	  -0.945	   3.283
2373	 CA 	209	 -22.444	  -0.480	  -2.044
2380	 CA 	210	 -21.614	   3.090	  -3.175
5325	 CA 	395	 -24.476	 -19.321	  23.914
5344	 CA 	396	 -28.270	 -18.793	  24.454
5356	 CA 	397	 -28.778	 -15.850	  22.139
5367	 CA 	398	 -26.852	 -13.746	  19.618
6370	 CA 	462	 -17.952	 -12.916	   4.095
6406	 CA 	465	 -19.143	 -17.082	   6.529
6933	 CA 	500	 -14.054	 -12.144	  15.305
6980	 CA 	503	 -14.495	 -13.115	  10.745
21341	CLA 	735	 -21.754	   3.242	   2.444
21342	CLA 	736	 -24.592	  -2.460	 -15.119
21344	CLA 	736	  31.014	   5.307	 -12.246
