786	 CA 	110	 -49.700	  -1.306	  32.909
806	 CA 	111	 -51.760	   1.721	  32.858
821	 CA 	112	 -53.451	   3.872	  30.148
894	 CA 	116	 -59.543	   4.393	  34.144
1467	 CA 	151	 -39.255	   1.662	  -4.271
1477	 CA 	152	 -41.979	   2.114	  -6.928
1497	 CA 	153	 -40.473	   5.705	  -7.426
2201	 CA 	197	 -32.354	   6.966	  -8.008
2279	 CA 	202	 -31.704	   3.683	  -0.203
2324	 CA 	206	 -31.137	  -1.785	   2.824
2373	 CA 	209	 -22.777	  -0.388	  -2.021
2380	 CA 	210	 -21.902	   3.193	  -2.732
5325	 CA 	395	 -26.400	 -17.695	  20.283
5344	 CA 	396	 -26.566	 -15.837	  23.641
5356	 CA 	397	 -26.635	 -12.403	  21.898
5367	 CA 	398	 -23.389	 -10.713	  20.859
6370	 CA 	462	 -18.334	 -13.157	   3.933
6406	 CA 	465	 -19.191	 -17.277	   6.579
6933	 CA 	500	 -14.902	 -11.860	  15.128
6980	 CA 	503	 -15.028	 -13.322	  10.524
21341	CLA 	735	 -23.336	   3.858	   3.271
21342	CLA 	736	 -24.914	  -3.057	 -14.518
21344	CLA 	736	  34.716	   6.607	  -8.550
