786	 CA 	110	 -46.457	   3.220	  35.469
806	 CA 	111	 -49.013	   4.973	  37.757
821	 CA 	112	 -51.492	   7.540	  36.090
894	 CA 	116	 -56.221	   5.525	  39.572
1467	 CA 	151	 -38.690	   2.125	  -3.908
1477	 CA 	152	 -41.489	   2.733	  -6.490
1497	 CA 	153	 -40.178	   6.382	  -6.966
2201	 CA 	197	 -32.254	   6.608	  -7.468
2279	 CA 	202	 -31.550	   2.931	   0.464
2324	 CA 	206	 -30.865	  -1.687	   4.017
2373	 CA 	209	 -23.271	  -0.762	  -1.162
2380	 CA 	210	 -22.594	   2.485	  -2.960
5325	 CA 	395	 -24.008	 -17.846	  22.838
5344	 CA 	396	 -22.492	 -16.021	  25.759
5356	 CA 	397	 -24.018	 -12.783	  24.211
5367	 CA 	398	 -22.446	 -10.454	  21.643
6370	 CA 	462	 -18.037	 -12.869	   4.180
6406	 CA 	465	 -19.329	 -16.877	   6.906
6933	 CA 	500	 -13.856	 -11.828	  15.553
6980	 CA 	503	 -14.999	 -12.944	  10.633
21341	CLA 	735	 -22.702	   2.094	   4.178
21342	CLA 	736	 -23.849	  -2.872	 -14.848
21344	CLA 	736	  14.748	 -66.957	 -26.547
