786	 CA 	110	 -45.383	   1.929	  35.894
806	 CA 	111	 -48.550	   3.707	  37.219
821	 CA 	112	 -51.238	   5.614	  35.102
894	 CA 	116	 -58.321	   4.786	  37.522
1467	 CA 	151	 -39.347	   2.801	  -3.665
1477	 CA 	152	 -42.062	   3.524	  -6.373
1497	 CA 	153	 -40.525	   6.955	  -6.905
2201	 CA 	197	 -32.134	   7.222	  -7.149
2279	 CA 	202	 -31.308	   3.620	   0.963
2324	 CA 	206	 -31.067	  -0.937	   4.245
2373	 CA 	209	 -22.758	  -0.243	  -0.777
2380	 CA 	210	 -22.433	   2.855	  -2.780
5325	 CA 	395	 -23.543	 -16.954	  23.884
5344	 CA 	396	 -22.116	 -14.679	  26.550
5356	 CA 	397	 -22.897	 -11.690	  24.346
5367	 CA 	398	 -21.456	  -9.423	  21.607
6370	 CA 	462	 -17.885	 -12.420	   4.631
6406	 CA 	465	 -19.667	 -16.296	   7.228
6933	 CA 	500	 -13.296	 -11.780	  15.220
6980	 CA 	503	 -14.555	 -12.578	  10.591
21341	CLA 	735	 -23.671	   3.245	   4.515
21342	CLA 	736	 -24.534	  -3.049	 -14.386
21344	CLA 	736	  23.784	  56.903	 -28.136
