786	 CA 	110	 -47.555	  -1.277	  32.564
806	 CA 	111	 -49.527	   1.562	  34.242
821	 CA 	112	 -51.017	   4.642	  32.488
894	 CA 	116	 -58.621	   5.393	  34.353
1467	 CA 	151	 -38.702	   1.200	  -3.835
1477	 CA 	152	 -41.742	   1.921	  -6.059
1497	 CA 	153	 -40.652	   5.486	  -6.843
2201	 CA 	197	 -32.485	   6.670	  -7.894
2279	 CA 	202	 -30.965	   3.807	   0.180
2324	 CA 	206	 -31.125	  -1.104	   3.449
2373	 CA 	209	 -22.560	  -0.112	  -1.063
2380	 CA 	210	 -21.836	   3.200	  -2.828
5325	 CA 	395	 -24.977	 -17.506	  24.462
5344	 CA 	396	 -28.502	 -15.870	  25.006
5356	 CA 	397	 -27.639	 -13.255	  22.436
5367	 CA 	398	 -24.710	 -11.814	  20.401
6370	 CA 	462	 -17.750	 -12.390	   4.741
6406	 CA 	465	 -19.100	 -16.578	   7.450
6933	 CA 	500	 -13.568	 -11.691	  15.630
6980	 CA 	503	 -14.451	 -12.897	  11.029
21341	CLA 	735	 -21.478	   3.376	   2.019
21342	CLA 	736	 -24.635	  -2.391	 -15.105
21344	CLA 	736	  33.325	   7.470	 -14.822
