786	 CA 	110	 -47.486	  -1.718	  32.812
806	 CA 	111	 -49.909	   0.784	  34.410
821	 CA 	112	 -52.001	   3.820	  33.210
894	 CA 	116	 -57.011	   2.839	  37.696
1467	 CA 	151	 -39.029	   1.753	  -3.898
1477	 CA 	152	 -41.957	   2.223	  -6.328
1497	 CA 	153	 -40.624	   5.708	  -6.996
2201	 CA 	197	 -32.059	   7.052	  -7.596
2279	 CA 	202	 -31.534	   3.345	   0.191
2324	 CA 	206	 -31.472	  -2.026	   2.931
2373	 CA 	209	 -23.173	  -0.375	  -1.952
2380	 CA 	210	 -21.936	   3.143	  -2.617
5325	 CA 	395	 -26.861	 -16.597	  20.899
5344	 CA 	396	 -27.061	 -13.825	  23.522
5356	 CA 	397	 -26.304	 -11.222	  20.818
5367	 CA 	398	 -23.052	  -9.923	  19.475
6370	 CA 	462	 -17.960	 -12.771	   4.048
6406	 CA 	465	 -19.213	 -17.065	   6.321
6933	 CA 	500	 -14.429	 -12.142	  15.520
6980	 CA 	503	 -14.994	 -12.956	  10.414
21341	CLA 	735	 -23.010	   2.446	   3.386
21342	CLA 	736	 -24.892	  -2.819	 -14.487
21344	CLA 	736	  32.726	   7.093	 -10.448
