786	 CA 	110	 -44.929	  -2.991	  33.062
806	 CA 	111	 -46.853	  -0.168	  34.729
821	 CA 	112	 -48.272	   3.133	  33.403
894	 CA 	116	 -53.391	   2.819	  36.159
1467	 CA 	151	 -39.078	   1.748	  -5.068
1477	 CA 	152	 -41.914	   2.616	  -7.507
1497	 CA 	153	 -40.485	   6.218	  -7.963
2201	 CA 	197	 -31.600	   6.946	  -8.826
2279	 CA 	202	 -32.036	   3.601	  -0.964
2324	 CA 	206	 -30.670	  -1.745	   2.179
2373	 CA 	209	 -22.649	  -0.785	  -2.420
2380	 CA 	210	 -21.708	   2.925	  -3.016
5325	 CA 	395	 -27.963	 -17.508	  21.013
5344	 CA 	396	 -27.704	 -15.155	  24.081
5356	 CA 	397	 -27.021	 -11.947	  22.011
5367	 CA 	398	 -23.527	 -10.780	  20.947
6370	 CA 	462	 -18.556	 -13.105	   4.014
6406	 CA 	465	 -20.110	 -17.045	   6.288
6933	 CA 	500	 -15.401	 -12.870	  15.802
6980	 CA 	503	 -15.714	 -13.697	  10.318
21341	CLA 	735	 -23.749	   3.230	   2.359
21342	CLA 	736	 -24.517	  -2.384	 -15.618
21344	CLA 	736	  32.400	  10.576	 -18.560
