786	 CA 	110	 -49.636	  -0.060	  32.789
806	 CA 	111	 -51.617	   3.175	  33.458
821	 CA 	112	 -52.981	   5.604	  30.862
894	 CA 	116	 -58.293	   5.539	  34.432
1467	 CA 	151	 -39.164	   1.891	  -4.294
1477	 CA 	152	 -41.840	   2.463	  -7.012
1497	 CA 	153	 -40.492	   5.957	  -7.693
2201	 CA 	197	 -32.121	   6.900	  -8.146
2279	 CA 	202	 -31.756	   3.351	  -0.446
2324	 CA 	206	 -31.629	  -1.601	   2.953
2373	 CA 	209	 -22.794	  -0.511	  -2.165
2380	 CA 	210	 -22.124	   3.045	  -3.226
5325	 CA 	395	 -26.448	 -17.191	  20.631
5344	 CA 	396	 -26.806	 -15.270	  23.968
5356	 CA 	397	 -26.700	 -11.962	  21.825
5367	 CA 	398	 -23.271	 -10.330	  21.023
6370	 CA 	462	 -18.166	 -13.030	   4.266
6406	 CA 	465	 -19.488	 -17.053	   6.321
6933	 CA 	500	 -14.234	 -12.133	  15.448
6980	 CA 	503	 -15.232	 -12.942	  10.485
21341	CLA 	735	 -23.167	   1.050	   3.410
21342	CLA 	736	 -24.937	  -2.876	 -14.525
21344	CLA 	736	  34.327	   5.599	 -10.528
