786	 CA 	110	 -45.495	  -1.667	  34.979
806	 CA 	111	 -48.133	   0.979	  35.853
821	 CA 	112	 -49.670	   3.919	  34.072
894	 CA 	116	 -55.454	   3.743	  36.791
1467	 CA 	151	 -38.225	   2.742	  -3.177
1477	 CA 	152	 -41.265	   3.287	  -5.563
1497	 CA 	153	 -40.012	   6.833	  -6.224
2201	 CA 	197	 -32.047	   6.789	  -7.504
2279	 CA 	202	 -30.974	   2.956	   0.590
2324	 CA 	206	 -30.407	  -2.182	   3.507
2373	 CA 	209	 -22.713	  -0.930	  -1.673
2380	 CA 	210	 -21.898	   2.607	  -2.673
5325	 CA 	395	 -25.722	 -17.068	  22.213
5344	 CA 	396	 -25.663	 -14.882	  25.466
5356	 CA 	397	 -25.499	 -11.704	  23.416
5367	 CA 	398	 -22.315	 -10.706	  21.597
6370	 CA 	462	 -17.834	 -13.068	   4.274
6406	 CA 	465	 -19.087	 -17.114	   6.916
6933	 CA 	500	 -13.333	 -12.568	  15.825
6980	 CA 	503	 -14.223	 -13.331	  10.795
21341	CLA 	735	 -23.197	   2.758	   3.094
21342	CLA 	736	 -24.327	  -2.911	 -14.922
21344	CLA 	736	  34.122	   8.819	 -15.854
