786	 CA 	110	 -45.051	  -1.638	  34.266
806	 CA 	111	 -46.881	   1.460	  35.423
821	 CA 	112	 -49.178	   4.024	  33.686
894	 CA 	116	 -55.219	   4.248	  36.372
1467	 CA 	151	 -38.512	   2.238	  -4.318
1477	 CA 	152	 -41.526	   2.205	  -6.741
1497	 CA 	153	 -40.624	   5.796	  -7.689
2201	 CA 	197	 -32.479	   6.467	  -7.703
2279	 CA 	202	 -31.658	   2.791	   0.125
2324	 CA 	206	 -30.717	  -2.323	   3.662
2373	 CA 	209	 -23.169	  -0.716	  -2.270
2380	 CA 	210	 -22.287	   2.954	  -3.165
5325	 CA 	395	 -25.239	 -19.080	  21.412
5344	 CA 	396	 -25.389	 -17.395	  24.762
5356	 CA 	397	 -26.129	 -14.390	  22.517
5367	 CA 	398	 -23.497	 -12.016	  21.165
6370	 CA 	462	 -17.929	 -13.303	   4.078
6406	 CA 	465	 -19.057	 -17.446	   6.282
6933	 CA 	500	 -14.418	 -12.669	  15.109
6980	 CA 	503	 -14.803	 -13.618	  10.613
21341	CLA 	735	 -24.052	   3.263	   3.523
21342	CLA 	736	 -24.246	  -3.080	 -14.401
21344	CLA 	736	  37.036	   2.512	 -25.944
