786	 CA 	110	 -49.608	   2.551	  33.150
806	 CA 	111	 -51.816	   5.296	  34.590
821	 CA 	112	 -54.771	   6.848	  32.673
894	 CA 	116	 -61.201	   2.656	  33.011
1467	 CA 	151	 -38.922	   1.177	  -3.153
1477	 CA 	152	 -42.003	   1.647	  -5.339
1497	 CA 	153	 -41.173	   5.259	  -6.322
2201	 CA 	197	 -32.308	   6.127	  -7.341
2279	 CA 	202	 -31.055	   3.130	   0.277
2324	 CA 	206	 -30.359	  -1.361	   2.627
2373	 CA 	209	 -22.291	  -0.112	  -2.314
2380	 CA 	210	 -21.206	   3.588	  -2.381
5325	 CA 	395	 -21.347	 -18.897	  26.518
5344	 CA 	396	 -25.021	 -18.537	  25.813
5356	 CA 	397	 -25.852	 -15.678	  23.405
5367	 CA 	398	 -23.584	 -13.288	  21.330
6370	 CA 	462	 -17.407	 -12.678	   4.176
6406	 CA 	465	 -18.704	 -16.701	   6.829
6933	 CA 	500	 -12.895	 -12.111	  15.154
6980	 CA 	503	 -14.011	 -13.176	  10.356
21341	CLA 	735	 -20.874	   1.250	   1.007
21342	CLA 	736	 -24.613	  -2.075	 -15.082
21344	CLA 	736	  30.376	   3.039	 -15.164
