786	 CA 	110	 -47.294	  -2.140	  31.939
806	 CA 	111	 -49.463	   0.798	  32.792
821	 CA 	112	 -51.377	   3.489	  31.142
894	 CA 	116	 -57.173	   3.275	  35.575
1467	 CA 	151	 -39.256	   2.119	  -4.417
1477	 CA 	152	 -42.127	   2.782	  -6.823
1497	 CA 	153	 -40.528	   6.378	  -7.401
2201	 CA 	197	 -32.093	   7.041	  -8.647
2279	 CA 	202	 -31.492	   3.799	  -0.403
2324	 CA 	206	 -31.147	  -1.010	   2.876
2373	 CA 	209	 -22.729	  -0.312	  -1.708
2380	 CA 	210	 -21.851	   3.154	  -3.275
5325	 CA 	395	 -26.317	 -19.034	  22.892
5344	 CA 	396	 -29.524	 -17.749	  24.376
5356	 CA 	397	 -28.676	 -14.315	  23.136
5367	 CA 	398	 -25.672	 -12.827	  21.219
6370	 CA 	462	 -18.679	 -12.613	   4.235
6406	 CA 	465	 -20.016	 -16.946	   6.513
6933	 CA 	500	 -14.831	 -12.353	  15.725
6980	 CA 	503	 -15.463	 -13.331	  10.686
21341	CLA 	735	 -21.432	   3.321	   2.160
21342	CLA 	736	 -24.751	  -2.834	 -14.605
21344	CLA 	736	  34.387	   6.414	 -10.373
