786	 CA 	110	 -45.266	  -1.286	  34.431
806	 CA 	111	 -47.838	   1.272	  35.519
821	 CA 	112	 -49.563	   4.482	  34.430
894	 CA 	116	 -55.210	   3.027	  37.432
1467	 CA 	151	 -39.202	   2.054	  -4.515
1477	 CA 	152	 -42.015	   2.901	  -6.969
1497	 CA 	153	 -40.512	   6.349	  -7.666
2201	 CA 	197	 -32.253	   6.588	  -8.027
2279	 CA 	202	 -31.441	   2.982	   0.033
2324	 CA 	206	 -30.828	  -1.917	   2.832
2373	 CA 	209	 -22.633	  -0.654	  -1.728
2380	 CA 	210	 -21.696	   2.769	  -2.949
5325	 CA 	395	 -25.568	 -17.479	  21.714
5344	 CA 	396	 -25.372	 -15.357	  24.824
5356	 CA 	397	 -25.771	 -12.265	  22.624
5367	 CA 	398	 -22.850	 -10.364	  20.753
6370	 CA 	462	 -17.736	 -13.025	   4.088
6406	 CA 	465	 -19.236	 -17.129	   6.409
6933	 CA 	500	 -13.779	 -13.014	  14.957
6980	 CA 	503	 -14.541	 -14.007	  10.194
21341	CLA 	735	 -23.485	   3.046	   3.289
21342	CLA 	736	 -24.460	  -3.141	 -14.830
21344	CLA 	736	  31.366	   9.726	 -18.128
