786	 CA 	110	 -43.866	  -3.855	  35.552
806	 CA 	111	 -46.526	  -1.348	  36.399
821	 CA 	112	 -47.721	   1.900	  34.885
894	 CA 	116	 -54.148	   3.565	  38.566
1467	 CA 	151	 -39.016	   1.835	  -4.019
1477	 CA 	152	 -41.903	   3.000	  -6.295
1497	 CA 	153	 -40.300	   6.424	  -6.830
2201	 CA 	197	 -32.076	   7.013	  -8.193
2279	 CA 	202	 -31.365	   3.587	  -0.376
2324	 CA 	206	 -31.827	  -1.634	   3.138
2373	 CA 	209	 -23.427	  -0.976	  -2.281
2380	 CA 	210	 -22.358	   2.645	  -2.776
5325	 CA 	395	 -26.201	 -16.882	  21.241
5344	 CA 	396	 -26.104	 -14.400	  24.101
5356	 CA 	397	 -25.967	 -11.511	  21.620
5367	 CA 	398	 -22.576	 -10.385	  20.277
6370	 CA 	462	 -18.067	 -13.270	   3.587
6406	 CA 	465	 -19.569	 -17.124	   6.005
6933	 CA 	500	 -14.286	 -12.337	  14.745
6980	 CA 	503	 -14.985	 -13.494	   9.725
21341	CLA 	735	 -23.533	   2.337	   3.165
21342	CLA 	736	 -24.517	  -3.056	 -14.563
21344	CLA 	736	  35.257	   7.491	 -13.509
