786	 CA 	110	 -47.750	  -1.774	  32.521
806	 CA 	111	 -50.485	   0.698	  33.756
821	 CA 	112	 -52.198	   3.537	  31.868
894	 CA 	116	 -58.083	   2.940	  35.674
1467	 CA 	151	 -39.095	   1.937	  -3.766
1477	 CA 	152	 -41.951	   2.638	  -6.250
1497	 CA 	153	 -40.521	   6.180	  -6.869
2201	 CA 	197	 -32.219	   6.873	  -7.825
2279	 CA 	202	 -31.355	   2.868	  -0.073
2324	 CA 	206	 -31.452	  -1.896	   2.709
2373	 CA 	209	 -22.594	  -0.626	  -2.132
2380	 CA 	210	 -21.429	   2.929	  -3.147
5325	 CA 	395	 -26.970	 -17.120	  20.167
5344	 CA 	396	 -26.430	 -14.494	  22.830
5356	 CA 	397	 -26.507	 -11.534	  20.449
5367	 CA 	398	 -23.260	 -10.245	  19.024
6370	 CA 	462	 -18.274	 -12.801	   3.490
6406	 CA 	465	 -19.301	 -17.264	   6.008
6933	 CA 	500	 -14.637	 -12.344	  14.792
6980	 CA 	503	 -15.145	 -13.395	  10.000
21341	CLA 	735	 -23.815	   3.251	   3.581
21342	CLA 	736	 -25.047	  -2.690	 -15.291
21344	CLA 	736	  35.726	   5.908	 -12.583
