786	 CA 	110	 -49.360	   2.201	  32.386
806	 CA 	111	 -51.680	   4.907	  33.732
821	 CA 	112	 -54.718	   5.917	  31.785
894	 CA 	116	 -61.308	   1.631	  33.966
1467	 CA 	151	 -39.065	   1.350	  -3.713
1477	 CA 	152	 -42.139	   1.961	  -5.998
1497	 CA 	153	 -41.271	   5.560	  -6.537
2201	 CA 	197	 -32.199	   6.115	  -7.395
2279	 CA 	202	 -31.394	   2.815	   0.512
2324	 CA 	206	 -30.698	  -1.699	   2.925
2373	 CA 	209	 -22.576	  -0.011	  -2.240
2380	 CA 	210	 -21.361	   3.606	  -2.662
5325	 CA 	395	 -21.383	 -20.633	  25.139
5344	 CA 	396	 -24.972	 -21.037	  24.053
5356	 CA 	397	 -25.607	 -17.712	  22.232
5367	 CA 	398	 -22.947	 -15.245	  20.761
6370	 CA 	462	 -17.561	 -12.885	   4.015
6406	 CA 	465	 -18.468	 -16.801	   6.534
6933	 CA 	500	 -13.007	 -12.558	  15.127
6980	 CA 	503	 -13.931	 -13.157	  10.287
21341	CLA 	735	 -19.700	   0.767	   0.043
21342	CLA 	736	 -25.145	  -1.853	 -15.255
21344	CLA 	736	  30.127	   3.087	 -14.652
