786	 CA 	110	 -47.740	  -2.063	  33.558
806	 CA 	111	 -50.384	   0.375	  34.822
821	 CA 	112	 -51.842	   3.583	  33.291
894	 CA 	116	 -59.192	   4.693	  37.140
1467	 CA 	151	 -38.499	   2.161	  -3.710
1477	 CA 	152	 -41.647	   2.630	  -5.911
1497	 CA 	153	 -40.407	   6.204	  -6.701
2201	 CA 	197	 -32.221	   7.444	  -7.911
2279	 CA 	202	 -31.172	   3.726	  -0.250
2324	 CA 	206	 -30.780	  -1.118	   3.113
2373	 CA 	209	 -22.817	  -0.678	  -2.253
2380	 CA 	210	 -22.394	   2.972	  -3.128
5325	 CA 	395	 -26.188	 -17.466	  20.260
5344	 CA 	396	 -26.036	 -14.949	  23.217
5356	 CA 	397	 -25.250	 -12.131	  20.753
5367	 CA 	398	 -21.855	 -10.575	  19.773
6370	 CA 	462	 -17.884	 -12.914	   3.364
6406	 CA 	465	 -19.326	 -17.306	   5.700
6933	 CA 	500	 -14.240	 -12.944	  14.609
6980	 CA 	503	 -14.705	 -13.670	   9.911
21341	CLA 	735	 -22.763	   4.242	   4.291
21342	CLA 	736	 -24.481	  -2.639	 -15.024
21344	CLA 	736	  35.725	   4.775	 -11.422
