786	 CA 	110	 -45.378	  -2.547	  32.385
806	 CA 	111	 -48.199	  -0.306	  33.490
821	 CA 	112	 -50.167	   2.685	  32.169
894	 CA 	116	 -55.708	   2.471	  37.242
1467	 CA 	151	 -38.896	   1.504	  -3.741
1477	 CA 	152	 -41.731	   2.245	  -6.243
1497	 CA 	153	 -40.506	   5.776	  -6.840
2201	 CA 	197	 -32.725	   6.900	  -7.664
2279	 CA 	202	 -31.348	   3.118	  -0.197
2324	 CA 	206	 -31.002	  -1.786	   3.205
2373	 CA 	209	 -22.761	  -0.597	  -2.165
2380	 CA 	210	 -22.146	   3.112	  -3.182
5325	 CA 	395	 -26.513	 -18.894	  21.393
5344	 CA 	396	 -28.593	 -17.003	  24.035
5356	 CA 	397	 -28.275	 -13.271	  23.189
5367	 CA 	398	 -25.698	 -11.665	  20.992
6370	 CA 	462	 -18.211	 -13.117	   4.092
6406	 CA 	465	 -19.660	 -17.521	   6.454
6933	 CA 	500	 -14.071	 -12.312	  15.385
6980	 CA 	503	 -15.106	 -13.348	  10.358
21341	CLA 	735	 -21.400	   2.775	   1.867
21342	CLA 	736	 -25.008	  -2.744	 -14.811
21344	CLA 	736	  31.991	   5.601	 -10.620
