786	 CA 	110	 -47.829	  -2.457	  32.239
806	 CA 	111	 -49.826	   0.288	  33.785
821	 CA 	112	 -51.061	   3.187	  31.727
894	 CA 	116	 -57.496	   2.652	  35.292
1467	 CA 	151	 -38.290	   1.515	  -4.205
1477	 CA 	152	 -41.483	   2.106	  -6.379
1497	 CA 	153	 -40.286	   5.742	  -6.805
2201	 CA 	197	 -31.965	   7.350	  -8.378
2279	 CA 	202	 -31.060	   3.219	  -0.566
2324	 CA 	206	 -31.345	  -1.839	   2.271
2373	 CA 	209	 -22.938	  -0.668	  -2.254
2380	 CA 	210	 -22.365	   2.985	  -3.133
5325	 CA 	395	 -25.385	 -18.111	  24.303
5344	 CA 	396	 -29.150	 -17.304	  24.578
5356	 CA 	397	 -28.035	 -13.837	  23.423
5367	 CA 	398	 -25.013	 -12.242	  21.529
6370	 CA 	462	 -18.435	 -12.902	   3.795
6406	 CA 	465	 -20.316	 -17.183	   6.337
6933	 CA 	500	 -15.045	 -12.722	  15.367
6980	 CA 	503	 -15.653	 -13.606	  10.125
21341	CLA 	735	 -21.446	   2.496	   1.082
21342	CLA 	736	 -24.633	  -2.198	 -15.303
21344	CLA 	736	  32.858	   6.757	  -9.745
