786	 CA 	110	 -46.455	   1.193	  35.484
806	 CA 	111	 -49.548	   3.505	  36.573
821	 CA 	112	 -51.699	   5.921	  34.641
894	 CA 	116	 -57.005	   3.785	  38.313
1467	 CA 	151	 -38.793	   2.239	  -4.134
1477	 CA 	152	 -41.545	   3.065	  -6.411
1497	 CA 	153	 -40.137	   6.490	  -7.072
2201	 CA 	197	 -31.797	   6.611	  -7.334
2279	 CA 	202	 -30.942	   3.199	   0.522
2324	 CA 	206	 -30.399	  -1.001	   4.402
2373	 CA 	209	 -22.656	  -0.739	  -1.042
2380	 CA 	210	 -21.968	   2.709	  -2.790
5325	 CA 	395	 -24.349	 -17.452	  23.219
5344	 CA 	396	 -23.599	 -15.656	  26.554
5356	 CA 	397	 -23.963	 -12.321	  24.683
5367	 CA 	398	 -21.802	 -10.424	  22.172
6370	 CA 	462	 -17.745	 -13.021	   4.674
6406	 CA 	465	 -19.492	 -16.766	   7.240
6933	 CA 	500	 -12.759	 -12.771	  14.946
6980	 CA 	503	 -14.128	 -13.325	  10.743
21341	CLA 	735	 -22.243	   1.896	   4.743
21342	CLA 	736	 -24.342	  -2.542	 -15.064
21344	CLA 	736	  20.623	  66.633	 -28.247
