786	 CA 	110	 -45.464	   4.964	  35.755
806	 CA 	111	 -48.182	   6.524	  37.899
821	 CA 	112	 -50.960	   8.884	  36.620
894	 CA 	116	 -54.120	   5.984	  40.523
1467	 CA 	151	 -38.539	   2.724	  -3.453
1477	 CA 	152	 -41.469	   3.570	  -5.842
1497	 CA 	153	 -40.197	   7.194	  -6.510
2201	 CA 	197	 -32.128	   6.459	  -7.142
2279	 CA 	202	 -31.036	   3.026	   1.014
2324	 CA 	206	 -30.290	  -1.339	   4.543
2373	 CA 	209	 -22.394	  -0.134	  -0.546
2380	 CA 	210	 -21.958	   2.959	  -2.786
5325	 CA 	395	 -23.189	 -16.360	  23.516
5344	 CA 	396	 -22.431	 -14.544	  26.766
5356	 CA 	397	 -24.006	 -11.221	  25.481
5367	 CA 	398	 -21.619	  -9.362	  23.130
6370	 CA 	462	 -18.053	 -12.309	   5.325
6406	 CA 	465	 -19.682	 -15.825	   7.974
6933	 CA 	500	 -13.378	 -11.013	  15.972
6980	 CA 	503	 -14.521	 -12.627	  11.198
21341	CLA 	735	 -22.201	   2.569	   5.133
21342	CLA 	736	 -24.571	  -3.004	 -14.483
21344	CLA 	736	  15.772	  64.694	 -31.795
