786	 CA 	110	 -44.866	   0.634	  35.016
806	 CA 	111	 -46.744	   3.820	  35.888
821	 CA 	112	 -49.435	   5.820	  33.984
894	 CA 	116	 -56.716	   4.162	  37.437
1467	 CA 	151	 -38.324	   2.738	  -3.787
1477	 CA 	152	 -41.255	   3.504	  -6.227
1497	 CA 	153	 -39.658	   6.885	  -6.911
2201	 CA 	197	 -31.627	   7.429	  -7.192
2279	 CA 	202	 -30.755	   3.828	   0.502
2324	 CA 	206	 -31.044	  -1.010	   3.966
2373	 CA 	209	 -22.813	  -0.383	  -0.961
2380	 CA 	210	 -22.054	   2.798	  -3.027
5325	 CA 	395	 -25.840	 -15.409	  22.854
5344	 CA 	396	 -25.560	 -12.810	  25.512
5356	 CA 	397	 -25.759	 -10.079	  22.779
5367	 CA 	398	 -22.593	  -9.050	  20.814
6370	 CA 	462	 -17.691	 -12.498	   4.678
6406	 CA 	465	 -19.138	 -16.389	   6.979
6933	 CA 	500	 -13.219	 -11.701	  15.119
6980	 CA 	503	 -14.124	 -12.889	  10.740
21341	CLA 	735	 -23.217	   3.603	   4.382
21342	CLA 	736	 -24.511	  -2.887	 -14.820
21344	CLA 	736	  18.945	  26.314	 -44.117
