786	 CA 	110	 -45.144	  -2.994	  34.528
806	 CA 	111	 -47.601	  -0.241	  35.294
821	 CA 	112	 -49.492	   2.244	  32.974
894	 CA 	116	 -55.507	   1.745	  35.953
1467	 CA 	151	 -38.821	   2.106	  -4.266
1477	 CA 	152	 -41.799	   2.455	  -6.663
1497	 CA 	153	 -40.666	   6.013	  -7.525
2201	 CA 	197	 -32.451	   6.618	  -7.674
2279	 CA 	202	 -31.610	   2.449	  -0.119
2324	 CA 	206	 -30.532	  -2.375	   2.936
2373	 CA 	209	 -22.821	  -0.569	  -2.223
2380	 CA 	210	 -21.427	   2.836	  -2.956
5325	 CA 	395	 -25.622	 -17.765	  21.516
5344	 CA 	396	 -25.719	 -15.560	  24.569
5356	 CA 	397	 -25.536	 -12.358	  22.445
5367	 CA 	398	 -22.279	 -11.323	  20.793
6370	 CA 	462	 -17.989	 -13.472	   3.940
6406	 CA 	465	 -19.450	 -17.376	   6.050
6933	 CA 	500	 -14.087	 -13.170	  14.724
6980	 CA 	503	 -15.005	 -13.969	   9.982
21341	CLA 	735	 -22.994	   3.093	   3.321
21342	CLA 	736	 -25.182	  -3.002	 -14.748
21344	CLA 	736	  32.328	   8.571	 -16.130
