786	 CA 	110	 -48.694	  -0.089	  31.270
806	 CA 	111	 -50.891	   2.891	  32.380
821	 CA 	112	 -52.079	   6.067	  30.574
894	 CA 	116	 -59.375	   5.377	  33.441
1467	 CA 	151	 -38.935	   2.931	  -4.786
1477	 CA 	152	 -41.808	   3.767	  -7.101
1497	 CA 	153	 -40.645	   7.354	  -7.353
2201	 CA 	197	 -31.917	   8.247	  -8.528
2279	 CA 	202	 -31.600	   4.268	  -0.773
2324	 CA 	206	 -31.759	  -0.675	   1.936
2373	 CA 	209	 -23.001	  -0.022	  -2.415
2380	 CA 	210	 -21.671	   3.442	  -3.300
5325	 CA 	395	 -27.188	 -16.616	  23.620
5344	 CA 	396	 -30.993	 -15.520	  23.955
5356	 CA 	397	 -29.437	 -12.256	  22.812
5367	 CA 	398	 -26.030	 -11.328	  21.505
6370	 CA 	462	 -19.197	 -12.035	   3.870
6406	 CA 	465	 -20.909	 -16.337	   6.177
6933	 CA 	500	 -16.194	 -12.330	  14.909
6980	 CA 	503	 -16.266	 -12.941	  10.406
21341	CLA 	735	 -22.067	   3.617	   1.449
21342	CLA 	736	 -25.248	  -2.538	 -14.516
21344	CLA 	736	  33.647	   4.193	  -9.837
