786	 CA 	110	 -48.383	  -2.749	  32.745
806	 CA 	111	 -51.136	  -0.079	  33.199
821	 CA 	112	 -52.995	   2.493	  31.113
894	 CA 	116	 -58.853	   2.249	  35.438
1467	 CA 	151	 -38.943	   1.506	  -4.605
1477	 CA 	152	 -41.902	   2.144	  -6.941
1497	 CA 	153	 -40.729	   5.785	  -7.411
2201	 CA 	197	 -32.908	   6.764	  -8.207
2279	 CA 	202	 -31.546	   2.990	  -0.539
2324	 CA 	206	 -31.225	  -2.089	   2.954
2373	 CA 	209	 -23.026	  -0.667	  -2.281
2380	 CA 	210	 -22.223	   2.980	  -3.135
5325	 CA 	395	 -27.082	 -18.156	  19.782
5344	 CA 	396	 -26.689	 -15.784	  22.832
5356	 CA 	397	 -26.666	 -12.759	  20.450
5367	 CA 	398	 -23.691	 -11.284	  18.699
6370	 CA 	462	 -18.191	 -13.251	   3.550
6406	 CA 	465	 -19.528	 -17.327	   5.758
6933	 CA 	500	 -14.657	 -12.951	  14.702
6980	 CA 	503	 -15.206	 -14.030	   9.967
21341	CLA 	735	 -23.207	   3.317	   3.589
21342	CLA 	736	 -24.983	  -2.751	 -15.025
21344	CLA 	736	  34.574	   6.189	 -11.400
