786	 CA 	110	 -44.223	  -1.502	  35.657
806	 CA 	111	 -46.565	   1.509	  36.246
821	 CA 	112	 -47.326	   4.508	  33.853
894	 CA 	116	 -54.232	   5.774	  36.298
1467	 CA 	151	 -38.768	   2.808	  -4.344
1477	 CA 	152	 -41.536	   3.378	  -6.920
1497	 CA 	153	 -40.018	   6.826	  -7.755
2201	 CA 	197	 -32.016	   6.783	  -7.903
2279	 CA 	202	 -31.138	   3.882	   0.467
2324	 CA 	206	 -30.709	  -1.720	   3.669
2373	 CA 	209	 -22.796	  -0.491	  -1.583
2380	 CA 	210	 -21.634	   3.052	  -2.536
5325	 CA 	395	 -25.533	 -18.774	  21.877
5344	 CA 	396	 -25.398	 -16.705	  25.006
5356	 CA 	397	 -25.820	 -13.492	  22.966
5367	 CA 	398	 -22.785	 -12.084	  21.285
6370	 CA 	462	 -18.342	 -13.367	   3.760
6406	 CA 	465	 -19.600	 -17.411	   6.183
6933	 CA 	500	 -14.989	 -13.107	  15.189
6980	 CA 	503	 -15.143	 -13.545	  10.252
21341	CLA 	735	 -22.792	   4.108	   3.973
21342	CLA 	736	 -24.309	  -3.272	 -14.551
21344	CLA 	736	  31.759	 -12.595	 -31.429
