786	 CA 	110	 -45.520	   3.781	  35.965
806	 CA 	111	 -48.407	   4.823	  38.233
821	 CA 	112	 -50.684	   7.496	  36.724
894	 CA 	116	 -55.981	   5.121	  40.683
1467	 CA 	151	 -38.675	   2.406	  -3.208
1477	 CA 	152	 -41.728	   2.976	  -5.621
1497	 CA 	153	 -40.429	   6.554	  -6.286
2201	 CA 	197	 -32.345	   6.462	  -6.921
2279	 CA 	202	 -31.691	   2.976	   1.428
2324	 CA 	206	 -30.849	  -1.504	   4.635
2373	 CA 	209	 -22.870	  -0.535	  -1.272
2380	 CA 	210	 -22.018	   2.479	  -3.211
5325	 CA 	395	 -23.121	 -18.133	  23.270
5344	 CA 	396	 -22.476	 -16.347	  26.667
5356	 CA 	397	 -23.116	 -12.829	  25.063
5367	 CA 	398	 -21.187	 -10.528	  22.703
6370	 CA 	462	 -17.929	 -12.861	   4.856
6406	 CA 	465	 -19.323	 -16.802	   7.320
6933	 CA 	500	 -13.188	 -12.495	  15.903
6980	 CA 	503	 -14.249	 -13.118	  11.009
21341	CLA 	735	 -23.454	   3.312	   4.476
21342	CLA 	736	 -24.598	  -2.908	 -14.833
21344	CLA 	736	  16.520	  63.163	 -29.542
