786	 CA 	110	 -47.185	   0.872	  36.035
806	 CA 	111	 -50.146	   2.936	  37.001
821	 CA 	112	 -52.474	   4.997	  34.670
894	 CA 	116	 -59.619	   4.484	  37.125
1467	 CA 	151	 -38.918	   2.507	  -3.442
1477	 CA 	152	 -41.805	   3.084	  -5.966
1497	 CA 	153	 -40.352	   6.526	  -6.651
2201	 CA 	197	 -32.078	   6.821	  -7.388
2279	 CA 	202	 -31.472	   3.279	   0.845
2324	 CA 	206	 -31.241	  -1.331	   4.473
2373	 CA 	209	 -23.143	  -0.126	  -1.094
2380	 CA 	210	 -22.360	   3.207	  -2.758
5325	 CA 	395	 -23.640	 -16.849	  23.674
5344	 CA 	396	 -22.864	 -14.404	  26.397
5356	 CA 	397	 -24.207	 -11.455	  24.411
5367	 CA 	398	 -21.863	  -9.454	  22.152
6370	 CA 	462	 -17.910	 -12.383	   4.795
6406	 CA 	465	 -19.700	 -16.026	   7.477
6933	 CA 	500	 -13.580	 -11.331	  15.387
6980	 CA 	503	 -14.568	 -12.559	  10.873
21341	CLA 	735	 -23.353	   3.101	   4.315
21342	CLA 	736	 -24.106	  -3.168	 -14.362
21344	CLA 	736	  23.650	  59.089	 -27.299
