786	 CA 	110	 -48.277	  -1.721	  32.623
806	 CA 	111	 -49.634	   1.806	  33.502
821	 CA 	112	 -51.755	   4.141	  31.377
894	 CA 	116	 -56.541	   3.072	  35.429
1467	 CA 	151	 -38.978	   2.123	  -4.631
1477	 CA 	152	 -41.791	   3.007	  -7.028
1497	 CA 	153	 -40.335	   6.545	  -7.404
2201	 CA 	197	 -32.263	   7.716	  -8.644
2279	 CA 	202	 -31.352	   3.747	  -0.790
2324	 CA 	206	 -31.185	  -1.682	   2.834
2373	 CA 	209	 -22.682	  -0.580	  -1.816
2380	 CA 	210	 -21.996	   2.921	  -3.102
5325	 CA 	395	 -26.018	 -17.890	  20.135
5344	 CA 	396	 -26.146	 -16.787	  23.788
5356	 CA 	397	 -26.286	 -13.010	  22.836
5367	 CA 	398	 -23.603	 -10.440	  22.265
6370	 CA 	462	 -18.266	 -12.897	   3.884
6406	 CA 	465	 -19.577	 -17.035	   6.006
6933	 CA 	500	 -14.770	 -12.558	  15.300
6980	 CA 	503	 -15.532	 -13.354	  10.534
21341	CLA 	735	 -22.713	   3.306	   4.814
21342	CLA 	736	 -24.868	  -2.643	 -15.058
21344	CLA 	736	  34.300	   4.490	  -9.161
