786	 CA 	110	 -45.082	  -4.068	  33.585
806	 CA 	111	 -47.633	  -1.498	  34.861
821	 CA 	112	 -48.759	   1.784	  33.276
894	 CA 	116	 -55.719	   2.282	  35.771
1467	 CA 	151	 -39.193	   1.198	  -4.307
1477	 CA 	152	 -42.031	   2.133	  -6.780
1497	 CA 	153	 -40.449	   5.594	  -7.421
2201	 CA 	197	 -32.397	   5.975	  -7.485
2279	 CA 	202	 -31.712	   2.306	   0.523
2324	 CA 	206	 -30.575	  -1.790	   3.828
2373	 CA 	209	 -22.981	  -0.345	  -1.435
2380	 CA 	210	 -21.960	   2.920	  -3.062
5325	 CA 	395	 -24.197	 -18.727	  21.824
5344	 CA 	396	 -24.677	 -16.483	  24.830
5356	 CA 	397	 -25.044	 -13.216	  22.881
5367	 CA 	398	 -22.098	 -11.268	  21.150
6370	 CA 	462	 -17.869	 -13.076	   4.183
6406	 CA 	465	 -19.374	 -17.088	   6.203
6933	 CA 	500	 -13.184	 -13.459	  14.998
6980	 CA 	503	 -14.300	 -14.159	  10.314
21341	CLA 	735	 -23.124	   3.113	   4.034
21342	CLA 	736	 -23.934	  -3.297	 -14.800
21344	CLA 	736	  22.770	  20.455	 -41.616
