786	 CA 	110	 -48.149	  -0.666	  32.697
806	 CA 	111	 -50.070	   2.535	  33.574
821	 CA 	112	 -52.438	   4.895	  31.768
894	 CA 	116	 -59.740	   4.640	  33.912
1467	 CA 	151	 -38.786	   2.707	  -4.068
1477	 CA 	152	 -41.556	   3.267	  -6.587
1497	 CA 	153	 -40.435	   6.888	  -7.011
2201	 CA 	197	 -32.124	   7.223	  -8.069
2279	 CA 	202	 -31.274	   3.656	  -0.230
2324	 CA 	206	 -31.715	  -1.215	   2.334
2373	 CA 	209	 -22.926	  -0.165	  -2.043
2380	 CA 	210	 -21.835	   3.147	  -3.337
5325	 CA 	395	 -25.805	 -17.268	  23.696
5344	 CA 	396	 -29.357	 -16.362	  24.602
5356	 CA 	397	 -29.160	 -12.709	  23.535
5367	 CA 	398	 -26.818	 -10.605	  21.370
6370	 CA 	462	 -18.823	 -12.516	   4.230
6406	 CA 	465	 -20.559	 -16.555	   6.700
6933	 CA 	500	 -15.266	 -12.441	  15.559
6980	 CA 	503	 -15.644	 -13.133	  10.636
21341	CLA 	735	 -21.572	   3.190	   1.533
21342	CLA 	736	 -25.327	  -2.809	 -14.871
21344	CLA 	736	  34.631	   6.036	 -10.186
