786	 CA 	110	 -46.548	   4.345	  34.943
806	 CA 	111	 -48.722	   7.243	  36.278
821	 CA 	112	 -51.448	   8.806	  34.047
894	 CA 	116	 -58.861	   5.077	  35.373
1467	 CA 	151	 -38.797	   1.958	  -3.079
1477	 CA 	152	 -41.861	   2.555	  -5.182
1497	 CA 	153	 -40.604	   6.104	  -6.036
2201	 CA 	197	 -31.754	   6.750	  -7.213
2279	 CA 	202	 -30.481	   3.753	   0.889
2324	 CA 	206	 -29.887	  -0.939	   4.011
2373	 CA 	209	 -22.437	  -0.128	  -1.799
2380	 CA 	210	 -21.284	   3.478	  -2.566
5325	 CA 	395	 -21.261	 -19.252	  25.565
5344	 CA 	396	 -24.767	 -19.755	  23.858
5356	 CA 	397	 -25.715	 -16.600	  22.153
5367	 CA 	398	 -23.100	 -13.964	  20.934
6370	 CA 	462	 -16.838	 -12.655	   4.324
6406	 CA 	465	 -18.419	 -16.550	   7.358
6933	 CA 	500	 -12.560	 -11.573	  14.862
6980	 CA 	503	 -13.470	 -12.615	  10.317
21341	CLA 	735	 -19.077	   0.624	  -0.303
21342	CLA 	736	 -25.362	  -2.152	 -15.280
21344	CLA 	736	  29.560	  -1.214	 -16.203
