786	 CA 	110	 -48.027	  -1.518	  33.123
806	 CA 	111	 -50.612	   0.987	  34.405
821	 CA 	112	 -52.369	   3.990	  32.764
894	 CA 	116	 -59.823	   2.844	  34.997
1467	 CA 	151	 -38.823	   1.503	  -3.630
1477	 CA 	152	 -41.813	   2.008	  -5.895
1497	 CA 	153	 -40.929	   5.677	  -6.065
2201	 CA 	197	 -32.152	   6.932	  -7.408
2279	 CA 	202	 -30.904	   3.753	   0.556
2324	 CA 	206	 -31.068	  -1.228	   3.410
2373	 CA 	209	 -22.636	  -0.193	  -2.033
2380	 CA 	210	 -21.561	   3.276	  -3.102
5325	 CA 	395	 -22.999	 -20.578	  24.697
5344	 CA 	396	 -26.763	 -20.628	  23.983
5356	 CA 	397	 -28.383	 -17.229	  23.005
5367	 CA 	398	 -26.156	 -15.406	  20.535
6370	 CA 	462	 -17.590	 -12.968	   4.011
6406	 CA 	465	 -19.480	 -16.951	   6.306
6933	 CA 	500	 -13.753	 -13.131	  14.991
6980	 CA 	503	 -14.423	 -13.929	  10.102
21341	CLA 	735	 -22.695	   3.455	   3.407
21342	CLA 	736	 -24.424	  -1.850	 -15.096
21344	CLA 	736	  29.061	   2.091	 -13.745
