786	 CA 	110	 -45.203	  -2.233	  34.914
806	 CA 	111	 -46.860	   0.883	  36.054
821	 CA 	112	 -48.454	   3.634	  33.716
894	 CA 	116	 -55.146	   5.151	  35.595
1467	 CA 	151	 -39.045	   1.656	  -4.118
1477	 CA 	152	 -41.641	   1.886	  -6.879
1497	 CA 	153	 -40.568	   5.384	  -7.913
2201	 CA 	197	 -32.562	   6.473	  -7.681
2279	 CA 	202	 -31.560	   2.891	  -0.007
2324	 CA 	206	 -31.041	  -2.352	   3.530
2373	 CA 	209	 -22.831	  -0.264	  -1.706
2380	 CA 	210	 -21.925	   3.327	  -2.739
5325	 CA 	395	 -25.802	 -19.031	  21.341
5344	 CA 	396	 -25.935	 -17.067	  24.627
5356	 CA 	397	 -26.138	 -13.632	  22.699
5367	 CA 	398	 -23.056	 -11.952	  21.138
6370	 CA 	462	 -17.856	 -12.978	   3.623
6406	 CA 	465	 -18.950	 -17.422	   5.672
6933	 CA 	500	 -14.375	 -13.230	  14.764
6980	 CA 	503	 -14.737	 -14.022	  10.012
21341	CLA 	735	 -23.887	   3.510	   3.125
21342	CLA 	736	 -24.669	  -3.278	 -14.401
21344	CLA 	736	  41.576	  -0.471	 -26.569
