786	 CA 	110	 -47.499	  -1.988	  31.746
806	 CA 	111	 -49.501	   0.809	  33.313
821	 CA 	112	 -51.175	   3.761	  31.682
894	 CA 	116	 -57.380	   2.962	  36.286
1467	 CA 	151	 -38.891	   1.609	  -4.623
1477	 CA 	152	 -41.533	   2.251	  -7.390
1497	 CA 	153	 -40.427	   5.804	  -7.719
2201	 CA 	197	 -31.990	   7.304	  -8.611
2279	 CA 	202	 -31.209	   4.075	  -0.707
2324	 CA 	206	 -31.564	  -0.842	   2.556
2373	 CA 	209	 -23.349	  -0.019	  -2.427
2380	 CA 	210	 -22.194	   3.479	  -3.279
5325	 CA 	395	 -26.471	 -18.676	  23.473
5344	 CA 	396	 -29.056	 -17.082	  25.796
5356	 CA 	397	 -28.099	 -13.563	  24.591
5367	 CA 	398	 -25.937	 -12.226	  21.726
6370	 CA 	462	 -18.849	 -12.445	   4.630
6406	 CA 	465	 -20.015	 -16.539	   6.728
6933	 CA 	500	 -15.476	 -11.868	  15.515
6980	 CA 	503	 -15.942	 -12.723	  10.828
21341	CLA 	735	 -22.261	   3.036	   1.466
21342	CLA 	736	 -25.531	  -3.344	 -14.369
21344	CLA 	736	  34.466	   5.431	  -9.914
