786	 CA 	110	 -45.774	  -0.805	  32.949
806	 CA 	111	 -48.126	   2.254	  33.458
821	 CA 	112	 -49.733	   5.047	  31.543
894	 CA 	116	 -55.404	   4.480	  36.784
1467	 CA 	151	 -38.659	   2.176	  -4.003
1477	 CA 	152	 -41.556	   2.691	  -6.600
1497	 CA 	153	 -40.200	   6.328	  -6.956
2201	 CA 	197	 -32.473	   6.638	  -8.008
2279	 CA 	202	 -31.498	   3.313	  -0.023
2324	 CA 	206	 -31.463	  -1.364	   2.989
2373	 CA 	209	 -23.436	  -0.491	  -1.929
2380	 CA 	210	 -22.566	   2.989	  -3.313
5325	 CA 	395	 -27.426	 -18.296	  21.641
5344	 CA 	396	 -28.884	 -16.107	  24.397
5356	 CA 	397	 -27.668	 -12.620	  23.383
5367	 CA 	398	 -25.302	 -11.120	  20.861
6370	 CA 	462	 -18.855	 -13.137	   3.531
6406	 CA 	465	 -20.073	 -17.204	   5.777
6933	 CA 	500	 -15.308	 -13.276	  14.445
6980	 CA 	503	 -15.638	 -13.646	   9.811
21341	CLA 	735	 -22.181	   2.935	   2.489
21342	CLA 	736	 -24.759	  -2.913	 -14.895
21344	CLA 	736	  32.187	   5.258	 -10.117
