786	 CA 	110	 -46.623	  -2.984	  35.767
806	 CA 	111	 -48.417	   0.358	  36.018
821	 CA 	112	 -48.926	   3.177	  33.471
894	 CA 	116	 -56.004	   4.131	  35.622
1467	 CA 	151	 -38.597	   2.092	  -3.772
1477	 CA 	152	 -41.598	   2.425	  -6.087
1497	 CA 	153	 -40.491	   6.058	  -7.055
2201	 CA 	197	 -32.316	   6.719	  -7.403
2279	 CA 	202	 -31.169	   3.081	   0.546
2324	 CA 	206	 -30.910	  -1.953	   3.819
2373	 CA 	209	 -23.191	  -0.828	  -1.520
2380	 CA 	210	 -22.165	   2.602	  -2.940
5325	 CA 	395	 -25.637	 -18.369	  20.982
5344	 CA 	396	 -25.581	 -16.414	  24.486
5356	 CA 	397	 -26.318	 -12.941	  22.867
5367	 CA 	398	 -23.837	 -10.865	  20.832
6370	 CA 	462	 -17.979	 -12.984	   3.726
6406	 CA 	465	 -19.336	 -16.991	   6.140
6933	 CA 	500	 -14.258	 -12.715	  15.019
6980	 CA 	503	 -14.716	 -13.162	  10.196
21341	CLA 	735	 -23.132	   2.657	   3.676
21342	CLA 	736	 -24.299	  -2.858	 -15.266
21344	CLA 	736	  39.729	  -6.931	 -40.652
