786	 CA 	110	 -46.722	  -2.241	  31.101
806	 CA 	111	 -48.878	   0.434	  32.685
821	 CA 	112	 -50.460	   3.753	  31.519
894	 CA 	116	 -56.555	   3.286	  35.505
1467	 CA 	151	 -38.044	   2.031	  -4.912
1477	 CA 	152	 -40.896	   2.183	  -7.409
1497	 CA 	153	 -40.336	   5.874	  -8.302
2201	 CA 	197	 -32.113	   7.606	  -8.779
2279	 CA 	202	 -31.609	   3.723	  -1.248
2324	 CA 	206	 -31.044	  -0.841	   2.163
2373	 CA 	209	 -22.716	  -0.144	  -2.321
2380	 CA 	210	 -21.752	   3.319	  -3.606
5325	 CA 	395	 -26.505	 -17.479	  22.511
5344	 CA 	396	 -28.599	 -15.569	  25.175
5356	 CA 	397	 -27.692	 -12.212	  23.589
5367	 CA 	398	 -25.243	 -10.871	  20.953
6370	 CA 	462	 -17.897	 -12.615	   4.095
6406	 CA 	465	 -19.349	 -16.639	   6.248
6933	 CA 	500	 -13.992	 -11.935	  14.954
6980	 CA 	503	 -14.841	 -13.252	  10.346
21341	CLA 	735	 -21.648	   2.864	   1.567
21342	CLA 	736	 -24.957	  -2.960	 -14.634
21344	CLA 	736	  34.377	   3.949	 -10.986
