786	 CA 	110	 -47.073	   1.396	  35.131
806	 CA 	111	 -49.410	   4.142	  36.511
821	 CA 	112	 -52.426	   5.525	  34.452
894	 CA 	116	 -59.564	   1.813	  34.955
1467	 CA 	151	 -38.247	   1.151	  -3.122
1477	 CA 	152	 -41.452	   1.536	  -5.182
1497	 CA 	153	 -40.405	   5.154	  -5.883
2201	 CA 	197	 -32.002	   6.330	  -7.125
2279	 CA 	202	 -30.469	   2.940	   0.585
2324	 CA 	206	 -29.140	  -1.374	   3.499
2373	 CA 	209	 -21.861	  -0.402	  -2.302
2380	 CA 	210	 -20.737	   3.229	  -2.791
5325	 CA 	395	 -19.759	 -19.472	  25.753
5344	 CA 	396	 -23.055	 -20.593	  24.181
5356	 CA 	397	 -24.531	 -17.562	  22.463
5367	 CA 	398	 -22.595	 -14.477	  21.011
6370	 CA 	462	 -16.465	 -12.487	   4.582
6406	 CA 	465	 -17.568	 -16.081	   7.220
6933	 CA 	500	 -11.764	 -11.700	  14.843
6980	 CA 	503	 -12.706	 -12.724	  10.658
21341	CLA 	735	 -18.862	   0.457	  -0.488
21342	CLA 	736	 -25.155	  -1.851	 -15.906
21344	CLA 	736	  28.617	   3.318	 -16.372
