786	 CA 	110	 -45.572	   1.355	  32.800
806	 CA 	111	 -48.207	   3.738	  34.244
821	 CA 	112	 -50.721	   6.129	  32.502
894	 CA 	116	 -56.027	   5.170	  37.742
1467	 CA 	151	 -39.153	   2.667	  -4.005
1477	 CA 	152	 -41.982	   3.696	  -6.315
1497	 CA 	153	 -40.434	   7.288	  -6.635
2201	 CA 	197	 -32.017	   7.523	  -8.276
2279	 CA 	202	 -31.432	   3.608	  -0.327
2324	 CA 	206	 -31.487	  -0.962	   3.109
2373	 CA 	209	 -23.229	  -0.131	  -2.018
2380	 CA 	210	 -22.480	   3.435	  -3.491
5325	 CA 	395	 -25.369	 -16.902	  24.164
5344	 CA 	396	 -28.893	 -15.974	  25.541
5356	 CA 	397	 -28.107	 -12.427	  24.511
5367	 CA 	398	 -25.335	 -11.232	  22.208
6370	 CA 	462	 -18.694	 -12.590	   4.288
6406	 CA 	465	 -20.167	 -16.598	   6.792
6933	 CA 	500	 -14.774	 -11.771	  15.434
6980	 CA 	503	 -15.523	 -12.942	  10.521
21341	CLA 	735	 -22.228	   2.606	   1.354
21342	CLA 	736	 -24.995	  -2.848	 -14.479
21344	CLA 	736	  34.185	   4.108	 -11.694
