786	 CA 	110	 -46.395	  -1.764	  33.555
806	 CA 	111	 -48.503	   1.204	  34.697
821	 CA 	112	 -50.546	   3.941	  33.017
894	 CA 	116	 -57.543	   3.283	  36.296
1467	 CA 	151	 -38.401	   1.000	  -3.387
1477	 CA 	152	 -41.630	   1.533	  -5.565
1497	 CA 	153	 -40.592	   5.262	  -6.122
2201	 CA 	197	 -31.935	   6.774	  -7.793
2279	 CA 	202	 -30.419	   3.374	   0.209
2324	 CA 	206	 -30.774	  -1.864	   3.742
2373	 CA 	209	 -22.580	  -0.282	  -1.409
2380	 CA 	210	 -21.976	   3.250	  -2.792
5325	 CA 	395	 -23.480	 -19.689	  23.263
5344	 CA 	396	 -27.061	 -19.602	  24.414
5356	 CA 	397	 -27.591	 -16.623	  22.067
5367	 CA 	398	 -25.605	 -14.002	  20.061
6370	 CA 	462	 -17.226	 -12.900	   4.010
6406	 CA 	465	 -18.652	 -17.288	   6.228
6933	 CA 	500	 -13.561	 -11.970	  14.609
6980	 CA 	503	 -14.325	 -13.110	  10.188
21341	CLA 	735	 -21.560	   3.207	   2.267
21342	CLA 	736	 -25.026	  -2.132	 -15.152
21344	CLA 	736	  31.979	   6.499	 -13.225
