786	 CA 	110	 -48.302	   1.072	  32.625
806	 CA 	111	 -50.916	   3.642	  33.843
821	 CA 	112	 -53.039	   6.145	  31.722
894	 CA 	116	 -59.964	   4.546	  34.068
1467	 CA 	151	 -38.534	   2.098	  -3.745
1477	 CA 	152	 -41.390	   2.692	  -6.393
1497	 CA 	153	 -40.255	   6.447	  -7.045
2201	 CA 	197	 -31.798	   7.356	  -7.593
2279	 CA 	202	 -31.004	   3.605	  -0.052
2324	 CA 	206	 -30.919	  -0.837	   2.771
2373	 CA 	209	 -22.578	   0.052	  -1.900
2380	 CA 	210	 -21.343	   3.518	  -2.859
5325	 CA 	395	 -24.255	 -18.902	  25.793
5344	 CA 	396	 -27.941	 -19.176	  24.781
5356	 CA 	397	 -28.877	 -15.482	  24.305
5367	 CA 	398	 -26.708	 -13.892	  21.623
6370	 CA 	462	 -18.480	 -12.601	   4.228
6406	 CA 	465	 -20.042	 -16.514	   6.673
6933	 CA 	500	 -14.451	 -12.012	  15.065
6980	 CA 	503	 -15.334	 -13.120	  10.185
21341	CLA 	735	 -22.447	   3.268	   3.221
21342	CLA 	736	 -24.087	  -1.813	 -14.961
21344	CLA 	736	  30.280	   2.971	 -14.516
