786	 CA 	110	 -49.396	   2.459	  34.039
806	 CA 	111	 -51.746	   5.178	  35.192
821	 CA 	112	 -54.253	   6.653	  32.631
894	 CA 	116	 -60.836	   2.451	  33.603
1467	 CA 	151	 -38.777	   0.863	  -3.141
1477	 CA 	152	 -41.903	   1.499	  -5.289
1497	 CA 	153	 -40.702	   5.076	  -5.773
2201	 CA 	197	 -32.139	   6.370	  -7.240
2279	 CA 	202	 -30.887	   2.707	   0.710
2324	 CA 	206	 -30.561	  -2.012	   3.109
2373	 CA 	209	 -22.481	  -0.796	  -1.732
2380	 CA 	210	 -21.581	   2.770	  -2.428
5325	 CA 	395	 -20.841	 -19.890	  25.943
5344	 CA 	396	 -24.617	 -20.349	  24.862
5356	 CA 	397	 -25.655	 -17.010	  23.344
5367	 CA 	398	 -23.158	 -14.840	  21.553
6370	 CA 	462	 -17.408	 -13.030	   4.143
6406	 CA 	465	 -18.467	 -17.101	   6.726
6933	 CA 	500	 -12.512	 -12.496	  15.513
6980	 CA 	503	 -13.899	 -13.287	  10.626
21341	CLA 	735	 -22.642	   1.380	   4.049
21342	CLA 	736	 -24.519	  -1.410	 -15.158
21344	CLA 	736	  30.213	   3.091	 -16.203
