786	 CA 	110	 -46.016	  -2.069	  31.744
806	 CA 	111	 -48.584	   0.419	  32.802
821	 CA 	112	 -50.418	   3.462	  31.540
894	 CA 	116	 -56.134	   3.305	  36.114
1467	 CA 	151	 -38.779	   2.108	  -4.404
1477	 CA 	152	 -41.718	   2.282	  -6.791
1497	 CA 	153	 -40.726	   5.919	  -7.514
2201	 CA 	197	 -32.270	   7.468	  -8.417
2279	 CA 	202	 -31.157	   3.378	  -0.683
2324	 CA 	206	 -31.140	  -1.543	   2.606
2373	 CA 	209	 -22.841	  -0.398	  -2.300
2380	 CA 	210	 -22.026	   3.084	  -3.476
5325	 CA 	395	 -26.312	 -17.523	  23.003
5344	 CA 	396	 -27.959	 -15.777	  25.861
5356	 CA 	397	 -26.705	 -12.583	  24.109
5367	 CA 	398	 -24.236	 -11.260	  21.622
6370	 CA 	462	 -18.308	 -12.755	   4.129
6406	 CA 	465	 -19.661	 -16.717	   6.508
6933	 CA 	500	 -14.864	 -12.125	  15.034
6980	 CA 	503	 -15.590	 -13.021	  10.460
21341	CLA 	735	 -21.495	   3.356	   1.761
21342	CLA 	736	 -25.237	  -2.761	 -14.657
21344	CLA 	736	  34.763	   4.005	 -10.690
