786	 CA 	110	 -47.522	  -1.554	  32.216
806	 CA 	111	 -49.672	   1.397	  33.567
821	 CA 	112	 -51.532	   4.394	  31.924
894	 CA 	116	 -57.860	   4.294	  36.485
1467	 CA 	151	 -38.838	   1.877	  -4.325
1477	 CA 	152	 -41.778	   1.963	  -6.944
1497	 CA 	153	 -40.674	   5.527	  -7.578
2201	 CA 	197	 -32.496	   7.159	  -8.228
2279	 CA 	202	 -31.634	   3.211	  -0.612
2324	 CA 	206	 -31.485	  -1.435	   2.995
2373	 CA 	209	 -22.818	  -0.622	  -1.987
2380	 CA 	210	 -22.188	   3.027	  -3.061
5325	 CA 	395	 -26.885	 -16.583	  21.426
5344	 CA 	396	 -27.769	 -14.426	  24.386
5356	 CA 	397	 -27.508	 -11.373	  22.176
5367	 CA 	398	 -24.009	 -10.029	  21.199
6370	 CA 	462	 -18.333	 -12.930	   4.397
6406	 CA 	465	 -19.855	 -16.625	   6.338
6933	 CA 	500	 -14.749	 -12.064	  15.168
6980	 CA 	503	 -15.461	 -12.890	  10.447
21341	CLA 	735	 -21.033	   2.965	   1.309
21342	CLA 	736	 -24.553	  -2.724	 -15.007
21344	CLA 	736	  33.316	   5.478	  -9.759
