786	 CA 	110	 -46.047	  -0.974	  32.597
806	 CA 	111	 -47.832	   1.722	  34.637
821	 CA 	112	 -49.692	   4.678	  33.008
894	 CA 	116	 -56.560	   5.579	  36.376
1467	 CA 	151	 -38.189	   2.528	  -4.199
1477	 CA 	152	 -41.336	   2.967	  -6.385
1497	 CA 	153	 -40.250	   6.537	  -7.164
2201	 CA 	197	 -31.932	   7.347	  -8.126
2279	 CA 	202	 -30.950	   4.102	  -0.272
2324	 CA 	206	 -30.979	  -0.881	   3.482
2373	 CA 	209	 -22.721	   0.061	  -1.903
2380	 CA 	210	 -21.950	   3.726	  -3.030
5325	 CA 	395	 -24.417	 -17.134	  24.015
5344	 CA 	396	 -28.111	 -16.700	  24.778
5356	 CA 	397	 -28.395	 -13.309	  22.939
5367	 CA 	398	 -25.971	 -10.925	  21.074
6370	 CA 	462	 -18.169	 -11.966	   4.836
6406	 CA 	465	 -19.336	 -15.852	   7.203
6933	 CA 	500	 -13.514	 -10.876	  15.653
6980	 CA 	503	 -14.711	 -12.220	  11.292
21341	CLA 	735	 -21.851	   3.542	   2.341
21342	CLA 	736	 -24.250	  -2.456	 -14.567
21344	CLA 	736	  34.422	   3.998	 -13.198
