786	 CA 	110	 -47.613	  -4.422	  34.555
806	 CA 	111	 -48.728	  -1.041	  35.683
821	 CA 	112	 -49.392	   2.410	  34.020
894	 CA 	116	 -56.740	   3.572	  36.533
1467	 CA 	151	 -38.893	   2.150	  -3.691
1477	 CA 	152	 -41.736	   2.707	  -6.148
1497	 CA 	153	 -40.482	   6.234	  -6.936
2201	 CA 	197	 -32.178	   6.742	  -7.729
2279	 CA 	202	 -31.662	   3.365	   0.167
2324	 CA 	206	 -30.965	  -2.502	   2.706
2373	 CA 	209	 -22.961	  -0.667	  -2.461
2380	 CA 	210	 -21.299	   2.815	  -2.552
5325	 CA 	395	 -27.329	 -16.739	  19.952
5344	 CA 	396	 -27.550	 -14.081	  22.853
5356	 CA 	397	 -27.935	 -10.702	  20.892
5367	 CA 	398	 -24.863	 -10.150	  18.779
6370	 CA 	462	 -17.943	 -13.349	   3.694
6406	 CA 	465	 -19.378	 -17.645	   5.964
6933	 CA 	500	 -14.286	 -12.459	  14.465
6980	 CA 	503	 -15.087	 -13.361	   9.838
21341	CLA 	735	 -22.648	   3.322	   3.592
21342	CLA 	736	 -24.129	  -2.347	 -15.302
21344	CLA 	736	  34.979	   6.489	 -13.907
