786	 CA 	110	 -49.498	  -0.723	  33.167
806	 CA 	111	 -51.978	   1.825	  34.673
821	 CA 	112	 -54.214	   3.901	  32.396
894	 CA 	116	 -61.236	   3.152	  33.923
1467	 CA 	151	 -38.708	   2.463	  -3.708
1477	 CA 	152	 -41.551	   3.014	  -6.168
1497	 CA 	153	 -40.389	   6.730	  -6.409
2201	 CA 	197	 -31.801	   7.450	  -7.419
2279	 CA 	202	 -30.802	   3.907	   0.356
2324	 CA 	206	 -30.922	  -0.814	   3.647
2373	 CA 	209	 -22.764	  -0.423	  -2.281
2380	 CA 	210	 -22.183	   3.368	  -2.896
5325	 CA 	395	 -23.184	 -20.040	  25.175
5344	 CA 	396	 -26.910	 -19.532	  24.084
5356	 CA 	397	 -27.849	 -16.257	  22.330
5367	 CA 	398	 -25.028	 -14.772	  20.120
6370	 CA 	462	 -18.218	 -12.493	   4.268
6406	 CA 	465	 -19.613	 -16.451	   6.760
6933	 CA 	500	 -14.307	 -12.719	  15.322
6980	 CA 	503	 -15.068	 -12.877	  10.500
21341	CLA 	735	 -23.304	   3.382	   3.218
21342	CLA 	736	 -24.650	  -1.920	 -15.115
21344	CLA 	736	  29.567	   1.545	 -12.892
