786	 CA 	110	 -45.148	  -4.226	  34.223
806	 CA 	111	 -47.363	  -1.407	  35.356
821	 CA 	112	 -49.056	   1.649	  34.027
894	 CA 	116	 -55.532	   0.423	  37.119
1467	 CA 	151	 -38.973	   1.697	  -3.837
1477	 CA 	152	 -41.706	   2.764	  -6.403
1497	 CA 	153	 -40.438	   6.335	  -6.827
2201	 CA 	197	 -32.370	   7.504	  -8.248
2279	 CA 	202	 -31.767	   3.934	  -0.421
2324	 CA 	206	 -32.227	  -1.089	   2.538
2373	 CA 	209	 -23.382	  -0.356	  -2.271
2380	 CA 	210	 -22.129	   3.176	  -3.039
5325	 CA 	395	 -27.111	 -17.629	  20.642
5344	 CA 	396	 -26.801	 -15.234	  23.653
5356	 CA 	397	 -27.430	 -12.021	  21.498
5367	 CA 	398	 -24.420	 -10.381	  19.905
6370	 CA 	462	 -18.475	 -13.261	   3.387
6406	 CA 	465	 -19.497	 -17.488	   5.769
6933	 CA 	500	 -15.069	 -12.697	  14.869
6980	 CA 	503	 -15.467	 -13.608	  10.013
21341	CLA 	735	 -24.366	   3.376	   3.039
21342	CLA 	736	 -24.933	  -3.001	 -14.725
21344	CLA 	736	  36.065	   7.609	 -12.162
