786	 CA 	110	 -44.452	   1.180	  36.660
806	 CA 	111	 -47.310	   3.695	  37.540
821	 CA 	112	 -49.984	   5.285	  35.319
894	 CA 	116	 -57.270	   4.668	  37.426
1467	 CA 	151	 -38.616	   2.885	  -3.712
1477	 CA 	152	 -41.578	   3.493	  -6.067
1497	 CA 	153	 -40.043	   7.104	  -6.580
2201	 CA 	197	 -31.845	   7.004	  -7.267
2279	 CA 	202	 -30.920	   3.698	   0.704
2324	 CA 	206	 -30.823	  -1.820	   4.620
2373	 CA 	209	 -22.641	  -0.039	  -1.182
2380	 CA 	210	 -22.100	   3.062	  -3.283
5325	 CA 	395	 -26.246	 -15.985	  22.415
5344	 CA 	396	 -25.768	 -13.826	  25.595
5356	 CA 	397	 -25.403	 -10.690	  23.252
5367	 CA 	398	 -22.332	  -9.335	  21.528
6370	 CA 	462	 -18.368	 -12.467	   4.692
6406	 CA 	465	 -19.786	 -16.686	   7.217
6933	 CA 	500	 -14.562	 -12.238	  15.712
6980	 CA 	503	 -14.996	 -12.847	  10.927
21341	CLA 	735	 -23.344	   3.229	   3.958
21342	CLA 	736	 -24.208	  -2.788	 -14.699
21344	CLA 	736	  17.655	  29.973	 -41.858
