786	 CA 	110	 -45.947	  -2.150	  32.461
806	 CA 	111	 -47.575	   0.988	  33.931
821	 CA 	112	 -49.832	   3.965	  32.735
894	 CA 	116	 -55.520	   2.701	  37.092
1467	 CA 	151	 -38.824	   0.852	  -3.643
1477	 CA 	152	 -42.036	   1.815	  -5.790
1497	 CA 	153	 -40.915	   5.544	  -6.470
2201	 CA 	197	 -32.029	   6.429	  -7.909
2279	 CA 	202	 -30.702	   3.130	   0.153
2324	 CA 	206	 -30.474	  -2.064	   3.372
2373	 CA 	209	 -22.513	  -0.662	  -2.007
2380	 CA 	210	 -21.713	   2.980	  -2.906
5325	 CA 	395	 -22.937	 -19.867	  23.524
5344	 CA 	396	 -26.665	 -19.677	  23.986
5356	 CA 	397	 -27.485	 -16.497	  22.295
5367	 CA 	398	 -25.236	 -14.063	  20.324
6370	 CA 	462	 -17.472	 -13.076	   3.893
6406	 CA 	465	 -18.691	 -17.128	   6.215
6933	 CA 	500	 -13.238	 -11.858	  14.912
6980	 CA 	503	 -14.223	 -13.442	  10.256
21341	CLA 	735	 -21.247	   2.946	   2.241
21342	CLA 	736	 -24.882	  -2.255	 -15.084
21344	CLA 	736	  31.882	   5.850	 -14.770
