786	 CA 	110	 -45.132	  -1.243	  33.909
806	 CA 	111	 -47.763	   1.453	  34.915
821	 CA 	112	 -49.472	   4.072	  32.898
894	 CA 	116	 -55.236	   3.887	  35.822
1467	 CA 	151	 -39.341	   2.037	  -4.344
1477	 CA 	152	 -41.965	   2.510	  -6.950
1497	 CA 	153	 -40.670	   6.081	  -7.653
2201	 CA 	197	 -32.620	   6.531	  -8.203
2279	 CA 	202	 -32.072	   3.439	  -0.217
2324	 CA 	206	 -30.706	  -1.213	   3.359
2373	 CA 	209	 -23.220	   0.089	  -1.644
2380	 CA 	210	 -22.262	   3.440	  -2.982
5325	 CA 	395	 -26.110	 -17.370	  22.100
5344	 CA 	396	 -26.715	 -15.156	  25.154
5356	 CA 	397	 -26.120	 -11.911	  23.218
5367	 CA 	398	 -22.874	 -10.622	  21.646
6370	 CA 	462	 -18.076	 -12.748	   4.460
6406	 CA 	465	 -19.292	 -16.850	   6.411
6933	 CA 	500	 -14.448	 -12.428	  15.518
6980	 CA 	503	 -15.003	 -13.175	  10.718
21341	CLA 	735	 -23.634	   3.734	   3.565
21342	CLA 	736	 -24.662	  -2.719	 -15.465
21344	CLA 	736	  31.564	   7.006	 -19.110
