786	 CA 	110	 -48.059	  -1.560	  32.812
806	 CA 	111	 -50.303	   1.410	  33.548
821	 CA 	112	 -52.215	   3.697	  31.272
894	 CA 	116	 -57.143	   3.727	  35.405
1467	 CA 	151	 -38.676	   1.674	  -4.590
1477	 CA 	152	 -41.779	   2.127	  -6.790
1497	 CA 	153	 -40.744	   5.678	  -7.734
2201	 CA 	197	 -32.254	   6.804	  -8.289
2279	 CA 	202	 -31.740	   3.222	  -0.365
2324	 CA 	206	 -31.582	  -1.568	   2.585
2373	 CA 	209	 -22.991	  -0.587	  -2.255
2380	 CA 	210	 -22.371	   3.051	  -3.196
5325	 CA 	395	 -26.093	 -16.908	  20.790
5344	 CA 	396	 -26.672	 -14.478	  23.751
5356	 CA 	397	 -26.317	 -11.334	  21.542
5367	 CA 	398	 -23.017	  -9.818	  20.523
6370	 CA 	462	 -18.118	 -12.324	   4.147
6406	 CA 	465	 -18.893	 -16.631	   6.211
6933	 CA 	500	 -14.481	 -12.196	  15.513
6980	 CA 	503	 -14.797	 -12.879	  10.685
21341	CLA 	735	 -23.643	   3.646	   3.080
21342	CLA 	736	 -25.358	  -3.034	 -14.712
21344	CLA 	736	  34.059	   6.429	 -10.348
