786	 CA 	110	 -46.682	   1.142	  35.158
806	 CA 	111	 -49.768	   2.839	  36.640
821	 CA 	112	 -52.251	   5.602	  35.306
894	 CA 	116	 -57.477	   1.071	  38.362
1467	 CA 	151	 -38.894	   1.728	  -3.774
1477	 CA 	152	 -41.813	   2.315	  -6.089
1497	 CA 	153	 -40.557	   5.886	  -6.659
2201	 CA 	197	 -32.164	   6.726	  -7.152
2279	 CA 	202	 -31.281	   2.725	   0.638
2324	 CA 	206	 -30.665	  -1.525	   4.134
2373	 CA 	209	 -22.811	  -0.540	  -1.241
2380	 CA 	210	 -22.203	   2.975	  -2.833
5325	 CA 	395	 -22.842	 -17.785	  23.108
5344	 CA 	396	 -22.126	 -15.337	  26.020
5356	 CA 	397	 -22.959	 -12.384	  23.606
5367	 CA 	398	 -20.711	 -10.438	  21.155
6370	 CA 	462	 -17.510	 -13.425	   4.557
6406	 CA 	465	 -18.675	 -17.093	   7.429
6933	 CA 	500	 -12.278	 -12.350	  15.443
6980	 CA 	503	 -13.706	 -13.328	  10.710
21341	CLA 	735	 -22.864	   3.104	   4.097
21342	CLA 	736	 -24.441	  -3.138	 -14.970
21344	CLA 	736	  24.682	  54.683	 -29.752
