786	 CA 	110	 -45.484	  -3.087	  33.739
806	 CA 	111	 -47.850	  -0.118	  34.805
821	 CA 	112	 -49.372	   2.842	  32.966
894	 CA 	116	 -55.723	   2.862	  36.393
1467	 CA 	151	 -39.095	   2.697	  -4.245
1477	 CA 	152	 -41.991	   3.252	  -6.612
1497	 CA 	153	 -40.753	   6.844	  -7.282
2201	 CA 	197	 -32.653	   7.590	  -8.495
2279	 CA 	202	 -32.050	   3.873	  -0.512
2324	 CA 	206	 -32.461	  -0.769	   2.632
2373	 CA 	209	 -23.593	  -0.333	  -2.469
2380	 CA 	210	 -21.873	   3.056	  -3.275
5325	 CA 	395	 -27.647	 -17.639	  20.350
5344	 CA 	396	 -27.773	 -14.942	  23.258
5356	 CA 	397	 -27.947	 -12.034	  20.666
5367	 CA 	398	 -24.434	 -11.077	  19.305
6370	 CA 	462	 -19.003	 -12.634	   3.301
6406	 CA 	465	 -19.814	 -17.217	   5.611
6933	 CA 	500	 -15.800	 -12.615	  15.061
6980	 CA 	503	 -16.072	 -13.392	  10.208
21341	CLA 	735	 -23.696	   3.370	   2.930
21342	CLA 	736	 -24.170	  -2.087	 -15.018
21344	CLA 	736	  34.206	   5.481	 -12.927
