786	 CA 	110	 -46.280	  -0.013	  32.889
806	 CA 	111	 -48.308	   2.675	  34.663
821	 CA 	112	 -50.572	   5.314	  33.172
894	 CA 	116	 -56.433	   5.892	  37.339
1467	 CA 	151	 -39.532	   2.243	  -4.311
1477	 CA 	152	 -42.375	   2.872	  -6.671
1497	 CA 	153	 -41.126	   6.611	  -7.134
2201	 CA 	197	 -32.212	   7.005	  -8.522
2279	 CA 	202	 -31.750	   4.013	  -0.575
2324	 CA 	206	 -31.422	  -0.491	   2.637
2373	 CA 	209	 -23.314	  -0.058	  -2.118
2380	 CA 	210	 -22.233	   3.449	  -3.044
5325	 CA 	395	 -25.175	 -17.381	  23.902
5344	 CA 	396	 -28.755	 -16.626	  24.932
5356	 CA 	397	 -28.411	 -13.061	  23.544
5367	 CA 	398	 -25.594	 -11.159	  21.627
6370	 CA 	462	 -18.702	 -12.513	   4.315
6406	 CA 	465	 -20.167	 -16.533	   6.699
6933	 CA 	500	 -14.140	 -11.768	  15.328
6980	 CA 	503	 -15.514	 -12.972	  10.624
21341	CLA 	735	 -21.793	   3.073	   1.442
21342	CLA 	736	 -25.135	  -2.832	 -14.200
21344	CLA 	736	  34.262	   5.222	 -10.991
