786	 CA 	110	 -45.411	  -1.679	  34.705
806	 CA 	111	 -48.016	   0.906	  35.917
821	 CA 	112	 -49.775	   3.679	  34.006
894	 CA 	116	 -55.049	   2.826	  36.519
1467	 CA 	151	 -38.354	   2.469	  -3.888
1477	 CA 	152	 -41.428	   2.862	  -6.198
1497	 CA 	153	 -40.337	   6.455	  -6.893
2201	 CA 	197	 -31.780	   7.011	  -7.746
2279	 CA 	202	 -31.505	   3.577	   0.052
2324	 CA 	206	 -30.475	  -1.604	   3.032
2373	 CA 	209	 -22.800	  -0.426	  -2.154
2380	 CA 	210	 -21.548	   3.122	  -2.883
5325	 CA 	395	 -25.203	 -17.243	  22.459
5344	 CA 	396	 -24.949	 -14.863	  25.492
5356	 CA 	397	 -24.378	 -11.687	  23.479
5367	 CA 	398	 -21.966	 -10.338	  20.891
6370	 CA 	462	 -17.472	 -12.483	   4.226
6406	 CA 	465	 -19.213	 -16.844	   6.781
6933	 CA 	500	 -13.943	 -12.733	  15.593
6980	 CA 	503	 -14.504	 -13.336	  10.636
21341	CLA 	735	 -23.612	   3.186	   2.789
21342	CLA 	736	 -24.263	  -2.204	 -15.632
21344	CLA 	736	  35.171	   7.737	 -15.101
