786	 CA 	110	 -47.248	  -2.961	  32.276
806	 CA 	111	 -49.714	  -0.317	  33.499
821	 CA 	112	 -51.543	   2.504	  31.520
894	 CA 	116	 -58.238	   3.312	  34.162
1467	 CA 	151	 -38.298	   1.144	  -3.690
1477	 CA 	152	 -41.360	   1.774	  -5.841
1497	 CA 	153	 -40.510	   5.391	  -6.629
2201	 CA 	197	 -31.920	   6.724	  -7.787
2279	 CA 	202	 -30.606	   3.941	   0.276
2324	 CA 	206	 -30.851	  -1.645	   3.280
2373	 CA 	209	 -22.005	  -0.431	  -1.618
2380	 CA 	210	 -21.910	   3.247	  -2.764
5325	 CA 	395	 -24.206	 -18.478	  23.619
5344	 CA 	396	 -28.002	 -18.027	  24.240
5356	 CA 	397	 -27.864	 -14.728	  22.376
5367	 CA 	398	 -25.391	 -12.834	  20.201
6370	 CA 	462	 -17.658	 -13.147	   4.383
6406	 CA 	465	 -19.163	 -16.755	   6.880
6933	 CA 	500	 -13.127	 -12.072	  15.206
6980	 CA 	503	 -14.279	 -13.078	  10.519
21341	CLA 	735	 -21.282	   3.220	   2.354
21342	CLA 	736	 -24.740	  -2.595	 -14.915
21344	CLA 	736	  32.730	   6.997	 -13.637
