786	 CA 	110	 -48.981	   2.674	  34.777
806	 CA 	111	 -50.748	   5.888	  35.796
821	 CA 	112	 -52.685	   7.025	  32.712
894	 CA 	116	 -59.735	   3.432	  33.978
1467	 CA 	151	 -38.538	   1.374	  -3.217
1477	 CA 	152	 -41.880	   1.989	  -5.038
1497	 CA 	153	 -40.663	   5.558	  -5.772
2201	 CA 	197	 -32.387	   6.259	  -6.863
2279	 CA 	202	 -30.408	   3.313	   0.967
2324	 CA 	206	 -30.231	  -1.914	   3.738
2373	 CA 	209	 -21.882	  -0.431	  -1.625
2380	 CA 	210	 -21.570	   3.060	  -2.995
5325	 CA 	395	 -21.205	 -20.540	  25.168
5344	 CA 	396	 -24.798	 -20.063	  24.460
5356	 CA 	397	 -25.415	 -16.749	  22.653
5367	 CA 	398	 -22.757	 -14.598	  21.010
6370	 CA 	462	 -17.391	 -12.279	   3.914
6406	 CA 	465	 -18.551	 -16.296	   6.570
6933	 CA 	500	 -12.000	 -13.068	  15.445
6980	 CA 	503	 -13.035	 -14.334	  10.675
21341	CLA 	735	 -20.092	   3.086	   2.332
21342	CLA 	736	 -24.815	  -1.753	 -14.804
21344	CLA 	736	  29.923	   2.469	 -16.269
