786	 CA 	110	 -45.543	  -0.255	  34.780
806	 CA 	111	 -47.255	   2.939	  35.934
821	 CA 	112	 -49.091	   5.649	  34.043
894	 CA 	116	 -57.037	   5.179	  35.750
1467	 CA 	151	 -38.824	   2.068	  -4.405
1477	 CA 	152	 -41.522	   2.922	  -6.893
1497	 CA 	153	 -40.166	   6.362	  -7.605
2201	 CA 	197	 -31.848	   6.099	  -7.654
2279	 CA 	202	 -31.164	   2.965	   0.638
2324	 CA 	206	 -31.112	  -1.106	   4.135
2373	 CA 	209	 -22.990	  -0.127	  -0.911
2380	 CA 	210	 -22.129	   3.114	  -2.466
5325	 CA 	395	 -25.765	 -16.067	  23.104
5344	 CA 	396	 -26.197	 -13.438	  25.816
5356	 CA 	397	 -25.531	 -10.787	  23.073
5367	 CA 	398	 -22.432	  -9.414	  21.396
6370	 CA 	462	 -17.977	 -12.818	   4.752
6406	 CA 	465	 -19.664	 -16.729	   7.340
6933	 CA 	500	 -13.118	 -12.345	  15.804
6980	 CA 	503	 -14.656	 -13.542	  11.000
21341	CLA 	735	 -24.350	   3.983	   4.622
21342	CLA 	736	 -24.048	  -3.157	 -14.576
21344	CLA 	736	  21.578	  24.198	 -43.651
