786	 CA 	110	 -45.754	  -2.920	  34.713
806	 CA 	111	 -47.351	   0.145	  36.495
821	 CA 	112	 -48.476	   3.587	  34.938
894	 CA 	116	 -55.452	   5.626	  36.647
1467	 CA 	151	 -38.682	   3.131	  -3.514
1477	 CA 	152	 -41.728	   3.134	  -5.867
1497	 CA 	153	 -40.363	   6.642	  -6.881
2201	 CA 	197	 -32.165	   7.162	  -7.782
2279	 CA 	202	 -31.698	   3.971	   0.271
2324	 CA 	206	 -30.549	  -1.225	   2.619
2373	 CA 	209	 -23.036	  -0.416	  -2.764
2380	 CA 	210	 -21.336	   2.968	  -2.835
5325	 CA 	395	 -25.748	 -16.113	  21.095
5344	 CA 	396	 -25.984	 -13.441	  24.006
5356	 CA 	397	 -26.789	 -10.580	  21.515
5367	 CA 	398	 -24.037	  -9.087	  19.330
6370	 CA 	462	 -18.003	 -12.952	   3.816
6406	 CA 	465	 -19.339	 -17.262	   6.402
6933	 CA 	500	 -13.963	 -12.110	  15.273
6980	 CA 	503	 -14.775	 -13.301	  10.562
21341	CLA 	735	 -22.018	   3.839	   3.336
21342	CLA 	736	 -24.575	  -2.566	 -14.970
21344	CLA 	736	  34.027	   5.934	 -17.192
