786	 CA 	110	 -44.885	  -0.545	  34.677
806	 CA 	111	 -46.918	   2.790	  34.901
821	 CA 	112	 -49.255	   4.964	  32.686
894	 CA 	116	 -55.267	   5.657	  36.028
1467	 CA 	151	 -38.878	   3.107	  -4.450
1477	 CA 	152	 -41.715	   3.914	  -6.841
1497	 CA 	153	 -40.199	   7.450	  -7.302
2201	 CA 	197	 -32.359	   7.555	  -7.891
2279	 CA 	202	 -31.851	   3.553	   0.318
2324	 CA 	206	 -30.822	  -1.388	   3.396
2373	 CA 	209	 -22.990	  -0.047	  -1.986
2380	 CA 	210	 -21.805	   3.421	  -2.943
5325	 CA 	395	 -26.473	 -17.544	  21.542
5344	 CA 	396	 -26.421	 -15.669	  24.888
5356	 CA 	397	 -26.709	 -12.412	  22.851
5367	 CA 	398	 -23.674	 -10.539	  21.569
6370	 CA 	462	 -17.953	 -12.756	   4.122
6406	 CA 	465	 -19.324	 -16.817	   6.484
6933	 CA 	500	 -14.617	 -11.876	  15.583
6980	 CA 	503	 -15.259	 -12.790	  10.783
21341	CLA 	735	 -23.789	   3.548	   2.865
21342	CLA 	736	 -24.215	  -2.574	 -15.233
21344	CLA 	736	  35.539	   2.756	 -22.001
