786	 CA 	110	 -46.338	  -1.664	  32.434
806	 CA 	111	 -48.213	   1.477	  33.908
821	 CA 	112	 -50.293	   4.375	  32.451
894	 CA 	116	 -56.039	   3.206	  36.407
1467	 CA 	151	 -38.487	   0.790	  -3.809
1477	 CA 	152	 -41.611	   1.858	  -5.804
1497	 CA 	153	 -40.147	   5.330	  -6.304
2201	 CA 	197	 -32.043	   6.365	  -8.110
2279	 CA 	202	 -31.031	   3.028	  -0.145
2324	 CA 	206	 -30.888	  -1.910	   3.326
2373	 CA 	209	 -22.761	  -0.558	  -2.081
2380	 CA 	210	 -22.162	   3.133	  -2.987
5325	 CA 	395	 -23.318	 -19.891	  23.532
5344	 CA 	396	 -27.035	 -19.493	  24.187
5356	 CA 	397	 -27.596	 -16.302	  22.092
5367	 CA 	398	 -25.277	 -13.931	  20.224
6370	 CA 	462	 -17.538	 -12.811	   4.310
6406	 CA 	465	 -18.447	 -17.138	   6.692
6933	 CA 	500	 -13.427	 -11.967	  14.896
6980	 CA 	503	 -14.171	 -13.344	  10.446
21341	CLA 	735	 -21.453	   2.977	   2.396
21342	CLA 	736	 -24.228	  -2.154	 -15.546
21344	CLA 	736	  32.045	   6.441	 -14.118
