786	 CA 	110	 -45.264	  -5.296	  32.779
806	 CA 	111	 -47.021	  -2.679	  34.907
821	 CA 	112	 -48.066	   0.735	  34.187
894	 CA 	116	 -54.361	   1.015	  38.698
1467	 CA 	151	 -38.599	   2.768	  -3.756
1477	 CA 	152	 -41.338	   3.259	  -6.276
1497	 CA 	153	 -39.752	   6.688	  -7.064
2201	 CA 	197	 -31.787	   7.397	  -7.729
2279	 CA 	202	 -31.397	   3.611	  -0.060
2324	 CA 	206	 -32.023	  -1.556	   2.474
2373	 CA 	209	 -22.849	  -0.461	  -2.183
2380	 CA 	210	 -22.004	   3.054	  -3.281
5325	 CA 	395	 -25.928	 -17.702	  22.150
5344	 CA 	396	 -26.416	 -15.090	  25.023
5356	 CA 	397	 -27.242	 -12.089	  22.807
5367	 CA 	398	 -23.914	 -10.952	  21.205
6370	 CA 	462	 -18.016	 -13.004	   3.782
6406	 CA 	465	 -19.421	 -17.160	   6.061
6933	 CA 	500	 -14.990	 -12.536	  15.034
6980	 CA 	503	 -15.109	 -13.376	  10.306
21341	CLA 	735	 -24.107	   3.070	   3.342
21342	CLA 	736	 -24.516	  -2.834	 -14.796
21344	CLA 	736	  35.905	   7.152	 -12.083
