786	 CA 	110	 -46.450	   0.781	  32.348
806	 CA 	111	 -48.539	   3.765	  33.675
821	 CA 	112	 -50.747	   6.370	  31.975
894	 CA 	116	 -56.872	   6.511	  36.463
1467	 CA 	151	 -39.645	   2.183	  -4.899
1477	 CA 	152	 -42.329	   3.080	  -7.525
1497	 CA 	153	 -40.912	   6.609	  -7.851
2201	 CA 	197	 -32.590	   7.595	  -8.824
2279	 CA 	202	 -31.905	   3.818	  -1.038
2324	 CA 	206	 -31.281	  -0.265	   2.595
2373	 CA 	209	 -23.203	   0.303	  -1.712
2380	 CA 	210	 -22.415	   3.698	  -3.353
5325	 CA 	395	 -25.248	 -16.487	  24.699
5344	 CA 	396	 -28.913	 -15.437	  25.192
5356	 CA 	397	 -28.053	 -11.964	  23.957
5367	 CA 	398	 -25.000	 -11.179	  21.880
6370	 CA 	462	 -18.844	 -12.219	   4.412
6406	 CA 	465	 -20.202	 -16.091	   6.969
6933	 CA 	500	 -15.159	 -11.362	  15.674
6980	 CA 	503	 -15.744	 -12.473	  10.995
21341	CLA 	735	 -21.652	   3.522	   0.973
21342	CLA 	736	 -24.854	  -2.487	 -15.062
21344	CLA 	736	  34.192	   4.386	 -11.309
