786	 CA 	110	 -45.294	  -3.609	  33.124
806	 CA 	111	 -46.378	  -1.013	  35.735
821	 CA 	112	 -47.872	   2.023	  33.899
894	 CA 	116	 -54.398	   2.463	  37.165
1467	 CA 	151	 -39.138	   2.923	  -4.259
1477	 CA 	152	 -42.015	   3.575	  -6.666
1497	 CA 	153	 -40.745	   7.082	  -7.318
2201	 CA 	197	 -32.229	   7.753	  -8.428
2279	 CA 	202	 -31.924	   4.375	  -0.151
2324	 CA 	206	 -31.705	  -0.527	   2.506
2373	 CA 	209	 -23.562	  -0.355	  -2.487
2380	 CA 	210	 -22.080	   3.180	  -3.011
5325	 CA 	395	 -26.869	 -16.894	  20.548
5344	 CA 	396	 -27.295	 -14.428	  23.459
5356	 CA 	397	 -26.830	 -11.417	  21.129
5367	 CA 	398	 -23.415	 -10.325	  19.849
6370	 CA 	462	 -18.684	 -13.180	   3.300
6406	 CA 	465	 -20.008	 -17.215	   5.863
6933	 CA 	500	 -14.871	 -12.283	  14.767
6980	 CA 	503	 -15.626	 -13.157	   9.859
21341	CLA 	735	 -23.698	   3.814	   2.718
21342	CLA 	736	 -25.242	  -2.581	 -15.062
21344	CLA 	736	  31.165	   6.162	 -14.405
