786	 CA 	110	 -48.198	  -3.070	  33.095
806	 CA 	111	 -50.445	  -0.012	  33.721
821	 CA 	112	 -51.957	   3.120	  31.970
894	 CA 	116	 -57.820	   3.017	  36.155
1467	 CA 	151	 -39.044	   1.965	  -3.940
1477	 CA 	152	 -41.945	   2.545	  -6.330
1497	 CA 	153	 -40.562	   6.230	  -6.832
2201	 CA 	197	 -32.586	   7.160	  -7.688
2279	 CA 	202	 -31.784	   3.204	  -0.180
2324	 CA 	206	 -31.440	  -1.484	   3.197
2373	 CA 	209	 -23.248	  -0.314	  -2.258
2380	 CA 	210	 -22.203	   3.090	  -3.698
5325	 CA 	395	 -26.633	 -17.728	  21.215
5344	 CA 	396	 -25.516	 -15.158	  23.774
5356	 CA 	397	 -25.911	 -12.292	  21.247
5367	 CA 	398	 -22.887	 -11.020	  19.237
6370	 CA 	462	 -18.421	 -12.661	   3.556
6406	 CA 	465	 -19.404	 -16.950	   6.043
6933	 CA 	500	 -14.911	 -12.775	  15.300
6980	 CA 	503	 -15.526	 -13.204	  10.470
21341	CLA 	735	 -23.584	   2.897	   3.480
21342	CLA 	736	 -25.239	  -2.157	 -15.239
21344	CLA 	736	  35.405	   7.032	 -13.885
