786	 CA 	110	 -45.971	  -5.104	  33.363
806	 CA 	111	 -47.336	  -2.304	  35.462
821	 CA 	112	 -48.731	   0.759	  33.725
894	 CA 	116	 -55.071	   0.811	  37.313
1467	 CA 	151	 -39.294	   2.912	  -4.716
1477	 CA 	152	 -42.361	   3.181	  -7.028
1497	 CA 	153	 -41.031	   6.703	  -8.019
2201	 CA 	197	 -32.299	   7.126	  -8.274
2279	 CA 	202	 -31.792	   3.674	  -0.322
2324	 CA 	206	 -31.611	  -2.036	   2.280
2373	 CA 	209	 -22.960	  -0.414	  -2.167
2380	 CA 	210	 -21.625	   3.094	  -2.929
5325	 CA 	395	 -25.746	 -16.406	  22.185
5344	 CA 	396	 -26.313	 -13.568	  24.833
5356	 CA 	397	 -26.274	 -10.692	  22.271
5367	 CA 	398	 -22.705	  -9.940	  21.074
6370	 CA 	462	 -18.537	 -12.099	   4.038
6406	 CA 	465	 -19.636	 -16.691	   6.178
6933	 CA 	500	 -14.419	 -12.194	  14.999
6980	 CA 	503	 -15.190	 -13.362	  10.424
21341	CLA 	735	 -23.675	   2.706	   3.319
21342	CLA 	736	 -23.995	  -3.025	 -15.160
21344	CLA 	736	  32.672	   7.139	 -17.250
