786	 CA 	110	 -46.375	  -0.765	  31.989
806	 CA 	111	 -48.668	   1.989	  33.451
821	 CA 	112	 -50.542	   5.056	  32.075
894	 CA 	116	 -56.287	   5.568	  36.889
1467	 CA 	151	 -38.913	   2.022	  -4.747
1477	 CA 	152	 -41.896	   2.399	  -7.167
1497	 CA 	153	 -40.712	   6.037	  -7.989
2201	 CA 	197	 -32.261	   7.304	  -8.892
2279	 CA 	202	 -31.456	   3.857	  -1.109
2324	 CA 	206	 -31.014	  -0.809	   3.040
2373	 CA 	209	 -22.972	  -0.480	  -2.213
2380	 CA 	210	 -22.267	   3.162	  -3.310
5325	 CA 	395	 -25.762	 -17.208	  24.303
5344	 CA 	396	 -29.326	 -16.013	  25.200
5356	 CA 	397	 -28.352	 -12.412	  23.958
5367	 CA 	398	 -25.583	 -10.979	  21.866
6370	 CA 	462	 -18.659	 -12.821	   4.381
6406	 CA 	465	 -20.172	 -16.789	   6.664
6933	 CA 	500	 -15.029	 -11.712	  15.356
6980	 CA 	503	 -15.706	 -12.926	  10.672
21341	CLA 	735	 -21.820	   2.885	   1.564
21342	CLA 	736	 -24.874	  -2.776	 -14.389
21344	CLA 	736	  35.236	   4.452	 -10.713
