786	 CA 	110	 -47.003	  -1.868	  32.654
806	 CA 	111	 -49.404	   0.865	  33.949
821	 CA 	112	 -50.792	   3.999	  32.099
894	 CA 	116	 -57.031	   3.675	  35.934
1467	 CA 	151	 -38.977	   1.751	  -4.172
1477	 CA 	152	 -41.812	   2.491	  -6.586
1497	 CA 	153	 -40.698	   6.102	  -6.980
2201	 CA 	197	 -32.501	   7.242	  -8.143
2279	 CA 	202	 -31.579	   3.585	  -0.446
2324	 CA 	206	 -31.059	  -1.097	   2.888
2373	 CA 	209	 -22.735	  -0.452	  -2.082
2380	 CA 	210	 -22.147	   3.012	  -3.400
5325	 CA 	395	 -26.525	 -17.795	  21.838
5344	 CA 	396	 -27.792	 -15.546	  24.629
5356	 CA 	397	 -26.885	 -12.092	  22.996
5367	 CA 	398	 -23.789	 -10.421	  21.450
6370	 CA 	462	 -18.063	 -12.696	   3.747
6406	 CA 	465	 -19.240	 -17.012	   5.967
6933	 CA 	500	 -14.480	 -12.316	  15.409
6980	 CA 	503	 -14.802	 -13.069	  10.455
21341	CLA 	735	 -21.346	   2.734	   1.747
21342	CLA 	736	 -25.092	  -2.789	 -14.567
21344	CLA 	736	  33.354	   5.282	 -10.438
