786	 CA 	110	 -45.957	  -1.275	  33.115
806	 CA 	111	 -47.998	   1.862	  34.306
821	 CA 	112	 -49.609	   4.403	  31.851
894	 CA 	116	 -55.407	   5.461	  36.488
1467	 CA 	151	 -39.291	   1.712	  -3.593
1477	 CA 	152	 -41.835	   2.713	  -6.327
1497	 CA 	153	 -40.161	   6.049	  -6.809
2201	 CA 	197	 -32.291	   7.761	  -8.359
2279	 CA 	202	 -31.142	   3.846	  -0.763
2324	 CA 	206	 -30.974	  -1.170	   3.231
2373	 CA 	209	 -23.390	  -0.259	  -1.844
2380	 CA 	210	 -22.546	   3.168	  -3.335
5325	 CA 	395	 -26.622	 -17.715	  22.202
5344	 CA 	396	 -28.328	 -16.018	  25.093
5356	 CA 	397	 -27.550	 -12.356	  24.572
5367	 CA 	398	 -25.396	 -10.815	  21.884
6370	 CA 	462	 -17.967	 -12.974	   3.806
6406	 CA 	465	 -19.172	 -17.050	   6.183
6933	 CA 	500	 -14.662	 -12.571	  15.027
6980	 CA 	503	 -14.899	 -13.211	  10.384
21341	CLA 	735	 -21.506	   2.725	   1.089
21342	CLA 	736	 -24.896	  -2.260	 -15.040
21344	CLA 	736	  32.939	   5.662	 -10.657
