786	 CA 	110	 -46.268	  -2.205	  32.805
806	 CA 	111	 -48.610	   0.646	  33.610
821	 CA 	112	 -51.038	   3.047	  31.819
894	 CA 	116	 -57.330	   1.685	  35.516
1467	 CA 	151	 -38.796	   1.747	  -4.004
1477	 CA 	152	 -41.840	   2.324	  -6.314
1497	 CA 	153	 -40.784	   5.968	  -6.642
2201	 CA 	197	 -32.400	   7.022	  -8.028
2279	 CA 	202	 -31.125	   3.746	  -0.157
2324	 CA 	206	 -30.988	  -1.334	   2.659
2373	 CA 	209	 -23.016	  -0.478	  -2.496
2380	 CA 	210	 -21.902	   3.025	  -3.530
5325	 CA 	395	 -25.867	 -17.925	  22.860
5344	 CA 	396	 -29.538	 -17.096	  23.505
5356	 CA 	397	 -28.769	 -13.888	  21.698
5367	 CA 	398	 -25.898	 -12.019	  20.106
6370	 CA 	462	 -18.320	 -12.682	   4.428
6406	 CA 	465	 -19.387	 -16.800	   5.967
6933	 CA 	500	 -14.504	 -12.567	  15.439
6980	 CA 	503	 -15.147	 -13.293	  10.346
21341	CLA 	735	 -21.111	   3.217	   1.888
21342	CLA 	736	 -25.060	  -2.364	 -15.417
21344	CLA 	736	  33.810	   6.084	  -9.431
