786	 CA 	110	 -45.476	  -0.731	  33.171
806	 CA 	111	 -48.090	   1.882	  34.257
821	 CA 	112	 -50.027	   4.599	  32.450
894	 CA 	116	 -55.712	   4.352	  36.870
1467	 CA 	151	 -38.711	   2.047	  -3.600
1477	 CA 	152	 -41.599	   2.770	  -6.096
1497	 CA 	153	 -40.034	   6.191	  -6.811
2201	 CA 	197	 -32.137	   7.145	  -7.863
2279	 CA 	202	 -31.310	   3.255	  -0.148
2324	 CA 	206	 -30.833	  -0.839	   3.028
2373	 CA 	209	 -22.872	  -0.271	  -2.233
2380	 CA 	210	 -21.781	   3.305	  -3.321
5325	 CA 	395	 -26.571	 -17.308	  22.248
5344	 CA 	396	 -27.884	 -15.227	  25.264
5356	 CA 	397	 -27.257	 -11.468	  24.327
5367	 CA 	398	 -24.568	  -9.796	  22.190
6370	 CA 	462	 -18.325	 -12.653	   4.168
6406	 CA 	465	 -19.286	 -16.701	   6.707
6933	 CA 	500	 -14.735	 -12.192	  15.771
6980	 CA 	503	 -15.028	 -13.060	  10.500
21341	CLA 	735	 -22.815	   3.184	   3.099
21342	CLA 	736	 -24.665	  -2.823	 -14.661
21344	CLA 	736	  33.497	   4.928	 -11.353
