786	 CA 	110	 -47.262	  -4.026	  31.875
806	 CA 	111	 -49.176	  -1.243	  33.679
821	 CA 	112	 -50.911	   1.906	  32.367
894	 CA 	116	 -58.039	   2.372	  35.438
1467	 CA 	151	 -38.936	   1.012	  -4.291
1477	 CA 	152	 -42.041	   1.786	  -6.528
1497	 CA 	153	 -40.796	   5.473	  -6.510
2201	 CA 	197	 -32.137	   6.824	  -7.991
2279	 CA 	202	 -30.980	   3.323	  -0.143
2324	 CA 	206	 -30.825	  -1.587	   3.339
2373	 CA 	209	 -23.230	  -0.293	  -2.148
2380	 CA 	210	 -22.388	   3.207	  -3.327
5325	 CA 	395	 -23.704	 -18.689	  24.392
5344	 CA 	396	 -27.557	 -18.378	  24.667
5356	 CA 	397	 -27.661	 -15.241	  22.660
5367	 CA 	398	 -25.462	 -13.317	  20.167
6370	 CA 	462	 -17.938	 -12.575	   4.376
6406	 CA 	465	 -19.634	 -16.726	   6.549
6933	 CA 	500	 -13.661	 -11.841	  15.622
6980	 CA 	503	 -14.779	 -13.041	  10.719
21341	CLA 	735	 -21.662	   3.178	   1.744
21342	CLA 	736	 -24.297	  -2.952	 -14.819
21344	CLA 	736	  34.503	   6.033	 -12.712
