786	 CA 	110	 -49.095	   0.578	  32.361
806	 CA 	111	 -50.647	   4.195	  32.706
821	 CA 	112	 -53.097	   6.210	  30.470
894	 CA 	116	 -57.757	   5.580	  34.738
1467	 CA 	151	 -38.749	   2.437	  -4.038
1477	 CA 	152	 -41.630	   2.899	  -6.555
1497	 CA 	153	 -40.298	   6.339	  -7.412
2201	 CA 	197	 -32.074	   7.561	  -8.313
2279	 CA 	202	 -31.452	   3.873	  -0.241
2324	 CA 	206	 -30.700	  -0.975	   3.486
2373	 CA 	209	 -22.799	  -0.325	  -2.023
2380	 CA 	210	 -21.696	   3.129	  -3.109
5325	 CA 	395	 -25.760	 -17.083	  21.043
5344	 CA 	396	 -26.002	 -15.535	  24.524
5356	 CA 	397	 -26.035	 -12.042	  22.913
5367	 CA 	398	 -22.944	 -10.315	  21.455
6370	 CA 	462	 -18.328	 -12.773	   4.137
6406	 CA 	465	 -19.481	 -16.913	   6.461
6933	 CA 	500	 -14.191	 -12.325	  15.171
6980	 CA 	503	 -15.162	 -13.330	  10.603
21341	CLA 	735	 -23.074	   2.689	   3.311
21342	CLA 	736	 -24.827	  -2.708	 -14.852
21344	CLA 	736	  35.031	   4.641	  -9.444
