786	 CA 	110	 -45.934	  -1.723	  34.167
806	 CA 	111	 -48.146	   1.181	  34.901
821	 CA 	112	 -49.853	   3.876	  32.843
894	 CA 	116	 -55.329	   3.518	  35.846
1467	 CA 	151	 -38.585	   2.456	  -4.061
1477	 CA 	152	 -41.422	   2.792	  -6.606
1497	 CA 	153	 -40.334	   6.404	  -7.259
2201	 CA 	197	 -32.195	   6.600	  -7.579
2279	 CA 	202	 -31.648	   2.955	   0.330
2324	 CA 	206	 -30.563	  -2.349	   3.609
2373	 CA 	209	 -22.899	  -0.917	  -1.556
2380	 CA 	210	 -21.970	   2.552	  -2.849
5325	 CA 	395	 -26.372	 -17.664	  22.142
5344	 CA 	396	 -26.167	 -15.613	  25.416
5356	 CA 	397	 -26.048	 -12.420	  23.276
5367	 CA 	398	 -22.885	 -11.075	  21.449
6370	 CA 	462	 -17.667	 -13.503	   4.159
6406	 CA 	465	 -19.357	 -17.418	   6.479
6933	 CA 	500	 -14.383	 -13.125	  15.241
6980	 CA 	503	 -14.809	 -13.783	  10.688
21341	CLA 	735	 -23.115	   3.281	   3.991
21342	CLA 	736	 -24.220	  -2.771	 -15.127
21344	CLA 	736	  33.957	   8.592	 -15.734
