786	 CA 	110	 -44.028	  -3.822	  33.303
806	 CA 	111	 -45.747	  -0.881	  35.018
821	 CA 	112	 -47.297	   2.446	  33.979
894	 CA 	116	 -53.220	   2.119	  38.328
1467	 CA 	151	 -38.696	   3.270	  -3.980
1477	 CA 	152	 -41.732	   3.586	  -6.342
1497	 CA 	153	 -40.421	   7.091	  -7.363
2201	 CA 	197	 -32.401	   7.927	  -8.127
2279	 CA 	202	 -31.749	   4.093	  -0.158
2324	 CA 	206	 -30.961	  -1.113	   2.070
2373	 CA 	209	 -23.134	  -0.013	  -2.439
2380	 CA 	210	 -21.590	   3.395	  -2.965
5325	 CA 	395	 -26.026	 -16.854	  21.359
5344	 CA 	396	 -25.957	 -14.369	  24.296
5356	 CA 	397	 -25.768	 -11.659	  21.514
5367	 CA 	398	 -22.382	 -10.606	  20.238
6370	 CA 	462	 -18.119	 -13.290	   3.707
6406	 CA 	465	 -19.586	 -17.526	   6.229
6933	 CA 	500	 -14.258	 -12.630	  15.102
6980	 CA 	503	 -15.026	 -13.706	  10.141
21341	CLA 	735	 -23.657	   2.890	   2.675
21342	CLA 	736	 -24.647	  -2.282	 -15.408
21344	CLA 	736	  31.393	   6.849	 -14.610
