786	 CA 	110	 -44.692	  -0.977	  34.661
806	 CA 	111	 -46.505	   2.475	  34.892
821	 CA 	112	 -48.454	   4.823	  32.885
894	 CA 	116	 -53.700	   3.872	  36.059
1467	 CA 	151	 -38.695	   1.678	  -4.382
1477	 CA 	152	 -41.459	   2.041	  -6.975
1497	 CA 	153	 -40.369	   5.621	  -7.710
2201	 CA 	197	 -32.505	   6.865	  -8.483
2279	 CA 	202	 -31.984	   3.177	  -0.854
2324	 CA 	206	 -31.450	  -1.540	   2.742
2373	 CA 	209	 -23.596	  -0.251	  -2.136
2380	 CA 	210	 -22.470	   3.163	  -3.081
5325	 CA 	395	 -26.353	 -17.967	  20.866
5344	 CA 	396	 -26.917	 -15.701	  23.902
5356	 CA 	397	 -26.479	 -12.628	  21.722
5367	 CA 	398	 -23.034	 -11.257	  20.584
6370	 CA 	462	 -17.855	 -12.979	   3.537
6406	 CA 	465	 -19.175	 -17.336	   5.591
6933	 CA 	500	 -14.827	 -12.900	  14.996
6980	 CA 	503	 -15.085	 -13.494	  10.087
21341	CLA 	735	 -24.083	   3.075	   2.597
21342	CLA 	736	 -24.130	  -2.651	 -14.848
21344	CLA 	736	  37.031	  -1.352	 -24.545
