786	 CA 	110	 -48.480	  -3.647	  33.034
806	 CA 	111	 -50.985	  -0.882	  33.818
821	 CA 	112	 -52.652	   1.831	  31.714
894	 CA 	116	 -57.177	   1.609	  35.416
1467	 CA 	151	 -38.929	   1.141	  -4.022
1477	 CA 	152	 -41.791	   1.600	  -6.496
1497	 CA 	153	 -40.964	   5.213	  -7.231
2201	 CA 	197	 -32.781	   6.782	  -7.633
2279	 CA 	202	 -31.704	   2.517	  -0.216
2324	 CA 	206	 -31.150	  -2.487	   2.513
2373	 CA 	209	 -22.986	  -0.365	  -2.318
2380	 CA 	210	 -22.029	   3.230	  -3.326
5325	 CA 	395	 -25.385	 -17.401	  21.016
5344	 CA 	396	 -26.279	 -14.627	  23.497
5356	 CA 	397	 -25.529	 -11.747	  21.097
5367	 CA 	398	 -22.108	 -10.373	  20.344
6370	 CA 	462	 -17.455	 -12.506	   3.948
6406	 CA 	465	 -18.219	 -16.982	   5.891
6933	 CA 	500	 -13.384	 -12.211	  14.869
6980	 CA 	503	 -14.102	 -13.080	  10.239
21341	CLA 	735	 -23.638	   2.931	   2.754
21342	CLA 	736	 -25.283	  -2.830	 -14.590
21344	CLA 	736	  34.448	   7.166	 -11.287
