786	 CA 	110	 -50.278	   0.007	  33.101
806	 CA 	111	 -52.722	   2.932	  33.947
821	 CA 	112	 -54.361	   5.021	  31.068
894	 CA 	116	 -61.671	   3.389	  31.881
1467	 CA 	151	 -38.793	   1.572	  -3.977
1477	 CA 	152	 -41.840	   2.179	  -6.118
1497	 CA 	153	 -40.699	   5.817	  -6.762
2201	 CA 	197	 -32.487	   6.583	  -7.660
2279	 CA 	202	 -31.687	   3.236	   0.385
2324	 CA 	206	 -31.306	  -1.643	   3.536
2373	 CA 	209	 -23.037	  -0.274	  -2.183
2380	 CA 	210	 -21.815	   3.229	  -2.895
5325	 CA 	395	 -23.818	 -18.494	  25.310
5344	 CA 	396	 -27.504	 -18.719	  24.476
5356	 CA 	397	 -28.867	 -15.845	  22.412
5367	 CA 	398	 -26.182	 -14.203	  20.144
6370	 CA 	462	 -17.778	 -12.455	   3.905
6406	 CA 	465	 -19.596	 -16.427	   6.493
6933	 CA 	500	 -13.708	 -12.579	  15.237
6980	 CA 	503	 -14.663	 -13.256	  10.522
21341	CLA 	735	 -21.544	   3.099	   2.562
21342	CLA 	736	 -24.474	  -2.099	 -15.295
21344	CLA 	736	  30.017	   3.823	 -13.891
