786	 CA 	110	 -46.921	   3.757	  36.165
806	 CA 	111	 -48.935	   6.601	  37.789
821	 CA 	112	 -51.885	   7.841	  35.814
894	 CA 	116	 -58.790	   3.687	  36.227
1467	 CA 	151	 -38.872	   1.511	  -2.904
1477	 CA 	152	 -42.085	   2.089	  -4.904
1497	 CA 	153	 -40.803	   5.709	  -5.623
2201	 CA 	197	 -32.279	   6.464	  -7.411
2279	 CA 	202	 -30.803	   3.550	   0.876
2324	 CA 	206	 -29.579	  -0.689	   3.716
2373	 CA 	209	 -22.474	  -0.201	  -2.244
2380	 CA 	210	 -21.436	   3.523	  -2.621
5325	 CA 	395	 -19.870	 -19.135	  26.328
5344	 CA 	396	 -23.378	 -19.874	  24.772
5356	 CA 	397	 -24.859	 -16.699	  23.221
5367	 CA 	398	 -23.066	 -13.644	  21.712
6370	 CA 	462	 -16.900	 -12.280	   4.884
6406	 CA 	465	 -17.966	 -16.252	   7.691
6933	 CA 	500	 -11.929	 -11.652	  15.368
6980	 CA 	503	 -13.016	 -12.631	  11.023
21341	CLA 	735	 -19.565	   0.840	  -0.143
21342	CLA 	736	 -25.288	  -2.087	 -15.996
21344	CLA 	736	  28.447	   1.003	 -16.299
