786	 CA 	110	 -49.107	  -0.503	  31.834
806	 CA 	111	 -51.337	   2.426	  32.968
821	 CA 	112	 -53.667	   5.175	  31.486
894	 CA 	116	 -61.411	   4.799	  33.310
1467	 CA 	151	 -39.530	   2.743	  -4.379
1477	 CA 	152	 -42.425	   3.544	  -6.819
1497	 CA 	153	 -40.839	   7.104	  -7.228
2201	 CA 	197	 -32.207	   7.749	  -8.211
2279	 CA 	202	 -31.793	   4.063	  -0.524
2324	 CA 	206	 -31.583	  -0.463	   2.520
2373	 CA 	209	 -23.349	   0.016	  -1.973
2380	 CA 	210	 -22.326	   3.514	  -3.386
5325	 CA 	395	 -26.481	 -17.748	  23.052
5344	 CA 	396	 -30.276	 -17.474	  23.176
5356	 CA 	397	 -30.125	 -14.257	  21.167
5367	 CA 	398	 -27.127	 -12.220	  20.023
6370	 CA 	462	 -19.754	 -13.318	   3.138
6406	 CA 	465	 -21.552	 -17.007	   5.422
6933	 CA 	500	 -16.067	 -12.692	  14.878
6980	 CA 	503	 -16.433	 -13.325	   9.835
21341	CLA 	735	 -21.354	   2.628	   0.743
21342	CLA 	736	 -25.012	  -2.501	 -15.285
21344	CLA 	736	  34.848	   5.045	  -9.446
