786	 CA 	110	 -50.576	   2.047	  33.435
806	 CA 	111	 -52.329	   5.335	  34.247
821	 CA 	112	 -54.474	   6.603	  31.496
894	 CA 	116	 -61.399	   3.097	  32.131
1467	 CA 	151	 -38.980	   1.480	  -3.849
1477	 CA 	152	 -42.050	   2.426	  -5.959
1497	 CA 	153	 -40.899	   6.028	  -6.360
2201	 CA 	197	 -32.133	   6.703	  -7.214
2279	 CA 	202	 -30.793	   3.249	   0.574
2324	 CA 	206	 -30.391	  -1.713	   2.460
2373	 CA 	209	 -22.243	  -0.359	  -2.081
2380	 CA 	210	 -21.161	   3.214	  -2.986
5325	 CA 	395	 -22.345	 -21.521	  24.244
5344	 CA 	396	 -26.076	 -21.056	  23.732
5356	 CA 	397	 -26.719	 -17.569	  22.128
5367	 CA 	398	 -24.033	 -15.641	  20.309
6370	 CA 	462	 -17.665	 -12.630	   3.625
6406	 CA 	465	 -19.074	 -16.789	   5.627
6933	 CA 	500	 -13.064	 -13.601	  14.736
6980	 CA 	503	 -13.817	 -14.052	   9.841
21341	CLA 	735	 -20.606	   2.787	   2.347
21342	CLA 	736	 -24.704	  -2.044	 -15.128
21344	CLA 	736	  30.214	   3.444	 -14.056
