786	 CA 	110	 -50.205	   2.566	  31.910
806	 CA 	111	 -52.767	   5.562	  32.342
821	 CA 	112	 -54.818	   7.511	  29.677
894	 CA 	116	 -61.360	   5.970	  32.303
1467	 CA 	151	 -38.534	   1.320	  -4.076
1477	 CA 	152	 -41.531	   1.643	  -6.598
1497	 CA 	153	 -40.499	   5.254	  -6.929
2201	 CA 	197	 -32.083	   6.669	  -7.874
2279	 CA 	202	 -31.055	   3.745	   0.193
2324	 CA 	206	 -31.434	  -1.250	   3.420
2373	 CA 	209	 -22.773	  -0.866	  -2.418
2380	 CA 	210	 -22.125	   2.870	  -2.852
5325	 CA 	395	 -23.702	 -19.155	  25.803
5344	 CA 	396	 -27.325	 -18.755	  24.590
5356	 CA 	397	 -28.394	 -15.396	  22.947
5367	 CA 	398	 -25.790	 -13.767	  20.730
6370	 CA 	462	 -17.828	 -12.460	   4.249
6406	 CA 	465	 -19.868	 -16.544	   6.783
6933	 CA 	500	 -14.234	 -12.301	  15.024
6980	 CA 	503	 -14.711	 -13.198	  10.541
21341	CLA 	735	 -21.246	   3.217	   2.073
21342	CLA 	736	 -25.148	  -2.003	 -15.175
21344	CLA 	736	  30.244	   1.832	 -13.810
