786	 CA 	110	 -49.661	  -0.582	  32.349
806	 CA 	111	 -51.556	   2.741	  32.498
821	 CA 	112	 -53.672	   5.116	  30.415
894	 CA 	116	 -57.935	   3.838	  34.672
1467	 CA 	151	 -38.715	   1.895	  -4.402
1477	 CA 	152	 -41.844	   2.469	  -6.645
1497	 CA 	153	 -40.664	   6.060	  -7.248
2201	 CA 	197	 -32.330	   7.195	  -8.043
2279	 CA 	202	 -31.437	   3.222	  -0.252
2324	 CA 	206	 -30.958	  -1.601	   3.060
2373	 CA 	209	 -22.453	  -0.033	  -2.148
2380	 CA 	210	 -21.551	   3.409	  -3.422
5325	 CA 	395	 -25.997	 -17.687	  20.586
5344	 CA 	396	 -26.227	 -15.924	  24.009
5356	 CA 	397	 -26.009	 -12.665	  21.954
5367	 CA 	398	 -23.045	 -10.224	  21.335
6370	 CA 	462	 -18.362	 -12.261	   4.099
6406	 CA 	465	 -19.421	 -16.991	   6.321
6933	 CA 	500	 -14.711	 -12.456	  15.189
6980	 CA 	503	 -15.203	 -13.177	  10.499
21341	CLA 	735	 -23.228	   2.880	   3.276
21342	CLA 	736	 -24.718	  -2.920	 -15.363
21344	CLA 	736	  34.712	   6.128	  -8.426
