786	 CA 	110	 -48.192	  -0.822	  32.434
806	 CA 	111	 -50.250	   2.457	  33.199
821	 CA 	112	 -52.707	   4.902	  31.631
894	 CA 	116	 -59.922	   4.461	  33.707
1467	 CA 	151	 -39.208	   2.156	  -4.103
1477	 CA 	152	 -42.062	   2.674	  -6.614
1497	 CA 	153	 -40.567	   6.221	  -7.276
2201	 CA 	197	 -32.366	   7.443	  -8.060
2279	 CA 	202	 -31.629	   3.235	  -0.422
2324	 CA 	206	 -31.557	  -1.209	   2.793
2373	 CA 	209	 -22.983	  -0.199	  -2.042
2380	 CA 	210	 -22.096	   3.320	  -3.188
5325	 CA 	395	 -25.250	 -17.385	  24.395
5344	 CA 	396	 -29.018	 -16.790	  24.673
5356	 CA 	397	 -29.322	 -13.267	  23.051
5367	 CA 	398	 -26.822	 -11.099	  20.951
6370	 CA 	462	 -19.218	 -12.754	   3.977
6406	 CA 	465	 -20.173	 -16.732	   6.203
6933	 CA 	500	 -15.002	 -12.321	  15.453
6980	 CA 	503	 -15.567	 -13.008	  10.546
21341	CLA 	735	 -21.290	   3.499	   2.031
21342	CLA 	736	 -25.160	  -2.881	 -14.674
21344	CLA 	736	  34.561	   7.104	 -11.416
