786	 CA 	110	 -44.400	  -1.795	  33.713
806	 CA 	111	 -46.641	   1.185	  34.617
821	 CA 	112	 -48.832	   3.839	  32.826
894	 CA 	116	 -54.365	   2.777	  36.589
1467	 CA 	151	 -38.710	   2.366	  -4.026
1477	 CA 	152	 -41.617	   3.028	  -6.328
1497	 CA 	153	 -40.313	   6.422	  -7.300
2201	 CA 	197	 -32.177	   6.547	  -7.736
2279	 CA 	202	 -31.294	   3.292	   0.193
2324	 CA 	206	 -30.487	  -1.636	   3.172
2373	 CA 	209	 -22.839	  -0.404	  -2.018
2380	 CA 	210	 -21.506	   3.124	  -2.876
5325	 CA 	395	 -25.203	 -17.390	  21.709
5344	 CA 	396	 -25.119	 -14.957	  24.788
5356	 CA 	397	 -25.189	 -11.950	  22.321
5367	 CA 	398	 -21.983	 -10.492	  20.895
6370	 CA 	462	 -17.749	 -13.180	   3.713
6406	 CA 	465	 -18.951	 -17.195	   6.265
6933	 CA 	500	 -13.655	 -12.316	  15.341
6980	 CA 	503	 -14.593	 -13.380	  10.511
21341	CLA 	735	 -23.124	   2.558	   3.375
21342	CLA 	736	 -24.285	  -2.732	 -15.308
21344	CLA 	736	  32.867	  11.469	 -18.916
