786	 CA 	110	 -47.474	  -0.890	  31.317
806	 CA 	111	 -49.616	   1.949	  32.719
821	 CA 	112	 -51.570	   4.759	  30.998
894	 CA 	116	 -57.422	   3.604	  35.955
1467	 CA 	151	 -39.100	   2.653	  -5.094
1477	 CA 	152	 -42.024	   3.141	  -7.518
1497	 CA 	153	 -40.736	   6.678	  -8.281
2201	 CA 	197	 -31.865	   7.305	  -8.932
2279	 CA 	202	 -31.533	   4.497	  -1.102
2324	 CA 	206	 -31.392	   0.273	   2.958
2373	 CA 	209	 -23.353	   0.302	  -1.741
2380	 CA 	210	 -22.261	   3.545	  -3.481
5325	 CA 	395	 -27.267	 -17.522	  23.581
5344	 CA 	396	 -30.556	 -15.960	  24.442
5356	 CA 	397	 -29.106	 -12.511	  23.304
5367	 CA 	398	 -25.560	 -11.434	  21.900
6370	 CA 	462	 -19.164	 -12.512	   4.568
6406	 CA 	465	 -20.978	 -16.233	   7.165
6933	 CA 	500	 -15.761	 -12.259	  15.971
6980	 CA 	503	 -16.401	 -12.925	  10.856
21341	CLA 	735	 -21.542	   3.499	   1.533
21342	CLA 	736	 -25.404	  -2.813	 -14.555
21344	CLA 	736	  35.062	   4.251	  -9.306
