786	 CA 	110	 -45.126	   4.661	  35.605
806	 CA 	111	 -48.230	   5.408	  37.583
821	 CA 	112	 -51.425	   7.471	  36.882
894	 CA 	116	 -55.433	   5.431	  42.312
1467	 CA 	151	 -38.741	   2.678	  -3.268
1477	 CA 	152	 -41.604	   3.122	  -5.645
1497	 CA 	153	 -40.388	   6.711	  -6.586
2201	 CA 	197	 -31.913	   6.375	  -7.235
2279	 CA 	202	 -30.823	   2.982	   1.014
2324	 CA 	206	 -30.552	  -1.047	   4.799
2373	 CA 	209	 -22.832	  -0.417	  -1.205
2380	 CA 	210	 -22.008	   2.717	  -3.139
5325	 CA 	395	 -23.431	 -17.220	  23.300
5344	 CA 	396	 -21.943	 -15.402	  26.371
5356	 CA 	397	 -22.848	 -12.049	  24.797
5367	 CA 	398	 -20.890	  -9.788	  22.621
6370	 CA 	462	 -17.369	 -12.533	   5.086
6406	 CA 	465	 -18.962	 -16.431	   7.684
6933	 CA 	500	 -12.585	 -11.640	  15.814
6980	 CA 	503	 -13.932	 -12.759	  11.109
21341	CLA 	735	 -22.878	   2.695	   4.689
21342	CLA 	736	 -24.300	  -2.526	 -14.845
21344	CLA 	736	  12.289	 -67.858	 -29.472
