786	 CA 	110	 -47.289	   2.254	  35.863
806	 CA 	111	 -50.050	   3.555	  38.195
821	 CA 	112	 -52.915	   5.954	  37.782
894	 CA 	116	 -56.481	   3.248	  41.761
1467	 CA 	151	 -39.059	   1.468	  -3.888
1477	 CA 	152	 -42.042	   1.954	  -6.206
1497	 CA 	153	 -40.960	   5.563	  -6.939
2201	 CA 	197	 -32.645	   5.713	  -7.245
2279	 CA 	202	 -30.789	   2.057	   0.726
2324	 CA 	206	 -30.687	  -2.355	   4.049
2373	 CA 	209	 -22.171	  -0.548	  -0.745
2380	 CA 	210	 -21.770	   2.629	  -3.007
5325	 CA 	395	 -22.598	 -17.867	  22.798
5344	 CA 	396	 -22.151	 -15.953	  25.963
5356	 CA 	397	 -23.183	 -12.791	  24.075
5367	 CA 	398	 -21.017	 -10.397	  21.961
6370	 CA 	462	 -17.097	 -13.104	   4.217
6406	 CA 	465	 -18.604	 -17.116	   6.744
6933	 CA 	500	 -12.687	 -12.128	  14.817
6980	 CA 	503	 -13.510	 -12.858	  10.099
21341	CLA 	735	 -22.952	   2.783	   4.609
21342	CLA 	736	 -24.545	  -2.907	 -14.936
21344	CLA 	736	  17.436	 -61.398	 -33.207
