786	 CA 	110	 -47.791	  -4.031	  33.104
806	 CA 	111	 -49.758	  -1.462	  35.130
821	 CA 	112	 -51.030	   2.050	  34.305
894	 CA 	116	 -57.080	   0.547	  37.491
1467	 CA 	151	 -38.478	   2.118	  -3.397
1477	 CA 	152	 -41.378	   2.308	  -5.753
1497	 CA 	153	 -40.329	   5.915	  -6.647
2201	 CA 	197	 -32.004	   7.140	  -7.647
2279	 CA 	202	 -31.333	   3.584	   0.259
2324	 CA 	206	 -31.026	  -0.919	   3.251
2373	 CA 	209	 -22.754	  -0.382	  -2.164
2380	 CA 	210	 -21.467	   3.121	  -2.738
5325	 CA 	395	 -26.137	 -17.847	  20.872
5344	 CA 	396	 -25.844	 -15.074	  23.612
5356	 CA 	397	 -25.658	 -12.553	  20.709
5367	 CA 	398	 -23.214	 -10.942	  18.337
6370	 CA 	462	 -17.996	 -13.580	   3.738
6406	 CA 	465	 -19.546	 -17.746	   5.830
6933	 CA 	500	 -13.722	 -13.764	  15.132
6980	 CA 	503	 -14.831	 -14.145	  10.079
21341	CLA 	735	 -22.724	   3.637	   3.674
21342	CLA 	736	 -24.594	  -2.047	 -15.324
21344	CLA 	736	  36.402	   5.096	 -13.028
