786	 CA 	110	 -45.584	  -0.099	  33.223
806	 CA 	111	 -47.986	   2.820	  34.016
821	 CA 	112	 -49.725	   5.522	  31.904
894	 CA 	116	 -55.862	   6.121	  36.472
1467	 CA 	151	 -38.825	   2.891	  -3.912
1477	 CA 	152	 -41.732	   3.652	  -6.210
1497	 CA 	153	 -39.853	   6.893	  -7.068
2201	 CA 	197	 -31.481	   7.421	  -7.836
2279	 CA 	202	 -30.752	   3.804	  -0.378
2324	 CA 	206	 -30.814	  -0.360	   3.287
2373	 CA 	209	 -22.727	  -0.398	  -2.085
2380	 CA 	210	 -22.052	   3.342	  -2.994
5325	 CA 	395	 -26.581	 -16.808	  22.483
5344	 CA 	396	 -28.180	 -14.995	  25.557
5356	 CA 	397	 -27.254	 -11.518	  24.485
5367	 CA 	398	 -24.815	 -10.017	  22.024
6370	 CA 	462	 -18.200	 -12.569	   4.260
6406	 CA 	465	 -19.421	 -16.862	   6.472
6933	 CA 	500	 -14.838	 -12.153	  15.431
6980	 CA 	503	 -15.082	 -12.988	  10.756
21341	CLA 	735	 -21.642	   2.917	   3.197
21342	CLA 	736	 -24.732	  -2.896	 -14.713
21344	CLA 	736	  33.749	   4.040	 -11.976
