786	 CA 	110	 -48.091	  -1.500	  32.998
806	 CA 	111	 -50.612	   1.210	  34.225
821	 CA 	112	 -52.450	   4.230	  32.640
894	 CA 	116	 -59.738	   5.775	  36.348
1467	 CA 	151	 -38.787	   2.208	  -3.983
1477	 CA 	152	 -41.520	   2.829	  -6.528
1497	 CA 	153	 -40.286	   6.523	  -7.114
2201	 CA 	197	 -32.533	   7.581	  -8.217
2279	 CA 	202	 -31.520	   3.846	  -0.495
2324	 CA 	206	 -31.830	  -1.253	   2.419
2373	 CA 	209	 -23.463	  -0.131	  -2.563
2380	 CA 	210	 -22.252	   3.215	  -3.347
5325	 CA 	395	 -26.608	 -17.274	  20.514
5344	 CA 	396	 -26.878	 -14.897	  23.421
5356	 CA 	397	 -26.221	 -11.847	  20.968
5367	 CA 	398	 -22.964	 -10.755	  19.173
6370	 CA 	462	 -18.308	 -12.584	   3.681
6406	 CA 	465	 -19.523	 -17.113	   6.051
6933	 CA 	500	 -14.690	 -12.799	  14.749
6980	 CA 	503	 -15.053	 -13.576	  10.019
21341	CLA 	735	 -23.384	   3.585	   3.792
21342	CLA 	736	 -24.239	  -2.719	 -14.939
21344	CLA 	736	  36.525	   5.169	 -12.582
