786	 CA 	110	 -44.608	   2.984	  36.707
806	 CA 	111	 -48.126	   4.345	  37.794
821	 CA 	112	 -51.062	   6.263	  36.203
894	 CA 	116	 -54.981	   3.303	  40.421
1467	 CA 	151	 -38.524	   2.559	  -2.866
1477	 CA 	152	 -41.401	   3.367	  -5.313
1497	 CA 	153	 -39.957	   6.946	  -6.144
2201	 CA 	197	 -31.633	   6.505	  -6.459
2279	 CA 	202	 -30.714	   2.754	   1.751
2324	 CA 	206	 -30.084	  -1.826	   4.616
2373	 CA 	209	 -22.319	  -0.386	  -0.895
2380	 CA 	210	 -22.031	   2.975	  -2.789
5325	 CA 	395	 -21.961	 -17.928	  23.299
5344	 CA 	396	 -21.052	 -15.773	  26.406
5356	 CA 	397	 -22.296	 -12.589	  24.661
5367	 CA 	398	 -20.456	 -10.349	  22.343
6370	 CA 	462	 -17.502	 -12.459	   4.421
6406	 CA 	465	 -18.789	 -16.635	   7.337
6933	 CA 	500	 -12.507	 -12.177	  15.351
6980	 CA 	503	 -13.802	 -12.763	  10.646
21341	CLA 	735	 -22.667	   2.696	   4.385
21342	CLA 	736	 -24.229	  -2.602	 -14.861
21344	CLA 	736	  22.755	  64.325	 -32.015
