786	 CA 	110	 -47.489	  -4.706	  33.762
806	 CA 	111	 -49.366	  -1.745	  35.119
821	 CA 	112	 -50.139	   1.701	  33.652
894	 CA 	116	 -57.578	   2.657	  36.029
1467	 CA 	151	 -38.297	   1.868	  -3.941
1477	 CA 	152	 -41.527	   2.320	  -6.035
1497	 CA 	153	 -40.411	   5.988	  -6.863
2201	 CA 	197	 -32.019	   6.945	  -8.059
2279	 CA 	202	 -31.318	   3.621	  -0.174
2324	 CA 	206	 -30.804	  -1.588	   3.113
2373	 CA 	209	 -22.606	  -0.602	  -2.694
2380	 CA 	210	 -21.625	   3.011	  -2.917
5325	 CA 	395	 -27.001	 -16.736	  20.516
5344	 CA 	396	 -27.444	 -14.720	  23.706
5356	 CA 	397	 -26.888	 -11.216	  22.245
5367	 CA 	398	 -24.700	 -10.045	  19.299
6370	 CA 	462	 -17.754	 -13.640	   4.630
6406	 CA 	465	 -18.798	 -17.481	   6.682
6933	 CA 	500	 -13.998	 -12.260	  15.456
6980	 CA 	503	 -14.688	 -13.614	  10.643
21341	CLA 	735	 -22.772	   3.093	   3.570
21342	CLA 	736	 -24.257	  -3.016	 -15.100
21344	CLA 	736	  37.058	   8.582	 -13.865
