786	 CA 	110	 -47.674	   4.168	  34.504
806	 CA 	111	 -49.824	   6.913	  36.014
821	 CA 	112	 -52.928	   7.727	  33.964
894	 CA 	116	 -60.144	   3.667	  35.781
1467	 CA 	151	 -38.752	   2.001	  -2.753
1477	 CA 	152	 -41.892	   2.126	  -4.913
1497	 CA 	153	 -40.952	   5.757	  -5.809
2201	 CA 	197	 -32.111	   6.520	  -7.308
2279	 CA 	202	 -30.789	   3.265	   0.689
2324	 CA 	206	 -29.836	  -1.053	   3.909
2373	 CA 	209	 -22.420	  -0.124	  -2.081
2380	 CA 	210	 -21.365	   3.473	  -2.357
5325	 CA 	395	 -20.185	 -20.164	  26.070
5344	 CA 	396	 -23.936	 -20.487	  25.098
5356	 CA 	397	 -24.818	 -17.277	  23.365
5367	 CA 	398	 -22.411	 -14.774	  21.651
6370	 CA 	462	 -17.097	 -12.301	   4.125
6406	 CA 	465	 -18.407	 -16.358	   7.268
6933	 CA 	500	 -12.593	 -11.810	  15.221
6980	 CA 	503	 -13.530	 -12.766	  10.690
21341	CLA 	735	 -19.258	   0.552	  -0.666
21342	CLA 	736	 -25.149	  -1.537	 -15.059
21344	CLA 	736	  29.468	   2.341	 -16.812
