786	 CA 	110	 -47.909	  -1.087	  32.166
806	 CA 	111	 -49.470	   2.223	  32.812
821	 CA 	112	 -51.264	   4.727	  30.584
894	 CA 	116	 -57.930	   4.128	  34.480
1467	 CA 	151	 -38.728	   2.276	  -4.283
1477	 CA 	152	 -41.635	   3.166	  -6.572
1497	 CA 	153	 -40.297	   6.640	  -7.059
2201	 CA 	197	 -31.738	   7.200	  -8.070
2279	 CA 	202	 -31.000	   3.942	  -0.293
2324	 CA 	206	 -31.092	  -0.550	   2.943
2373	 CA 	209	 -22.753	  -0.101	  -1.634
2380	 CA 	210	 -21.743	   3.271	  -2.998
5325	 CA 	395	 -25.113	 -18.315	  22.957
5344	 CA 	396	 -28.950	 -17.662	  23.694
5356	 CA 	397	 -28.642	 -14.518	  21.609
5367	 CA 	398	 -25.607	 -12.730	  20.273
6370	 CA 	462	 -17.954	 -12.613	   4.353
6406	 CA 	465	 -19.542	 -16.622	   6.424
6933	 CA 	500	 -14.106	 -11.586	  15.457
6980	 CA 	503	 -15.296	 -12.919	  10.782
21341	CLA 	735	 -21.029	   3.576	   2.430
21342	CLA 	736	 -24.767	  -2.816	 -15.035
21344	CLA 	736	  35.855	   4.796	 -12.469
