786	 CA 	110	 -44.889	   1.256	  35.572
806	 CA 	111	 -46.375	   4.764	  36.611
821	 CA 	112	 -49.212	   6.132	  34.452
894	 CA 	116	 -56.542	   4.451	  37.693
1467	 CA 	151	 -38.688	   2.422	  -4.000
1477	 CA 	152	 -41.610	   3.195	  -6.469
1497	 CA 	153	 -40.122	   6.661	  -7.078
2201	 CA 	197	 -31.339	   6.999	  -7.088
2279	 CA 	202	 -30.586	   3.312	   0.699
2324	 CA 	206	 -30.755	  -1.274	   4.645
2373	 CA 	209	 -22.574	  -0.225	  -0.627
2380	 CA 	210	 -21.914	   2.858	  -2.772
5325	 CA 	395	 -25.601	 -16.200	  23.095
5344	 CA 	396	 -25.386	 -13.845	  26.113
5356	 CA 	397	 -25.274	 -10.912	  23.766
5367	 CA 	398	 -22.284	  -9.629	  21.768
6370	 CA 	462	 -17.800	 -12.637	   4.929
6406	 CA 	465	 -19.440	 -16.848	   7.387
6933	 CA 	500	 -13.755	 -11.979	  15.905
6980	 CA 	503	 -14.626	 -13.037	  11.030
21341	CLA 	735	 -23.166	   3.372	   4.296
21342	CLA 	736	 -24.573	  -3.056	 -14.641
21344	CLA 	736	  18.019	  29.162	 -42.565
