786	 CA 	110	 -48.293	  -0.935	  32.270
806	 CA 	111	 -50.889	   1.869	  32.971
821	 CA 	112	 -52.543	   4.726	  31.167
894	 CA 	116	 -58.714	   3.792	  35.326
1467	 CA 	151	 -38.681	   2.129	  -4.213
1477	 CA 	152	 -41.490	   3.047	  -6.697
1497	 CA 	153	 -40.016	   6.607	  -7.403
2201	 CA 	197	 -31.812	   7.594	  -8.349
2279	 CA 	202	 -31.049	   3.272	  -0.682
2324	 CA 	206	 -31.520	  -1.873	   2.830
2373	 CA 	209	 -23.615	  -0.763	  -2.190
2380	 CA 	210	 -22.622	   2.806	  -3.181
5325	 CA 	395	 -25.422	 -18.047	  20.965
5344	 CA 	396	 -24.788	 -16.877	  24.493
5356	 CA 	397	 -26.180	 -13.492	  23.130
5367	 CA 	398	 -24.131	 -10.883	  21.464
6370	 CA 	462	 -18.318	 -12.677	   4.016
6406	 CA 	465	 -19.568	 -17.165	   6.742
6933	 CA 	500	 -14.117	 -11.905	  14.844
6980	 CA 	503	 -15.137	 -12.959	  10.490
21341	CLA 	735	 -23.397	   2.909	   2.787
21342	CLA 	736	 -24.913	  -2.799	 -14.529
21344	CLA 	736	  34.833	   5.397	 -10.922
