786	 CA 	110	 -47.459	  -1.759	  31.379
806	 CA 	111	 -49.578	   1.158	  32.539
821	 CA 	112	 -51.572	   3.651	  30.477
894	 CA 	116	 -57.602	   3.355	  35.206
1467	 CA 	151	 -38.576	   2.537	  -4.380
1477	 CA 	152	 -41.455	   3.186	  -6.837
1497	 CA 	153	 -40.127	   6.784	  -7.515
2201	 CA 	197	 -32.225	   7.654	  -8.471
2279	 CA 	202	 -31.455	   3.723	  -0.686
2324	 CA 	206	 -31.314	  -1.306	   2.742
2373	 CA 	209	 -23.090	  -0.493	  -2.339
2380	 CA 	210	 -22.181	   3.188	  -3.289
5325	 CA 	395	 -26.497	 -17.952	  22.162
5344	 CA 	396	 -28.747	 -16.086	  24.629
5356	 CA 	397	 -27.460	 -12.834	  23.162
5367	 CA 	398	 -24.957	 -11.326	  20.656
6370	 CA 	462	 -18.418	 -13.081	   3.833
6406	 CA 	465	 -19.628	 -17.076	   5.987
6933	 CA 	500	 -14.287	 -12.324	  15.132
6980	 CA 	503	 -15.262	 -13.384	  10.215
21341	CLA 	735	 -21.478	   2.397	   0.976
21342	CLA 	736	 -24.837	  -2.939	 -14.791
21344	CLA 	736	  34.910	   4.191	 -10.354
