786	 CA 	110	 -48.013	  -3.032	  32.911
806	 CA 	111	 -50.688	  -0.564	  33.897
821	 CA 	112	 -52.227	   2.424	  32.075
894	 CA 	116	 -57.045	   2.105	  37.003
1467	 CA 	151	 -38.982	   1.498	  -4.093
1477	 CA 	152	 -41.836	   2.227	  -6.403
1497	 CA 	153	 -40.646	   5.874	  -6.933
2201	 CA 	197	 -32.403	   6.850	  -7.945
2279	 CA 	202	 -32.012	   3.017	  -0.185
2324	 CA 	206	 -31.403	  -2.080	   2.484
2373	 CA 	209	 -23.006	  -0.333	  -2.189
2380	 CA 	210	 -21.756	   3.226	  -2.826
5325	 CA 	395	 -26.910	 -17.825	  20.080
5344	 CA 	396	 -26.507	 -15.478	  23.071
5356	 CA 	397	 -26.147	 -12.526	  20.561
5367	 CA 	398	 -23.029	 -10.769	  19.039
6370	 CA 	462	 -18.175	 -13.141	   3.659
6406	 CA 	465	 -19.382	 -17.228	   5.679
6933	 CA 	500	 -14.959	 -12.831	  15.068
6980	 CA 	503	 -15.402	 -13.656	  10.193
21341	CLA 	735	 -23.485	   3.190	   3.107
21342	CLA 	736	 -24.699	  -2.778	 -14.616
21344	CLA 	736	  34.035	   6.733	 -11.470
