786	 CA 	110	 -47.978	  -2.994	  31.191
806	 CA 	111	 -50.765	  -0.984	  32.806
821	 CA 	112	 -53.139	   1.986	  31.785
894	 CA 	116	 -60.912	   2.338	  33.685
1467	 CA 	151	 -38.957	   2.402	  -4.601
1477	 CA 	152	 -41.945	   3.079	  -6.946
1497	 CA 	153	 -40.733	   6.807	  -7.215
2201	 CA 	197	 -32.273	   7.571	  -8.053
2279	 CA 	202	 -31.541	   4.067	  -0.154
2324	 CA 	206	 -31.563	  -1.209	   2.823
2373	 CA 	209	 -22.780	  -0.344	  -2.094
2380	 CA 	210	 -21.931	   3.258	  -2.934
5325	 CA 	395	 -26.333	 -17.516	  22.301
5344	 CA 	396	 -30.042	 -17.362	  22.620
5356	 CA 	397	 -29.433	 -13.852	  21.062
5367	 CA 	398	 -26.300	 -12.116	  19.601
6370	 CA 	462	 -18.547	 -13.080	   3.791
6406	 CA 	465	 -19.901	 -17.504	   5.482
6933	 CA 	500	 -15.042	 -12.734	  14.654
6980	 CA 	503	 -15.761	 -13.732	   9.841
21341	CLA 	735	 -21.506	   3.508	   2.057
21342	CLA 	736	 -24.599	  -2.022	 -15.303
21344	CLA 	736	  34.481	   6.776	  -9.192
