786	 CA 	110	 -46.830	  -1.859	  32.168
806	 CA 	111	 -48.746	   1.185	  33.387
821	 CA 	112	 -50.346	   4.227	  31.591
894	 CA 	116	 -56.986	   5.644	  36.034
1467	 CA 	151	 -39.158	   2.568	  -5.015
1477	 CA 	152	 -41.854	   3.309	  -7.468
1497	 CA 	153	 -40.479	   6.854	  -8.164
2201	 CA 	197	 -32.422	   7.225	  -8.816
2279	 CA 	202	 -31.961	   3.682	  -0.953
2324	 CA 	206	 -31.645	  -1.128	   2.558
2373	 CA 	209	 -23.402	  -0.444	  -2.330
2380	 CA 	210	 -22.437	   2.948	  -3.515
5325	 CA 	395	 -27.703	 -17.619	  21.748
5344	 CA 	396	 -29.871	 -16.129	  24.582
5356	 CA 	397	 -29.387	 -12.307	  23.744
5367	 CA 	398	 -26.677	 -10.951	  21.384
6370	 CA 	462	 -18.823	 -12.496	   3.419
6406	 CA 	465	 -19.818	 -16.742	   5.579
6933	 CA 	500	 -15.378	 -13.018	  15.142
6980	 CA 	503	 -15.801	 -13.791	  10.359
21341	CLA 	735	 -21.517	   2.349	   1.190
21342	CLA 	736	 -25.498	  -3.033	 -14.661
21344	CLA 	736	  33.419	   5.582	 -11.497
