786	 CA 	110	 -45.392	  -3.270	  34.632
806	 CA 	111	 -47.926	  -0.556	  35.323
821	 CA 	112	 -49.735	   2.265	  33.534
894	 CA 	116	 -55.309	   0.441	  37.415
1467	 CA 	151	 -37.960	   1.589	  -3.858
1477	 CA 	152	 -40.927	   1.899	  -6.407
1497	 CA 	153	 -39.878	   5.337	  -7.224
2201	 CA 	197	 -31.998	   6.399	  -7.516
2279	 CA 	202	 -30.801	   2.868	   0.177
2324	 CA 	206	 -30.450	  -2.264	   3.685
2373	 CA 	209	 -22.531	  -0.473	  -1.677
2380	 CA 	210	 -21.894	   3.128	  -2.531
5325	 CA 	395	 -24.873	 -17.619	  22.430
5344	 CA 	396	 -25.021	 -15.471	  25.508
5356	 CA 	397	 -25.185	 -12.296	  23.363
5367	 CA 	398	 -22.330	 -10.551	  21.430
6370	 CA 	462	 -17.897	 -13.170	   3.983
6406	 CA 	465	 -18.977	 -17.111	   6.331
6933	 CA 	500	 -13.718	 -12.521	  14.955
6980	 CA 	503	 -14.395	 -13.459	  10.257
21341	CLA 	735	 -23.119	   3.615	   3.544
21342	CLA 	736	 -24.257	  -2.927	 -15.274
21344	CLA 	736	  33.267	   9.392	 -16.364
