786	 CA 	110	 -46.378	   0.139	  33.412
806	 CA 	111	 -48.605	   3.221	  34.085
821	 CA 	112	 -50.201	   5.933	  31.981
894	 CA 	116	 -55.598	   5.855	  36.412
1467	 CA 	151	 -39.189	   1.585	  -4.550
1477	 CA 	152	 -42.064	   2.167	  -7.076
1497	 CA 	153	 -40.805	   5.802	  -7.489
2201	 CA 	197	 -32.394	   6.723	  -8.393
2279	 CA 	202	 -31.359	   3.218	  -0.477
2324	 CA 	206	 -31.334	  -1.445	   2.984
2373	 CA 	209	 -23.180	  -0.197	  -1.969
2380	 CA 	210	 -22.121	   3.113	  -3.442
5325	 CA 	395	 -26.116	 -18.182	  21.909
5344	 CA 	396	 -28.512	 -16.558	  24.354
5356	 CA 	397	 -28.242	 -12.878	  23.214
5367	 CA 	398	 -25.687	 -11.386	  20.839
6370	 CA 	462	 -18.268	 -12.778	   4.020
6406	 CA 	465	 -19.785	 -16.999	   6.109
6933	 CA 	500	 -14.971	 -12.396	  14.798
6980	 CA 	503	 -15.435	 -13.314	  10.068
21341	CLA 	735	 -21.617	   2.751	   1.890
21342	CLA 	736	 -24.354	  -2.695	 -14.441
21344	CLA 	736	  33.862	   4.571	 -11.607
