786	 CA 	110	 -46.094	   3.807	  35.794
806	 CA 	111	 -48.816	   5.224	  38.054
821	 CA 	112	 -51.402	   7.492	  36.281
894	 CA 	116	 -56.221	   4.524	  40.543
1467	 CA 	151	 -38.718	   1.528	  -3.476
1477	 CA 	152	 -41.780	   2.110	  -5.802
1497	 CA 	153	 -40.702	   5.745	  -6.727
2201	 CA 	197	 -32.503	   5.745	  -6.900
2279	 CA 	202	 -31.252	   2.217	   1.313
2324	 CA 	206	 -30.027	  -1.950	   4.710
2373	 CA 	209	 -22.592	  -0.507	  -1.258
2380	 CA 	210	 -22.364	   2.884	  -2.996
5325	 CA 	395	 -22.482	 -18.609	  23.246
5344	 CA 	396	 -21.086	 -16.777	  26.313
5356	 CA 	397	 -22.641	 -13.433	  25.039
5367	 CA 	398	 -20.840	 -11.127	  22.682
6370	 CA 	462	 -17.507	 -12.859	   4.401
6406	 CA 	465	 -18.902	 -16.999	   7.124
6933	 CA 	500	 -12.712	 -12.462	  15.469
6980	 CA 	503	 -13.954	 -13.197	  10.692
21341	CLA 	735	 -24.093	   3.131	   4.444
21342	CLA 	736	 -24.356	  -2.677	 -14.991
21344	CLA 	736	  13.902	  64.622	 -29.261
