786	 CA 	110	 -49.319	  -1.136	  32.500
806	 CA 	111	 -51.450	   1.562	  34.105
821	 CA 	112	 -52.720	   4.268	  31.692
894	 CA 	116	 -59.289	   4.640	  34.637
1467	 CA 	151	 -39.144	   1.843	  -4.004
1477	 CA 	152	 -42.113	   2.474	  -6.337
1497	 CA 	153	 -40.746	   6.001	  -7.288
2201	 CA 	197	 -32.459	   7.084	  -7.780
2279	 CA 	202	 -31.776	   3.338	  -0.151
2324	 CA 	206	 -31.684	  -1.567	   2.619
2373	 CA 	209	 -23.109	  -0.371	  -1.976
2380	 CA 	210	 -21.941	   3.002	  -3.302
5325	 CA 	395	 -27.384	 -16.759	  20.879
5344	 CA 	396	 -27.291	 -13.916	  23.464
5356	 CA 	397	 -27.216	 -11.057	  20.893
5367	 CA 	398	 -23.964	  -9.413	  19.712
6370	 CA 	462	 -18.393	 -12.586	   4.107
6406	 CA 	465	 -19.610	 -16.940	   6.356
6933	 CA 	500	 -15.063	 -11.426	  15.109
6980	 CA 	503	 -15.530	 -12.746	  10.645
21341	CLA 	735	 -22.741	   3.515	   4.129
21342	CLA 	736	 -24.707	  -2.520	 -15.124
21344	CLA 	736	  35.075	   4.888	 -12.915
