786	 CA 	110	 -44.804	   3.861	  36.416
806	 CA 	111	 -48.075	   5.760	  36.113
821	 CA 	112	 -50.035	   7.064	  33.195
894	 CA 	116	 -55.971	   5.259	  36.728
1467	 CA 	151	 -38.842	   2.687	  -3.836
1477	 CA 	152	 -41.549	   3.153	  -6.470
1497	 CA 	153	 -40.058	   6.623	  -7.264
2201	 CA 	197	 -31.953	   6.808	  -7.611
2279	 CA 	202	 -31.115	   3.263	   0.244
2324	 CA 	206	 -30.695	  -1.100	   4.204
2373	 CA 	209	 -22.932	  -0.156	  -1.394
2380	 CA 	210	 -22.067	   3.084	  -3.245
5325	 CA 	395	 -25.033	 -15.731	  23.214
5344	 CA 	396	 -25.873	 -12.836	  25.531
5356	 CA 	397	 -25.459	  -9.841	  23.257
5367	 CA 	398	 -22.145	  -8.654	  21.836
6370	 CA 	462	 -17.832	 -12.116	   4.382
6406	 CA 	465	 -19.595	 -16.304	   6.971
6933	 CA 	500	 -13.955	 -11.255	  15.289
6980	 CA 	503	 -15.053	 -12.421	  10.701
21341	CLA 	735	 -23.340	   3.186	   3.059
21342	CLA 	736	 -24.539	  -3.144	 -14.438
21344	CLA 	736	  17.629	  33.404	 -36.933
