786	 CA 	110	 -46.372	  -0.677	  32.647
806	 CA 	111	 -47.966	   2.494	  34.154
821	 CA 	112	 -50.431	   5.009	  32.542
894	 CA 	116	 -57.116	   4.501	  35.869
1467	 CA 	151	 -38.749	   0.898	  -4.193
1477	 CA 	152	 -41.739	   1.609	  -6.371
1497	 CA 	153	 -40.726	   5.238	  -6.762
2201	 CA 	197	 -32.118	   6.777	  -7.713
2279	 CA 	202	 -30.747	   3.403	   0.125
2324	 CA 	206	 -30.559	  -1.568	   3.317
2373	 CA 	209	 -22.217	  -0.348	  -1.287
2380	 CA 	210	 -21.627	   2.992	  -2.934
5325	 CA 	395	 -23.636	 -18.871	  23.872
5344	 CA 	396	 -27.473	 -18.473	  24.374
5356	 CA 	397	 -27.752	 -15.126	  22.383
5367	 CA 	398	 -25.686	 -12.807	  20.069
6370	 CA 	462	 -17.368	 -12.983	   5.153
6406	 CA 	465	 -18.831	 -16.886	   7.775
6933	 CA 	500	 -13.305	 -11.888	  15.745
6980	 CA 	503	 -14.362	 -12.917	  11.141
21341	CLA 	735	 -21.435	   3.001	   2.462
21342	CLA 	736	 -24.512	  -2.767	 -15.072
21344	CLA 	736	  32.714	   4.918	 -12.928
