786	 CA 	110	 -43.465	  -3.156	  35.704
806	 CA 	111	 -45.449	  -0.062	  36.931
821	 CA 	112	 -46.446	   3.010	  34.907
894	 CA 	116	 -53.225	   3.890	  37.741
1467	 CA 	151	 -38.736	   1.780	  -3.455
1477	 CA 	152	 -41.729	   2.338	  -5.821
1497	 CA 	153	 -40.263	   5.822	  -6.625
2201	 CA 	197	 -32.227	   6.100	  -7.428
2279	 CA 	202	 -31.044	   3.031	   0.725
2324	 CA 	206	 -30.332	  -1.450	   4.292
2373	 CA 	209	 -22.277	  -0.247	  -1.255
2380	 CA 	210	 -22.112	   2.989	  -3.156
5325	 CA 	395	 -24.476	 -18.737	  22.619
5344	 CA 	396	 -24.650	 -16.458	  25.757
5356	 CA 	397	 -24.987	 -13.483	  23.442
5367	 CA 	398	 -22.248	 -11.243	  21.929
6370	 CA 	462	 -17.906	 -12.809	   4.744
6406	 CA 	465	 -19.041	 -16.756	   7.357
6933	 CA 	500	 -13.382	 -12.645	  15.722
6980	 CA 	503	 -14.345	 -13.164	  10.881
21341	CLA 	735	 -22.408	   1.669	   4.788
21342	CLA 	736	 -24.484	  -3.334	 -14.600
21344	CLA 	736	  23.559	  16.260	 -42.556
