786	 CA 	110	 -49.307	  -1.138	  32.783
806	 CA 	111	 -51.098	   2.142	  33.548
821	 CA 	112	 -52.925	   4.734	  31.401
894	 CA 	116	 -57.802	   5.035	  35.326
1467	 CA 	151	 -38.415	   1.133	  -4.255
1477	 CA 	152	 -41.599	   1.681	  -6.325
1497	 CA 	153	 -40.528	   5.202	  -7.232
2201	 CA 	197	 -32.391	   6.481	  -7.839
2279	 CA 	202	 -31.371	   2.250	  -0.420
2324	 CA 	206	 -31.439	  -2.389	   2.941
2373	 CA 	209	 -22.972	  -0.597	  -2.484
2380	 CA 	210	 -22.322	   3.059	  -2.979
5325	 CA 	395	 -25.290	 -17.349	  20.823
5344	 CA 	396	 -26.269	 -15.354	  23.948
5356	 CA 	397	 -26.488	 -12.149	  21.736
5367	 CA 	398	 -23.117	 -10.835	  20.393
6370	 CA 	462	 -17.977	 -12.983	   3.912
6406	 CA 	465	 -19.568	 -17.195	   5.892
6933	 CA 	500	 -14.134	 -12.510	  14.598
6980	 CA 	503	 -14.782	 -13.550	  10.149
21341	CLA 	735	 -23.233	   1.061	   3.698
21342	CLA 	736	 -24.847	  -2.900	 -14.627
21344	CLA 	736	  34.621	   6.582	 -11.087
