786	 CA 	110	 -48.183	  -1.901	  32.418
806	 CA 	111	 -50.435	   0.879	  33.568
821	 CA 	112	 -52.841	   3.000	  31.534
894	 CA 	116	 -59.733	   1.691	  34.553
1467	 CA 	151	 -38.830	   1.559	  -4.493
1477	 CA 	152	 -41.584	   2.319	  -7.061
1497	 CA 	153	 -40.699	   6.070	  -7.440
2201	 CA 	197	 -32.222	   6.968	  -8.032
2279	 CA 	202	 -31.122	   3.681	  -0.274
2324	 CA 	206	 -31.069	  -1.424	   3.593
2373	 CA 	209	 -22.816	  -0.235	  -1.729
2380	 CA 	210	 -22.038	   3.245	  -3.194
5325	 CA 	395	 -24.931	 -17.706	  24.507
5344	 CA 	396	 -28.802	 -17.427	  24.372
5356	 CA 	397	 -28.726	 -14.242	  22.214
5367	 CA 	398	 -26.076	 -11.870	  20.671
6370	 CA 	462	 -17.776	 -12.532	   4.310
6406	 CA 	465	 -19.108	 -16.580	   6.653
6933	 CA 	500	 -13.581	 -11.318	  15.920
6980	 CA 	503	 -14.551	 -12.936	  10.625
21341	CLA 	735	 -21.672	   2.550	   1.286
21342	CLA 	736	 -24.479	  -2.582	 -15.264
21344	CLA 	736	  32.663	   5.016	 -12.501
