786	 CA 	110	 -48.930	  -2.343	  32.816
806	 CA 	111	 -50.927	   0.527	  34.271
821	 CA 	112	 -52.105	   3.973	  33.200
894	 CA 	116	 -59.157	   3.052	  35.607
1467	 CA 	151	 -38.416	   3.200	  -4.041
1477	 CA 	152	 -41.272	   3.594	  -6.556
1497	 CA 	153	 -39.984	   7.095	  -7.332
2201	 CA 	197	 -31.654	   7.797	  -7.984
2279	 CA 	202	 -31.468	   3.842	  -0.298
2324	 CA 	206	 -31.084	  -1.108	   3.078
2373	 CA 	209	 -23.107	  -0.053	  -2.408
2380	 CA 	210	 -21.114	   3.172	  -2.788
5325	 CA 	395	 -28.535	 -16.231	  19.763
5344	 CA 	396	 -29.550	 -14.232	  22.878
5356	 CA 	397	 -28.420	 -10.875	  21.521
5367	 CA 	398	 -26.056	  -9.882	  18.801
6370	 CA 	462	 -18.523	 -13.230	   3.395
6406	 CA 	465	 -19.645	 -17.463	   5.704
6933	 CA 	500	 -15.541	 -13.416	  15.040
6980	 CA 	503	 -15.873	 -13.800	  10.205
21341	CLA 	735	 -22.798	   3.574	   3.235
21342	CLA 	736	 -24.152	  -2.450	 -15.165
21344	CLA 	736	  37.804	   4.530	 -11.790
