786	 CA 	110	 -46.074	  -3.843	  35.260
806	 CA 	111	 -47.682	  -0.446	  36.233
821	 CA 	112	 -48.286	   2.604	  34.021
894	 CA 	116	 -54.991	   3.393	  37.494
1467	 CA 	151	 -38.437	   3.037	  -4.448
1477	 CA 	152	 -41.538	   3.552	  -6.706
1497	 CA 	153	 -40.061	   7.089	  -7.375
2201	 CA 	197	 -32.067	   7.778	  -7.872
2279	 CA 	202	 -31.181	   4.272	  -0.137
2324	 CA 	206	 -31.675	  -0.514	   2.967
2373	 CA 	209	 -23.158	  -0.373	  -1.879
2380	 CA 	210	 -21.975	   3.150	  -2.875
5325	 CA 	395	 -26.808	 -16.160	  21.301
5344	 CA 	396	 -27.182	 -13.313	  23.804
5356	 CA 	397	 -26.491	 -10.507	  21.228
5367	 CA 	398	 -23.097	  -9.498	  19.661
6370	 CA 	462	 -18.102	 -12.626	   4.181
6406	 CA 	465	 -19.056	 -16.726	   6.625
6933	 CA 	500	 -14.165	 -11.546	  15.411
6980	 CA 	503	 -15.183	 -12.977	  10.759
21341	CLA 	735	 -23.847	   2.806	   3.386
21342	CLA 	736	 -24.877	  -2.505	 -14.986
21344	CLA 	736	  32.028	   7.242	 -14.805
