786	 CA 	110	 -47.578	  -2.541	  32.266
806	 CA 	111	 -49.861	   0.441	  33.467
821	 CA 	112	 -52.000	   3.225	  32.092
894	 CA 	116	 -59.067	   3.163	  34.937
1467	 CA 	151	 -38.610	   1.497	  -4.671
1477	 CA 	152	 -41.678	   2.044	  -6.908
1497	 CA 	153	 -40.848	   5.650	  -7.691
2201	 CA 	197	 -31.351	   7.290	  -8.436
2279	 CA 	202	 -30.320	   4.103	  -0.546
2324	 CA 	206	 -31.408	  -1.155	   2.895
2373	 CA 	209	 -23.186	  -0.461	  -2.557
2380	 CA 	210	 -22.623	   3.181	  -3.199
5325	 CA 	395	 -25.059	 -18.347	  23.897
5344	 CA 	396	 -28.843	 -18.098	  24.212
5356	 CA 	397	 -28.916	 -14.899	  21.958
5367	 CA 	398	 -26.023	 -12.886	  20.154
6370	 CA 	462	 -18.305	 -13.252	   3.974
6406	 CA 	465	 -19.771	 -17.072	   6.171
6933	 CA 	500	 -14.178	 -12.080	  15.061
6980	 CA 	503	 -15.406	 -13.195	  10.488
21341	CLA 	735	 -21.746	   2.763	   2.172
21342	CLA 	736	 -24.369	  -2.695	 -15.110
21344	CLA 	736	  33.294	   4.863	 -13.041
