786	 CA 	110	 -46.840	   2.938	  35.819
806	 CA 	111	 -50.476	   4.554	  36.181
821	 CA 	112	 -53.324	   6.204	  34.379
894	 CA 	116	 -58.496	   2.289	  37.662
1467	 CA 	151	 -38.778	   1.527	  -3.476
1477	 CA 	152	 -41.741	   2.201	  -5.868
1497	 CA 	153	 -40.323	   5.807	  -6.606
2201	 CA 	197	 -32.502	   6.468	  -7.313
2279	 CA 	202	 -31.670	   3.096	   0.645
2324	 CA 	206	 -30.482	  -1.373	   4.169
2373	 CA 	209	 -23.220	  -0.089	  -1.494
2380	 CA 	210	 -22.476	   3.265	  -3.019
5325	 CA 	395	 -23.810	 -16.390	  23.328
5344	 CA 	396	 -24.302	 -13.806	  26.058
5356	 CA 	397	 -24.762	 -10.897	  23.574
5367	 CA 	398	 -21.774	  -9.468	  21.569
6370	 CA 	462	 -17.380	 -12.886	   4.660
6406	 CA 	465	 -18.728	 -16.447	   7.488
6933	 CA 	500	 -12.940	 -12.239	  15.509
6980	 CA 	503	 -13.892	 -12.721	  10.925
21341	CLA 	735	 -22.872	   2.511	   4.505
21342	CLA 	736	 -24.833	  -2.916	 -14.711
21344	CLA 	736	  26.714	  53.185	 -34.420
