786	 CA 	110	 -47.064	  -1.693	  32.304
806	 CA 	111	 -48.471	   1.729	  33.207
821	 CA 	112	 -50.979	   4.108	  31.626
894	 CA 	116	 -54.793	   2.992	  35.834
1467	 CA 	151	 -39.012	   1.769	  -4.064
1477	 CA 	152	 -41.932	   2.393	  -6.431
1497	 CA 	153	 -40.533	   5.817	  -7.119
2201	 CA 	197	 -32.454	   6.859	  -8.361
2279	 CA 	202	 -31.492	   3.041	  -0.595
2324	 CA 	206	 -30.591	  -1.954	   3.238
2373	 CA 	209	 -22.106	  -0.458	  -2.048
2380	 CA 	210	 -21.304	   3.086	  -3.244
5325	 CA 	395	 -25.066	 -17.678	  20.451
5344	 CA 	396	 -26.257	 -15.383	  23.302
5356	 CA 	397	 -25.741	 -12.219	  21.102
5367	 CA 	398	 -22.322	 -10.524	  20.713
6370	 CA 	462	 -17.855	 -12.668	   3.685
6406	 CA 	465	 -18.929	 -16.956	   6.220
6933	 CA 	500	 -14.188	 -12.193	  14.896
6980	 CA 	503	 -14.517	 -12.788	  10.000
21341	CLA 	735	 -22.286	   2.542	   3.394
21342	CLA 	736	 -24.394	  -2.742	 -14.693
21344	CLA 	736	  33.773	   5.470	 -11.141
