786	 CA 	110	 -48.708	  -2.620	  32.206
806	 CA 	111	 -50.815	   0.400	  33.436
821	 CA 	112	 -52.154	   3.173	  31.285
894	 CA 	116	 -56.677	   2.465	  34.943
1467	 CA 	151	 -39.135	   1.747	  -4.863
1477	 CA 	152	 -41.922	   2.586	  -7.443
1497	 CA 	153	 -40.602	   6.073	  -8.043
2201	 CA 	197	 -32.853	   6.897	  -8.848
2279	 CA 	202	 -31.657	   2.884	  -1.113
2324	 CA 	206	 -31.841	  -1.767	   2.283
2373	 CA 	209	 -22.649	  -0.310	  -2.339
2380	 CA 	210	 -21.735	   3.286	  -3.187
5325	 CA 	395	 -26.623	 -16.359	  20.302
5344	 CA 	396	 -26.586	 -13.968	  23.344
5356	 CA 	397	 -26.463	 -10.808	  21.080
5367	 CA 	398	 -23.097	  -9.795	  19.676
6370	 CA 	462	 -18.054	 -12.461	   3.855
6406	 CA 	465	 -19.145	 -16.819	   5.993
6933	 CA 	500	 -14.546	 -11.927	  14.788
6980	 CA 	503	 -14.943	 -12.945	  10.173
21341	CLA 	735	 -23.692	   3.536	   2.126
21342	CLA 	736	 -24.821	  -3.069	 -14.857
21344	CLA 	736	  34.933	   6.003	  -8.869
