786	 CA 	110	 -44.951	  -1.584	  33.039
806	 CA 	111	 -47.583	   1.193	  33.527
821	 CA 	112	 -49.344	   4.042	  31.797
894	 CA 	116	 -54.855	   4.068	  36.874
1467	 CA 	151	 -38.617	   2.153	  -4.432
1477	 CA 	152	 -41.580	   2.759	  -6.802
1497	 CA 	153	 -40.384	   6.232	  -7.745
2201	 CA 	197	 -32.482	   7.557	  -8.326
2279	 CA 	202	 -31.620	   3.683	  -0.733
2324	 CA 	206	 -31.509	  -0.867	   2.866
2373	 CA 	209	 -23.389	  -0.420	  -2.025
2380	 CA 	210	 -22.504	   3.017	  -3.381
5325	 CA 	395	 -26.529	 -16.909	  22.142
5344	 CA 	396	 -27.825	 -14.862	  24.960
5356	 CA 	397	 -26.433	 -11.594	  23.558
5367	 CA 	398	 -23.459	 -10.544	  21.465
6370	 CA 	462	 -18.190	 -12.682	   3.855
6406	 CA 	465	 -19.290	 -16.841	   6.110
6933	 CA 	500	 -14.588	 -11.578	  15.209
6980	 CA 	503	 -15.131	 -12.963	  10.285
21341	CLA 	735	 -22.167	   2.549	   1.323
21342	CLA 	736	 -25.188	  -3.060	 -14.525
21344	CLA 	736	  33.923	   5.391	 -12.258
