786	 CA 	110	 -45.628	   2.062	  37.188
806	 CA 	111	 -48.999	   3.873	  37.730
821	 CA 	112	 -51.078	   6.600	  35.711
894	 CA 	116	 -57.462	   4.472	  38.053
1467	 CA 	151	 -38.687	   2.270	  -3.544
1477	 CA 	152	 -41.584	   3.192	  -5.978
1497	 CA 	153	 -39.905	   6.652	  -6.669
2201	 CA 	197	 -31.914	   6.715	  -7.463
2279	 CA 	202	 -30.945	   2.804	   0.353
2324	 CA 	206	 -30.559	  -1.298	   4.130
2373	 CA 	209	 -22.843	  -0.549	  -1.135
2380	 CA 	210	 -22.140	   2.712	  -3.106
5325	 CA 	395	 -24.740	 -17.022	  22.925
5344	 CA 	396	 -23.582	 -15.066	  26.127
5356	 CA 	397	 -23.855	 -11.621	  24.290
5367	 CA 	398	 -21.531	  -9.867	  21.772
6370	 CA 	462	 -17.906	 -13.163	   4.806
6406	 CA 	465	 -19.534	 -16.937	   7.184
6933	 CA 	500	 -13.424	 -12.695	  15.539
6980	 CA 	503	 -14.733	 -13.139	  10.924
21341	CLA 	735	 -23.038	   2.474	   3.756
21342	CLA 	736	 -24.682	  -2.600	 -14.683
21344	CLA 	736	  21.573	  43.268	 -40.066
