786	 CA 	110	 -46.404	  -1.635	  33.331
806	 CA 	111	 -48.164	   1.691	  34.249
821	 CA 	112	 -49.878	   4.413	  32.592
894	 CA 	116	 -55.936	   5.044	  37.245
1467	 CA 	151	 -39.081	   1.960	  -4.494
1477	 CA 	152	 -41.824	   3.062	  -6.819
1497	 CA 	153	 -40.194	   6.482	  -7.109
2201	 CA 	197	 -32.201	   7.159	  -8.229
2279	 CA 	202	 -31.169	   3.296	  -0.678
2324	 CA 	206	 -31.171	  -1.309	   2.866
2373	 CA 	209	 -23.229	  -0.718	  -2.063
2380	 CA 	210	 -22.600	   2.869	  -3.225
5325	 CA 	395	 -27.008	 -17.482	  22.236
5344	 CA 	396	 -28.996	 -16.208	  25.381
5356	 CA 	397	 -28.418	 -12.597	  24.503
5367	 CA 	398	 -25.660	 -11.381	  22.099
6370	 CA 	462	 -18.560	 -13.350	   3.585
6406	 CA 	465	 -20.007	 -17.453	   5.663
6933	 CA 	500	 -15.038	 -13.554	  15.072
6980	 CA 	503	 -15.250	 -14.198	  10.134
21341	CLA 	735	 -21.569	   2.829	   1.888
21342	CLA 	736	 -25.358	  -2.944	 -14.849
21344	CLA 	736	  32.226	   5.045	 -11.551
