786	 CA 	110	 -44.318	  -4.140	  34.754
806	 CA 	111	 -45.869	  -0.983	  36.261
821	 CA 	112	 -47.544	   1.942	  34.465
894	 CA 	116	 -54.194	  -0.001	  37.891
1467	 CA 	151	 -38.893	   2.987	  -3.265
1477	 CA 	152	 -41.722	   3.896	  -5.653
1497	 CA 	153	 -40.129	   7.179	  -6.580
2201	 CA 	197	 -31.959	   7.889	  -7.307
2279	 CA 	202	 -31.139	   3.866	   0.271
2324	 CA 	206	 -31.971	  -0.664	   3.059
2373	 CA 	209	 -23.151	  -0.331	  -2.292
2380	 CA 	210	 -21.498	   3.121	  -2.697
5325	 CA 	395	 -26.114	 -17.219	  20.935
5344	 CA 	396	 -26.306	 -14.574	  23.727
5356	 CA 	397	 -26.687	 -11.993	  20.915
5367	 CA 	398	 -23.773	 -10.299	  18.989
6370	 CA 	462	 -18.700	 -13.028	   3.431
6406	 CA 	465	 -19.892	 -17.179	   5.742
6933	 CA 	500	 -15.018	 -12.160	  14.956
6980	 CA 	503	 -15.891	 -13.176	  10.033
21341	CLA 	735	 -23.395	   3.532	   3.686
21342	CLA 	736	 -24.741	  -2.632	 -14.589
21344	CLA 	736	  35.343	   6.507	 -13.303
