786	 CA 	110	 -49.927	   3.914	  32.672
806	 CA 	111	 -52.318	   6.609	  33.954
821	 CA 	112	 -54.839	   8.439	  31.716
894	 CA 	116	 -62.037	   5.180	  32.253
1467	 CA 	151	 -38.960	   1.340	  -3.833
1477	 CA 	152	 -42.214	   1.645	  -5.957
1497	 CA 	153	 -41.150	   5.278	  -6.977
2201	 CA 	197	 -32.576	   6.462	  -7.674
2279	 CA 	202	 -31.304	   3.463	   0.401
2324	 CA 	206	 -30.447	  -0.860	   3.005
2373	 CA 	209	 -22.682	  -0.476	  -2.438
2380	 CA 	210	 -21.235	   3.083	  -2.486
5325	 CA 	395	 -21.798	 -19.051	  25.456
5344	 CA 	396	 -25.349	 -19.305	  24.185
5356	 CA 	397	 -26.835	 -15.964	  23.135
5367	 CA 	398	 -24.592	 -13.942	  20.721
6370	 CA 	462	 -17.530	 -12.717	   4.396
6406	 CA 	465	 -18.721	 -16.691	   7.032
6933	 CA 	500	 -12.548	 -11.808	  15.584
6980	 CA 	503	 -13.947	 -13.328	  11.117
21341	CLA 	735	 -22.321	   1.207	   3.693
21342	CLA 	736	 -24.480	  -1.931	 -14.590
21344	CLA 	736	  30.096	   0.638	 -15.807
