786	 CA 	110	 -49.680	  -0.255	  31.540
806	 CA 	111	 -51.841	   3.009	  31.790
821	 CA 	112	 -53.892	   5.620	  29.827
894	 CA 	116	 -61.014	   5.658	  33.393
1467	 CA 	151	 -39.478	   3.082	  -4.625
1477	 CA 	152	 -42.411	   4.188	  -6.953
1497	 CA 	153	 -40.726	   7.658	  -7.301
2201	 CA 	197	 -31.873	   8.047	  -8.354
2279	 CA 	202	 -31.226	   4.072	  -0.713
2324	 CA 	206	 -31.868	  -0.972	   2.480
2373	 CA 	209	 -22.866	  -0.191	  -1.984
2380	 CA 	210	 -22.124	   3.248	  -3.456
5325	 CA 	395	 -27.180	 -17.807	  23.884
5344	 CA 	396	 -30.748	 -16.460	  23.988
5356	 CA 	397	 -29.836	 -13.368	  22.101
5367	 CA 	398	 -26.618	 -11.701	  20.692
6370	 CA 	462	 -18.879	 -12.633	   3.725
6406	 CA 	465	 -20.570	 -16.948	   5.782
6933	 CA 	500	 -15.505	 -12.924	  15.046
6980	 CA 	503	 -16.055	 -13.610	   9.906
21341	CLA 	735	 -21.983	   2.915	   1.207
21342	CLA 	736	 -25.599	  -2.373	 -14.772
21344	CLA 	736	  33.968	   4.648	 -10.293
