786	 CA 	110	 -45.797	  -4.015	  34.096
806	 CA 	111	 -48.411	  -1.293	  34.914
821	 CA 	112	 -50.130	   1.502	  32.977
894	 CA 	116	 -55.860	   0.155	  36.335
1467	 CA 	151	 -38.774	   1.147	  -3.798
1477	 CA 	152	 -41.524	   1.638	  -6.568
1497	 CA 	153	 -40.379	   5.172	  -7.178
2201	 CA 	197	 -32.621	   6.423	  -7.743
2279	 CA 	202	 -31.917	   3.153	   0.049
2324	 CA 	206	 -30.784	  -2.019	   3.160
2373	 CA 	209	 -23.002	  -0.693	  -2.393
2380	 CA 	210	 -21.841	   2.835	  -3.030
5325	 CA 	395	 -25.775	 -18.492	  22.202
5344	 CA 	396	 -25.673	 -16.491	  25.423
5356	 CA 	397	 -25.440	 -13.003	  24.010
5367	 CA 	398	 -22.675	 -11.149	  22.050
6370	 CA 	462	 -17.883	 -13.975	   4.199
6406	 CA 	465	 -19.326	 -17.607	   6.377
6933	 CA 	500	 -14.515	 -12.818	  15.293
6980	 CA 	503	 -15.048	 -13.488	  10.289
21341	CLA 	735	 -23.243	   3.153	   2.970
21342	CLA 	736	 -24.038	  -2.845	 -14.990
21344	CLA 	736	  32.241	   9.937	 -14.899
