786	 CA 	110	 -45.185	   0.164	  34.360
806	 CA 	111	 -47.612	   2.592	  36.061
821	 CA 	112	 -49.201	   5.792	  34.708
894	 CA 	116	 -56.470	   5.874	  36.672
1467	 CA 	151	 -38.318	   3.072	  -4.247
1477	 CA 	152	 -41.212	   3.947	  -6.605
1497	 CA 	153	 -39.764	   7.487	  -7.416
2201	 CA 	197	 -31.474	   7.295	  -7.584
2279	 CA 	202	 -30.813	   3.625	   0.301
2324	 CA 	206	 -30.661	  -0.848	   3.951
2373	 CA 	209	 -22.938	  -0.295	  -1.148
2380	 CA 	210	 -21.733	   2.834	  -2.985
5325	 CA 	395	 -25.573	 -16.453	  23.137
5344	 CA 	396	 -25.216	 -13.753	  25.802
5356	 CA 	397	 -25.179	 -11.083	  23.041
5367	 CA 	398	 -22.499	  -9.179	  21.199
6370	 CA 	462	 -18.677	 -12.849	   4.400
6406	 CA 	465	 -20.406	 -16.515	   7.307
6933	 CA 	500	 -13.417	 -12.498	  15.650
6980	 CA 	503	 -15.077	 -13.105	  10.977
21341	CLA 	735	 -23.151	   3.129	   3.656
21342	CLA 	736	 -24.286	  -3.024	 -14.941
21344	CLA 	736	  30.151	  16.332	 -43.238
