786	 CA 	110	 -44.650	  -4.740	  33.277
806	 CA 	111	 -46.802	  -1.871	  34.501
821	 CA 	112	 -48.195	   1.430	  33.282
894	 CA 	116	 -54.380	   0.730	  36.540
1467	 CA 	151	 -38.805	   3.207	  -4.412
1477	 CA 	152	 -41.795	   3.619	  -6.784
1497	 CA 	153	 -40.604	   7.154	  -7.443
2201	 CA 	197	 -31.981	   7.965	  -8.041
2279	 CA 	202	 -31.731	   4.023	  -0.306
2324	 CA 	206	 -31.695	  -0.961	   2.254
2373	 CA 	209	 -22.953	  -0.098	  -2.242
2380	 CA 	210	 -21.211	   3.358	  -2.716
5325	 CA 	395	 -26.841	 -16.941	  21.664
5344	 CA 	396	 -27.222	 -14.572	  24.599
5356	 CA 	397	 -26.828	 -11.442	  22.253
5367	 CA 	398	 -23.627	 -10.468	  20.703
6370	 CA 	462	 -18.301	 -13.241	   4.087
6406	 CA 	465	 -20.224	 -17.220	   6.385
6933	 CA 	500	 -14.466	 -12.709	  15.136
6980	 CA 	503	 -15.451	 -13.425	  10.080
21341	CLA 	735	 -23.645	   3.581	   2.989
21342	CLA 	736	 -25.026	  -3.206	 -14.820
21344	CLA 	736	  31.447	   4.997	 -17.113
