786	 CA 	110	 -45.501	  -3.194	  34.746
806	 CA 	111	 -47.104	   0.279	  35.409
821	 CA 	112	 -47.678	   3.420	  33.425
894	 CA 	116	 -53.765	   4.648	  37.755
1467	 CA 	151	 -38.886	   3.319	  -3.934
1477	 CA 	152	 -41.718	   4.099	  -6.431
1497	 CA 	153	 -40.263	   7.427	  -7.234
2201	 CA 	197	 -31.758	   7.701	  -8.239
2279	 CA 	202	 -31.425	   4.006	   0.080
2324	 CA 	206	 -31.511	  -0.414	   2.843
2373	 CA 	209	 -23.034	  -0.089	  -2.387
2380	 CA 	210	 -21.605	   3.224	  -3.257
5325	 CA 	395	 -27.611	 -16.534	  21.185
5344	 CA 	396	 -27.073	 -13.911	  23.934
5356	 CA 	397	 -26.594	 -11.172	  21.366
5367	 CA 	398	 -23.090	 -10.352	  19.958
6370	 CA 	462	 -18.573	 -13.507	   4.035
6406	 CA 	465	 -19.815	 -17.274	   6.639
6933	 CA 	500	 -14.407	 -12.220	  15.735
6980	 CA 	503	 -15.453	 -13.196	  10.639
21341	CLA 	735	 -23.226	   3.453	   3.023
21342	CLA 	736	 -24.070	  -2.178	 -15.382
21344	CLA 	736	  32.175	   6.070	 -14.457
