786	 CA 	110	 -49.062	  -0.249	  31.617
806	 CA 	111	 -50.985	   2.865	  32.914
821	 CA 	112	 -53.608	   5.062	  31.090
894	 CA 	116	 -61.387	   4.922	  33.492
1467	 CA 	151	 -39.432	   2.406	  -4.416
1477	 CA 	152	 -42.345	   3.302	  -6.833
1497	 CA 	153	 -40.872	   6.921	  -7.329
2201	 CA 	197	 -32.330	   7.958	  -8.213
2279	 CA 	202	 -31.661	   3.839	  -0.446
2324	 CA 	206	 -31.726	  -1.020	   2.809
2373	 CA 	209	 -23.526	  -0.151	  -2.258
2380	 CA 	210	 -22.464	   3.251	  -3.551
5325	 CA 	395	 -27.109	 -16.675	  23.737
5344	 CA 	396	 -30.959	 -16.013	  24.125
5356	 CA 	397	 -30.398	 -12.494	  22.668
5367	 CA 	398	 -27.099	 -10.862	  21.298
6370	 CA 	462	 -19.029	 -12.503	   4.030
6406	 CA 	465	 -20.818	 -16.509	   6.381
6933	 CA 	500	 -15.882	 -12.339	  15.591
6980	 CA 	503	 -16.287	 -13.187	  10.616
21341	CLA 	735	 -21.819	   3.205	   1.281
21342	CLA 	736	 -25.146	  -2.962	 -14.891
21344	CLA 	736	  34.706	   6.108	  -9.490
