786	 CA 	110	 -47.879	  -1.944	  32.464
806	 CA 	111	 -50.072	   0.942	  33.661
821	 CA 	112	 -52.172	   3.374	  31.805
894	 CA 	116	 -56.560	   2.894	  35.927
1467	 CA 	151	 -38.650	   1.865	  -4.235
1477	 CA 	152	 -41.768	   2.337	  -6.535
1497	 CA 	153	 -40.616	   5.970	  -7.335
2201	 CA 	197	 -32.689	   7.161	  -8.345
2279	 CA 	202	 -31.934	   3.253	  -0.639
2324	 CA 	206	 -31.272	  -1.365	   2.649
2373	 CA 	209	 -23.097	  -0.259	  -2.354
2380	 CA 	210	 -21.906	   3.299	  -2.910
5325	 CA 	395	 -26.845	 -16.010	  20.621
5344	 CA 	396	 -27.776	 -13.388	  23.268
5356	 CA 	397	 -26.368	 -10.438	  21.160
5367	 CA 	398	 -22.888	  -9.330	  20.058
6370	 CA 	462	 -17.998	 -12.099	   3.865
6406	 CA 	465	 -19.275	 -16.434	   6.035
6933	 CA 	500	 -15.139	 -11.794	  15.249
6980	 CA 	503	 -15.332	 -13.096	  10.491
21341	CLA 	735	 -23.376	   3.369	   3.115
21342	CLA 	736	 -24.691	  -2.768	 -14.846
21344	CLA 	736	  34.861	   5.643	  -9.155
