786	 CA 	110	 -48.634	  -2.782	  31.966
806	 CA 	111	 -50.783	   0.321	  32.774
821	 CA 	112	 -52.304	   2.981	  30.285
894	 CA 	116	 -56.804	   2.259	  35.046
1467	 CA 	151	 -39.232	   2.266	  -4.389
1477	 CA 	152	 -42.245	   2.932	  -6.736
1497	 CA 	153	 -40.905	   6.402	  -7.558
2201	 CA 	197	 -32.702	   7.311	  -8.233
2279	 CA 	202	 -32.070	   3.857	  -0.589
2324	 CA 	206	 -31.788	  -1.428	   2.742
2373	 CA 	209	 -23.170	  -0.264	  -2.079
2380	 CA 	210	 -22.434	   3.239	  -3.205
5325	 CA 	395	 -26.904	 -16.473	  21.236
5344	 CA 	396	 -26.883	 -14.079	  24.220
5356	 CA 	397	 -26.096	 -11.046	  21.971
5367	 CA 	398	 -22.893	  -9.899	  20.131
6370	 CA 	462	 -18.068	 -12.715	   3.824
6406	 CA 	465	 -19.594	 -17.078	   6.277
6933	 CA 	500	 -14.870	 -12.273	  14.892
6980	 CA 	503	 -15.019	 -13.433	  10.289
21341	CLA 	735	 -23.659	   3.103	   3.170
21342	CLA 	736	 -25.067	  -2.684	 -14.992
21344	CLA 	736	  34.476	   6.554	  -9.317
