786	 CA 	110	 -46.585	   4.814	  34.952
806	 CA 	111	 -49.109	   6.850	  37.126
821	 CA 	112	 -51.639	   9.453	  35.725
894	 CA 	116	 -56.546	   6.423	  39.834
1467	 CA 	151	 -38.584	   2.435	  -4.141
1477	 CA 	152	 -41.613	   3.100	  -6.468
1497	 CA 	153	 -40.136	   6.637	  -7.023
2201	 CA 	197	 -32.107	   6.676	  -7.409
2279	 CA 	202	 -31.194	   3.420	   0.738
2324	 CA 	206	 -30.624	  -1.480	   4.701
2373	 CA 	209	 -22.817	  -0.161	  -1.340
2380	 CA 	210	 -22.409	   3.188	  -3.059
5325	 CA 	395	 -23.973	 -17.614	  23.228
5344	 CA 	396	 -22.796	 -15.693	  26.244
5356	 CA 	397	 -24.280	 -12.612	  24.685
5367	 CA 	398	 -22.395	 -10.598	  22.049
6370	 CA 	462	 -18.231	 -12.548	   4.723
6406	 CA 	465	 -19.901	 -16.451	   7.489
6933	 CA 	500	 -14.106	 -11.783	  15.967
6980	 CA 	503	 -14.642	 -12.977	  10.791
21341	CLA 	735	 -23.352	   3.041	   3.852
21342	CLA 	736	 -24.337	  -2.969	 -14.884
21344	CLA 	736	  16.670	  64.314	 -30.884
