786	 CA 	110	 -46.019	   0.401	  32.429
806	 CA 	111	 -48.676	   2.921	  33.595
821	 CA 	112	 -51.002	   5.682	  32.312
894	 CA 	116	 -56.243	   3.915	  37.625
1467	 CA 	151	 -39.612	   2.335	  -4.450
1477	 CA 	152	 -42.535	   3.057	  -6.883
1497	 CA 	153	 -40.853	   6.411	  -7.467
2201	 CA 	197	 -32.449	   7.207	  -7.997
2279	 CA 	202	 -31.176	   3.668	  -0.275
2324	 CA 	206	 -31.404	  -1.079	   3.010
2373	 CA 	209	 -23.255	  -0.105	  -1.422
2380	 CA 	210	 -22.542	   3.103	  -3.281
5325	 CA 	395	 -25.079	 -16.888	  24.321
5344	 CA 	396	 -28.484	 -15.615	  25.517
5356	 CA 	397	 -27.693	 -12.153	  24.158
5367	 CA 	398	 -24.869	 -11.019	  21.697
6370	 CA 	462	 -18.487	 -12.769	   3.870
6406	 CA 	465	 -20.101	 -16.961	   6.654
6933	 CA 	500	 -14.261	 -11.923	  15.672
6980	 CA 	503	 -15.221	 -13.236	  10.341
21341	CLA 	735	 -21.980	   2.908	   1.762
21342	CLA 	736	 -24.870	  -3.060	 -14.465
21344	CLA 	736	  33.937	   5.655	 -10.853
