786	 CA 	110	 -45.574	  -3.492	  34.104
806	 CA 	111	 -48.076	  -0.830	  35.181
821	 CA 	112	 -49.869	   1.924	  33.334
894	 CA 	116	 -54.987	   0.709	  36.845
1467	 CA 	151	 -38.744	   1.664	  -4.564
1477	 CA 	152	 -41.756	   1.837	  -7.025
1497	 CA 	153	 -40.640	   5.476	  -7.634
2201	 CA 	197	 -32.452	   6.149	  -8.060
2279	 CA 	202	 -31.683	   2.973	  -0.328
2324	 CA 	206	 -30.764	  -2.603	   3.110
2373	 CA 	209	 -22.988	  -0.563	  -2.252
2380	 CA 	210	 -21.886	   3.050	  -2.757
5325	 CA 	395	 -25.818	 -18.433	  22.456
5344	 CA 	396	 -25.201	 -16.274	  25.446
5356	 CA 	397	 -24.724	 -12.611	  24.313
5367	 CA 	398	 -22.922	 -10.969	  21.401
6370	 CA 	462	 -18.299	 -13.611	   4.040
6406	 CA 	465	 -19.365	 -17.543	   6.518
6933	 CA 	500	 -14.570	 -13.049	  15.063
6980	 CA 	503	 -14.951	 -13.731	  10.284
21341	CLA 	735	 -23.786	   3.112	   3.492
21342	CLA 	736	 -24.442	  -2.758	 -14.813
21344	CLA 	736	  32.594	   9.186	 -16.323
