786	 CA 	110	 -44.243	  -3.961	  34.395
806	 CA 	111	 -46.658	  -1.074	  35.055
821	 CA 	112	 -47.487	   2.279	  33.227
894	 CA 	116	 -54.724	   3.555	  35.262
1467	 CA 	151	 -38.915	   1.607	  -4.308
1477	 CA 	152	 -41.688	   2.539	  -6.736
1497	 CA 	153	 -40.381	   6.140	  -7.447
2201	 CA 	197	 -32.173	   6.566	  -7.090
2279	 CA 	202	 -31.280	   3.089	   0.427
2324	 CA 	206	 -30.685	  -1.473	   3.820
2373	 CA 	209	 -23.286	  -0.359	  -1.730
2380	 CA 	210	 -22.442	   3.146	  -3.044
5325	 CA 	395	 -25.185	 -18.034	  21.763
5344	 CA 	396	 -24.622	 -15.991	  24.924
5356	 CA 	397	 -25.072	 -12.854	  22.756
5367	 CA 	398	 -22.313	 -10.611	  21.611
6370	 CA 	462	 -18.266	 -12.662	   4.398
6406	 CA 	465	 -19.502	 -16.593	   6.972
6933	 CA 	500	 -13.548	 -12.640	  15.211
6980	 CA 	503	 -14.417	 -13.356	  10.710
21341	CLA 	735	 -23.178	   3.953	   4.543
21342	CLA 	736	 -24.182	  -3.188	 -14.607
21344	CLA 	736	  24.908	  18.198	 -40.143
