786	 CA 	110	 -47.847	  -1.373	  33.233
806	 CA 	111	 -50.458	   1.180	  34.556
821	 CA 	112	 -52.234	   4.304	  33.145
894	 CA 	116	 -58.989	   5.397	  36.917
1467	 CA 	151	 -39.085	   2.425	  -3.714
1477	 CA 	152	 -42.008	   3.011	  -6.048
1497	 CA 	153	 -40.552	   6.482	  -6.860
2201	 CA 	197	 -32.818	   7.098	  -7.863
2279	 CA 	202	 -31.454	   3.210	  -0.175
2324	 CA 	206	 -31.035	  -1.261	   2.950
2373	 CA 	209	 -23.351	  -0.437	  -2.662
2380	 CA 	210	 -22.572	   3.244	  -3.554
5325	 CA 	395	 -26.227	 -16.815	  20.912
5344	 CA 	396	 -25.913	 -14.186	  23.588
5356	 CA 	397	 -25.294	 -11.389	  21.140
5367	 CA 	398	 -22.126	  -9.853	  19.787
6370	 CA 	462	 -17.638	 -13.384	   4.011
6406	 CA 	465	 -19.017	 -16.998	   6.254
6933	 CA 	500	 -13.959	 -12.659	  15.403
6980	 CA 	503	 -14.415	 -12.930	  10.359
21341	CLA 	735	 -22.939	   3.588	   4.321
21342	CLA 	736	 -24.445	  -2.619	 -15.078
21344	CLA 	736	  36.392	   3.100	 -13.219
