786	 CA 	110	 -50.029	   2.754	  33.127
806	 CA 	111	 -52.118	   5.715	  34.520
821	 CA 	112	 -54.651	   7.893	  32.614
894	 CA 	116	 -60.825	   3.921	  34.377
1467	 CA 	151	 -38.693	   1.113	  -3.495
1477	 CA 	152	 -41.652	   1.848	  -5.665
1497	 CA 	153	 -40.446	   5.318	  -6.213
2201	 CA 	197	 -32.114	   6.055	  -7.176
2279	 CA 	202	 -30.803	   3.217	   1.350
2324	 CA 	206	 -30.991	  -1.893	   2.890
2373	 CA 	209	 -22.574	  -0.636	  -2.623
2380	 CA 	210	 -21.531	   3.097	  -2.870
5325	 CA 	395	 -23.080	 -19.840	  25.596
5344	 CA 	396	 -26.695	 -18.789	  24.608
5356	 CA 	397	 -27.192	 -15.311	  23.119
5367	 CA 	398	 -24.357	 -13.955	  20.660
6370	 CA 	462	 -18.228	 -12.690	   3.737
6406	 CA 	465	 -19.689	 -16.545	   6.289
6933	 CA 	500	 -12.941	 -13.552	  15.198
6980	 CA 	503	 -13.841	 -14.467	  10.307
21341	CLA 	735	 -21.933	   2.580	   4.732
21342	CLA 	736	 -24.320	  -2.271	 -14.527
21344	CLA 	736	  31.307	   0.477	 -15.018
