786	 CA 	110	 -44.780	   0.408	  36.077
806	 CA 	111	 -47.156	   3.390	  36.353
821	 CA 	112	 -48.578	   5.856	  33.742
894	 CA 	116	 -54.839	   6.666	  36.298
1467	 CA 	151	 -38.740	   2.725	  -3.585
1477	 CA 	152	 -41.815	   3.201	  -5.808
1497	 CA 	153	 -40.629	   6.703	  -6.941
2201	 CA 	197	 -32.138	   7.256	  -7.636
2279	 CA 	202	 -31.447	   3.480	   0.347
2324	 CA 	206	 -30.566	  -1.432	   3.801
2373	 CA 	209	 -23.008	  -0.354	  -1.807
2380	 CA 	210	 -21.948	   3.212	  -3.012
5325	 CA 	395	 -25.503	 -17.626	  22.148
5344	 CA 	396	 -25.029	 -15.452	  25.284
5356	 CA 	397	 -25.335	 -12.424	  22.968
5367	 CA 	398	 -22.148	 -10.807	  21.500
6370	 CA 	462	 -18.145	 -13.201	   3.914
6406	 CA 	465	 -19.306	 -17.082	   6.676
6933	 CA 	500	 -13.757	 -12.165	  14.941
6980	 CA 	503	 -14.709	 -13.191	  10.250
21341	CLA 	735	 -23.402	   3.436	   3.406
21342	CLA 	736	 -24.192	  -2.637	 -14.979
21344	CLA 	736	  36.804	  -3.789	 -23.634
