786	 CA 	110	 -47.418	  -1.633	  31.865
806	 CA 	111	 -49.863	   0.842	  33.401
821	 CA 	112	 -51.825	   3.801	  32.011
894	 CA 	116	 -58.688	   3.140	  34.743
1467	 CA 	151	 -39.097	   1.751	  -4.182
1477	 CA 	152	 -42.164	   2.615	  -6.353
1497	 CA 	153	 -40.891	   6.011	  -7.129
2201	 CA 	197	 -32.632	   7.223	  -8.383
2279	 CA 	202	 -31.351	   4.187	  -0.233
2324	 CA 	206	 -31.405	  -1.418	   2.662
2373	 CA 	209	 -23.086	  -0.355	  -2.425
2380	 CA 	210	 -22.169	   3.086	  -3.458
5325	 CA 	395	 -24.103	 -19.311	  25.902
5344	 CA 	396	 -27.889	 -18.657	  25.610
5356	 CA 	397	 -28.566	 -15.798	  23.210
5367	 CA 	398	 -26.110	 -13.648	  21.267
6370	 CA 	462	 -18.213	 -12.231	   4.393
6406	 CA 	465	 -19.313	 -16.531	   6.761
6933	 CA 	500	 -14.842	 -12.140	  15.484
6980	 CA 	503	 -15.197	 -12.556	  10.821
21341	CLA 	735	 -22.266	   3.467	   2.381
21342	CLA 	736	 -25.117	  -2.191	 -15.531
21344	CLA 	736	  32.029	   4.989	 -10.456
