786	 CA 	110	 -48.247	  -2.483	  32.297
806	 CA 	111	 -50.681	   0.119	  33.791
821	 CA 	112	 -51.638	   3.764	  32.692
894	 CA 	116	 -57.688	   3.800	  36.518
1467	 CA 	151	 -39.314	   2.166	  -4.192
1477	 CA 	152	 -42.082	   2.903	  -6.618
1497	 CA 	153	 -40.808	   6.445	  -7.357
2201	 CA 	197	 -32.483	   7.417	  -7.411
2279	 CA 	202	 -31.565	   3.554	  -0.085
2324	 CA 	206	 -31.157	  -1.296	   3.558
2373	 CA 	209	 -23.039	  -0.597	  -2.547
2380	 CA 	210	 -21.800	   2.979	  -3.188
5325	 CA 	395	 -26.411	 -17.190	  20.723
5344	 CA 	396	 -26.725	 -14.508	  23.498
5356	 CA 	397	 -26.269	 -11.674	  20.766
5367	 CA 	398	 -22.825	 -11.149	  19.103
6370	 CA 	462	 -18.327	 -13.219	   3.400
6406	 CA 	465	 -19.449	 -17.032	   5.588
6933	 CA 	500	 -14.320	 -13.210	  14.779
6980	 CA 	503	 -15.081	 -13.947	   9.959
21341	CLA 	735	 -23.109	   2.458	   2.776
21342	CLA 	736	 -24.382	  -2.697	 -14.962
21344	CLA 	736	  34.813	   6.414	 -13.440
