786	 CA 	110	 -44.869	   2.242	  36.406
806	 CA 	111	 -48.003	   4.044	  37.610
821	 CA 	112	 -50.925	   5.883	  36.106
894	 CA 	116	 -55.338	   3.474	  40.029
1467	 CA 	151	 -38.545	   2.729	  -3.363
1477	 CA 	152	 -41.704	   3.112	  -5.651
1497	 CA 	153	 -40.434	   6.720	  -6.441
2201	 CA 	197	 -31.807	   6.936	  -6.594
2279	 CA 	202	 -30.690	   3.210	   1.504
2324	 CA 	206	 -30.130	  -1.118	   4.562
2373	 CA 	209	 -22.232	  -0.284	  -1.263
2380	 CA 	210	 -21.753	   3.188	  -2.885
5325	 CA 	395	 -22.994	 -17.104	  23.018
5344	 CA 	396	 -22.385	 -15.230	  26.319
5356	 CA 	397	 -23.503	 -11.993	  24.688
5367	 CA 	398	 -21.278	 -10.004	  22.268
6370	 CA 	462	 -17.558	 -12.480	   4.626
6406	 CA 	465	 -18.924	 -16.538	   7.209
6933	 CA 	500	 -13.034	 -11.741	  15.472
6980	 CA 	503	 -13.911	 -13.056	  10.622
21341	CLA 	735	 -22.129	   3.212	   4.387
21342	CLA 	736	 -24.625	  -2.545	 -14.660
21344	CLA 	736	  21.170	  62.336	 -31.523
