786	 CA 	110	 -45.792	  -0.995	  33.283
806	 CA 	111	 -47.817	   1.763	  35.082
821	 CA 	112	 -50.285	   4.185	  33.209
894	 CA 	116	 -56.539	   3.450	  36.576
1467	 CA 	151	 -38.355	   2.111	  -3.525
1477	 CA 	152	 -41.292	   2.592	  -5.933
1497	 CA 	153	 -40.371	   6.299	  -6.587
2201	 CA 	197	 -32.225	   7.521	  -7.563
2279	 CA 	202	 -31.049	   3.771	   0.427
2324	 CA 	206	 -30.581	  -0.623	   3.768
2373	 CA 	209	 -22.567	  -0.015	  -1.839
2380	 CA 	210	 -21.692	   3.600	  -2.800
5325	 CA 	395	 -23.362	 -18.293	  24.907
5344	 CA 	396	 -27.071	 -17.853	  25.729
5356	 CA 	397	 -27.426	 -14.635	  23.838
5367	 CA 	398	 -25.213	 -12.658	  21.358
6370	 CA 	462	 -18.099	 -12.449	   4.125
6406	 CA 	465	 -19.343	 -16.681	   6.799
6933	 CA 	500	 -13.325	 -12.048	  15.268
6980	 CA 	503	 -14.403	 -13.268	  10.856
21341	CLA 	735	 -21.278	   1.975	   1.306
21342	CLA 	736	 -24.810	  -1.997	 -14.908
21344	CLA 	736	  33.981	   1.440	 -14.068
