786	 CA 	110	 -45.523	  -2.387	  32.036
806	 CA 	111	 -47.866	   0.386	  33.113
821	 CA 	112	 -49.798	   3.099	  31.375
894	 CA 	116	 -55.223	   2.888	  37.060
1467	 CA 	151	 -39.065	   1.965	  -4.124
1477	 CA 	152	 -41.963	   2.940	  -6.627
1497	 CA 	153	 -40.345	   6.403	  -7.226
2201	 CA 	197	 -32.426	   7.474	  -7.971
2279	 CA 	202	 -31.142	   3.842	  -0.436
2324	 CA 	206	 -30.875	  -1.195	   2.859
2373	 CA 	209	 -23.049	  -0.738	  -2.673
2380	 CA 	210	 -22.200	   2.897	  -3.463
5325	 CA 	395	 -26.177	 -18.974	  22.623
5344	 CA 	396	 -27.780	 -16.691	  25.135
5356	 CA 	397	 -27.116	 -13.302	  23.546
5367	 CA 	398	 -25.035	 -12.123	  20.543
6370	 CA 	462	 -17.815	 -12.987	   4.111
6406	 CA 	465	 -19.380	 -17.397	   6.366
6933	 CA 	500	 -14.587	 -12.540	  15.164
6980	 CA 	503	 -14.951	 -13.214	  10.231
21341	CLA 	735	 -21.449	   2.794	   1.644
21342	CLA 	736	 -24.867	  -2.323	 -15.102
21344	CLA 	736	  34.379	   4.606	 -11.336
