786	 CA 	110	 -45.313	  -2.579	  34.036
806	 CA 	111	 -47.027	   0.685	  35.449
821	 CA 	112	 -47.645	   3.965	  33.648
894	 CA 	116	 -54.141	   6.057	  36.093
1467	 CA 	151	 -38.962	   1.755	  -4.119
1477	 CA 	152	 -41.877	   2.441	  -6.441
1497	 CA 	153	 -40.657	   5.965	  -7.136
2201	 CA 	197	 -32.037	   6.720	  -7.701
2279	 CA 	202	 -31.255	   3.658	   0.609
2324	 CA 	206	 -30.678	  -0.883	   3.844
2373	 CA 	209	 -22.649	  -0.121	  -1.198
2380	 CA 	210	 -22.054	   3.266	  -2.775
5325	 CA 	395	 -24.978	 -18.065	  22.401
5344	 CA 	396	 -24.308	 -15.745	  25.537
5356	 CA 	397	 -25.143	 -12.732	  23.258
5367	 CA 	398	 -22.366	 -10.762	  21.469
6370	 CA 	462	 -17.781	 -12.754	   4.600
6406	 CA 	465	 -19.106	 -16.775	   6.801
6933	 CA 	500	 -13.808	 -12.378	  16.068
6980	 CA 	503	 -14.642	 -13.409	  11.065
21341	CLA 	735	 -22.953	   2.706	   4.930
21342	CLA 	736	 -24.250	  -2.906	 -14.739
21344	CLA 	736	  23.003	   8.875	 -40.433
