786	 CA 	110	 -43.870	  -3.338	  34.046
806	 CA 	111	 -46.274	  -0.528	  35.313
821	 CA 	112	 -47.855	   2.385	  33.489
894	 CA 	116	 -53.807	   2.041	  36.664
1467	 CA 	151	 -39.136	   2.697	  -4.138
1477	 CA 	152	 -42.045	   3.343	  -6.556
1497	 CA 	153	 -40.769	   6.908	  -7.531
2201	 CA 	197	 -32.324	   7.352	  -8.651
2279	 CA 	202	 -31.751	   3.686	  -0.622
2324	 CA 	206	 -31.102	  -1.238	   2.779
2373	 CA 	209	 -22.905	  -0.389	  -2.025
2380	 CA 	210	 -21.940	   3.232	  -3.018
5325	 CA 	395	 -27.074	 -16.101	  21.903
5344	 CA 	396	 -27.448	 -13.693	  24.940
5356	 CA 	397	 -26.492	 -10.646	  22.713
5367	 CA 	398	 -22.904	  -9.754	  21.793
6370	 CA 	462	 -18.073	 -12.637	   4.286
6406	 CA 	465	 -19.614	 -16.691	   6.786
6933	 CA 	500	 -14.126	 -11.756	  15.308
6980	 CA 	503	 -15.040	 -12.971	  10.675
21341	CLA 	735	 -24.373	   3.543	   2.600
21342	CLA 	736	 -25.090	  -2.884	 -14.803
21344	CLA 	736	  32.368	   5.168	 -15.495
