786	 CA 	110	 -48.281	  -2.046	  32.066
806	 CA 	111	 -49.966	   1.323	  32.944
821	 CA 	112	 -52.124	   3.509	  30.682
894	 CA 	116	 -58.871	   3.196	  34.384
1467	 CA 	151	 -38.719	   1.879	  -4.841
1477	 CA 	152	 -41.703	   2.632	  -7.103
1497	 CA 	153	 -40.348	   6.199	  -7.510
2201	 CA 	197	 -32.187	   6.852	  -8.509
2279	 CA 	202	 -31.321	   3.665	  -0.494
2324	 CA 	206	 -31.386	  -0.734	   2.685
2373	 CA 	209	 -23.234	  -0.140	  -2.194
2380	 CA 	210	 -21.828	   3.247	  -3.174
5325	 CA 	395	 -25.558	 -17.779	  23.684
5344	 CA 	396	 -29.335	 -17.900	  23.414
5356	 CA 	397	 -28.993	 -14.386	  21.818
5367	 CA 	398	 -25.973	 -12.253	  21.031
6370	 CA 	462	 -18.798	 -12.419	   4.103
6406	 CA 	465	 -19.612	 -16.708	   6.168
6933	 CA 	500	 -14.704	 -11.738	  15.572
6980	 CA 	503	 -15.266	 -12.842	  10.719
21341	CLA 	735	 -21.806	   2.963	   2.385
21342	CLA 	736	 -24.329	  -2.978	 -14.993
21344	CLA 	736	  35.027	   5.632	 -12.323
