786	 CA 	110	 -45.522	   0.514	  36.469
806	 CA 	111	 -48.395	   2.564	  38.052
821	 CA 	112	 -50.448	   5.319	  36.166
894	 CA 	116	 -55.791	   3.055	  38.495
1467	 CA 	151	 -38.440	   2.875	  -3.168
1477	 CA 	152	 -41.486	   3.633	  -5.511
1497	 CA 	153	 -40.191	   7.146	  -6.343
2201	 CA 	197	 -31.722	   6.680	  -6.768
2279	 CA 	202	 -30.849	   3.561	   1.294
2324	 CA 	206	 -30.452	  -1.646	   4.863
2373	 CA 	209	 -22.931	  -0.423	  -1.167
2380	 CA 	210	 -22.079	   2.865	  -2.906
5325	 CA 	395	 -23.892	 -17.064	  23.301
5344	 CA 	396	 -23.899	 -14.767	  26.357
5356	 CA 	397	 -24.620	 -11.827	  24.018
5367	 CA 	398	 -21.825	 -10.140	  22.008
6370	 CA 	462	 -17.537	 -12.831	   4.505
6406	 CA 	465	 -19.357	 -16.635	   7.093
6933	 CA 	500	 -12.914	 -12.096	  15.107
6980	 CA 	503	 -14.316	 -13.200	  10.617
21341	CLA 	735	 -22.766	   2.558	   4.662
21342	CLA 	736	 -24.682	  -2.963	 -14.608
21344	CLA 	736	  25.305	 -65.410	 -27.959
