786	 CA 	110	 -45.130	   4.080	  34.944
806	 CA 	111	 -48.618	   5.656	  35.935
821	 CA 	112	 -51.243	   7.554	  33.902
894	 CA 	116	 -56.935	   4.402	  37.050
1467	 CA 	151	 -38.783	   2.864	  -3.847
1477	 CA 	152	 -41.709	   3.442	  -6.332
1497	 CA 	153	 -40.332	   6.874	  -7.298
2201	 CA 	197	 -32.104	   6.679	  -7.633
2279	 CA 	202	 -31.302	   3.463	   0.407
2324	 CA 	206	 -30.844	  -1.196	   4.266
2373	 CA 	209	 -22.797	  -0.149	  -0.757
2380	 CA 	210	 -22.093	   2.891	  -2.980
5325	 CA 	395	 -24.287	 -16.442	  22.981
5344	 CA 	396	 -23.589	 -14.148	  25.998
5356	 CA 	397	 -23.516	 -10.898	  23.668
5367	 CA 	398	 -20.813	  -9.019	  21.530
6370	 CA 	462	 -17.811	 -13.074	   4.521
6406	 CA 	465	 -19.698	 -16.638	   7.219
6933	 CA 	500	 -13.212	 -11.710	  15.498
6980	 CA 	503	 -14.430	 -13.025	  10.645
21341	CLA 	735	 -22.916	   3.114	   3.874
21342	CLA 	736	 -24.336	  -3.122	 -15.098
21344	CLA 	736	  21.171	  49.648	 -42.812
