786	 CA 	110	 -44.905	  -4.522	  34.449
806	 CA 	111	 -46.984	  -1.490	  35.214
821	 CA 	112	 -48.120	   1.862	  33.868
894	 CA 	116	 -54.510	   2.397	  37.904
1467	 CA 	151	 -39.332	   2.085	  -4.671
1477	 CA 	152	 -42.261	   3.033	  -6.945
1497	 CA 	153	 -40.876	   6.578	  -7.592
2201	 CA 	197	 -32.545	   7.450	  -8.105
2279	 CA 	202	 -31.931	   3.679	  -0.213
2324	 CA 	206	 -32.068	  -0.894	   3.023
2373	 CA 	209	 -23.631	  -0.393	  -2.379
2380	 CA 	210	 -22.118	   3.138	  -2.945
5325	 CA 	395	 -26.454	 -17.002	  20.231
5344	 CA 	396	 -27.072	 -14.554	  23.146
5356	 CA 	397	 -26.592	 -11.611	  20.730
5367	 CA 	398	 -23.035	 -10.320	  19.859
6370	 CA 	462	 -18.267	 -12.883	   3.271
6406	 CA 	465	 -19.691	 -17.078	   5.611
6933	 CA 	500	 -15.048	 -12.721	  14.520
6980	 CA 	503	 -15.225	 -13.438	   9.845
21341	CLA 	735	 -23.604	   2.441	   2.433
21342	CLA 	736	 -24.453	  -3.020	 -14.767
21344	CLA 	736	  36.106	   7.894	 -12.634
