786	 CA 	110	 -46.287	  -0.716	  35.511
806	 CA 	111	 -48.996	   1.577	  37.037
821	 CA 	112	 -51.500	   3.699	  35.033
894	 CA 	116	 -58.520	   3.461	  37.186
1467	 CA 	151	 -38.781	   2.934	  -3.761
1477	 CA 	152	 -41.774	   3.527	  -6.018
1497	 CA 	153	 -40.447	   7.137	  -6.749
2201	 CA 	197	 -32.293	   7.058	  -6.872
2279	 CA 	202	 -31.130	   3.389	   0.829
2324	 CA 	206	 -30.605	  -1.382	   4.514
2373	 CA 	209	 -23.327	  -0.581	  -1.497
2380	 CA 	210	 -22.360	   2.937	  -2.776
5325	 CA 	395	 -24.336	 -17.477	  22.910
5344	 CA 	396	 -23.440	 -15.197	  25.839
5356	 CA 	397	 -24.271	 -12.132	  23.707
5367	 CA 	398	 -22.035	 -10.216	  21.468
6370	 CA 	462	 -18.218	 -12.886	   4.347
6406	 CA 	465	 -19.731	 -17.064	   7.007
6933	 CA 	500	 -13.461	 -12.208	  15.243
6980	 CA 	503	 -14.830	 -13.020	  10.651
21341	CLA 	735	 -23.181	   3.124	   4.028
21342	CLA 	736	 -24.099	  -2.725	 -15.079
21344	CLA 	736	  27.050	  61.913	 -25.461
