786	 CA 	110	 -44.046	   3.326	  36.355
806	 CA 	111	 -47.538	   4.502	  37.678
821	 CA 	112	 -50.706	   6.114	  36.225
894	 CA 	116	 -55.171	   3.407	  40.143
1467	 CA 	151	 -38.597	   2.762	  -3.124
1477	 CA 	152	 -41.465	   3.413	  -5.515
1497	 CA 	153	 -40.223	   6.990	  -6.271
2201	 CA 	197	 -31.403	   7.071	  -6.742
2279	 CA 	202	 -30.598	   3.002	   1.249
2324	 CA 	206	 -30.141	  -1.133	   4.761
2373	 CA 	209	 -22.353	  -0.076	  -0.780
2380	 CA 	210	 -21.507	   3.029	  -2.789
5325	 CA 	395	 -22.883	 -17.003	  23.333
5344	 CA 	396	 -22.796	 -14.737	  26.330
5356	 CA 	397	 -23.294	 -11.913	  23.831
5367	 CA 	398	 -20.803	  -9.742	  21.870
6370	 CA 	462	 -17.124	 -12.643	   4.976
6406	 CA 	465	 -18.660	 -16.525	   7.606
6933	 CA 	500	 -12.094	 -11.729	  15.794
6980	 CA 	503	 -13.834	 -12.526	  11.126
21341	CLA 	735	 -22.723	   2.710	   4.378
21342	CLA 	736	 -24.262	  -3.135	 -14.664
21344	CLA 	736	  21.589	  66.848	 -35.329
