786	 CA 	110	 -47.883	  -3.606	  32.774
806	 CA 	111	 -49.792	  -0.267	  33.283
821	 CA 	112	 -52.113	   2.101	  31.548
894	 CA 	116	 -56.432	   1.699	  36.409
1467	 CA 	151	 -38.588	   1.580	  -4.729
1477	 CA 	152	 -41.431	   2.062	  -7.162
1497	 CA 	153	 -40.299	   5.667	  -7.850
2201	 CA 	197	 -32.347	   6.586	  -8.738
2279	 CA 	202	 -31.405	   2.661	  -1.046
2324	 CA 	206	 -31.183	  -1.766	   2.298
2373	 CA 	209	 -22.711	  -0.774	  -2.342
2380	 CA 	210	 -21.736	   2.919	  -2.952
5325	 CA 	395	 -26.740	 -17.183	  20.049
5344	 CA 	396	 -26.847	 -14.709	  22.922
5356	 CA 	397	 -26.132	 -11.750	  20.532
5367	 CA 	398	 -22.605	 -10.631	  19.410
6370	 CA 	462	 -17.525	 -13.072	   3.979
6406	 CA 	465	 -18.869	 -17.343	   5.977
6933	 CA 	500	 -14.263	 -13.105	  14.927
6980	 CA 	503	 -14.488	 -13.636	  10.097
21341	CLA 	735	 -23.696	   3.485	   2.833
21342	CLA 	736	 -24.759	  -3.026	 -14.593
21344	CLA 	736	  34.987	   5.891	 -10.037
