786	 CA 	110	 -45.431	  -1.516	  34.538
806	 CA 	111	 -47.845	   1.455	  34.896
821	 CA 	112	 -48.798	   4.765	  33.202
894	 CA 	116	 -55.400	   4.278	  36.623
1467	 CA 	151	 -39.283	   3.036	  -3.868
1477	 CA 	152	 -41.836	   4.025	  -6.529
1497	 CA 	153	 -40.287	   7.570	  -6.872
2201	 CA 	197	 -31.800	   8.020	  -7.880
2279	 CA 	202	 -31.629	   4.595	  -0.258
2324	 CA 	206	 -32.234	  -0.011	   2.768
2373	 CA 	209	 -23.449	   0.048	  -2.080
2380	 CA 	210	 -21.522	   3.304	  -2.742
5325	 CA 	395	 -27.606	 -16.412	  20.969
5344	 CA 	396	 -27.530	 -13.865	  23.811
5356	 CA 	397	 -27.388	 -11.071	  21.106
5367	 CA 	398	 -24.029	  -9.557	  20.047
6370	 CA 	462	 -18.822	 -13.153	   4.416
6406	 CA 	465	 -20.324	 -17.084	   6.602
6933	 CA 	500	 -15.499	 -12.269	  15.020
6980	 CA 	503	 -15.994	 -13.157	  10.503
21341	CLA 	735	 -23.758	   3.876	   2.880
21342	CLA 	736	 -24.499	  -2.230	 -15.244
21344	CLA 	736	  35.184	   5.492	 -13.813
