786	 CA 	110	 -46.266	  -2.600	  33.216
806	 CA 	111	 -48.361	   0.285	  34.456
821	 CA 	112	 -50.119	   3.376	  32.922
894	 CA 	116	 -57.173	   3.288	  36.248
1467	 CA 	151	 -38.732	   1.033	  -3.398
1477	 CA 	152	 -41.758	   1.456	  -5.622
1497	 CA 	153	 -40.853	   5.159	  -6.401
2201	 CA 	197	 -32.353	   6.554	  -7.685
2279	 CA 	202	 -31.000	   3.454	   0.247
2324	 CA 	206	 -30.997	  -1.534	   3.404
2373	 CA 	209	 -22.616	  -0.531	  -2.399
2380	 CA 	210	 -21.592	   3.081	  -3.084
5325	 CA 	395	 -23.717	 -19.083	  23.753
5344	 CA 	396	 -27.271	 -18.749	  24.887
5356	 CA 	397	 -28.009	 -15.917	  22.422
5367	 CA 	398	 -25.828	 -13.651	  20.126
6370	 CA 	462	 -17.315	 -12.328	   4.061
6406	 CA 	465	 -18.702	 -16.556	   6.303
6933	 CA 	500	 -13.363	 -11.691	  15.260
6980	 CA 	503	 -14.195	 -12.908	  10.417
21341	CLA 	735	 -21.916	   2.509	   2.138
21342	CLA 	736	 -24.843	  -2.167	 -15.029
21344	CLA 	736	  31.104	   6.550	 -13.876
