786	 CA 	110	 -49.281	  -0.296	  33.154
806	 CA 	111	 -52.038	   1.936	  34.551
821	 CA 	112	 -53.941	   4.507	  32.387
894	 CA 	116	 -61.274	   2.860	  33.975
1467	 CA 	151	 -39.267	   2.191	  -3.623
1477	 CA 	152	 -42.010	   3.205	  -6.125
1497	 CA 	153	 -40.445	   6.715	  -6.406
2201	 CA 	197	 -31.856	   7.397	  -7.448
2279	 CA 	202	 -31.248	   3.907	   0.218
2324	 CA 	206	 -31.362	  -0.501	   2.815
2373	 CA 	209	 -22.759	  -0.299	  -2.665
2380	 CA 	210	 -22.091	   3.325	  -2.868
5325	 CA 	395	 -23.667	 -19.466	  25.245
5344	 CA 	396	 -27.306	 -19.291	  24.223
5356	 CA 	397	 -27.937	 -15.999	  22.286
5367	 CA 	398	 -25.208	 -14.562	  20.202
6370	 CA 	462	 -18.519	 -12.672	   4.040
6406	 CA 	465	 -20.118	 -16.414	   6.553
6933	 CA 	500	 -14.138	 -12.978	  15.593
6980	 CA 	503	 -14.893	 -13.675	  10.893
21341	CLA 	735	 -23.040	   2.901	   3.388
21342	CLA 	736	 -24.913	  -1.808	 -15.015
21344	CLA 	736	  28.827	   0.864	 -14.077
