786	 CA 	110	 -44.749	  -3.469	  34.608
806	 CA 	111	 -46.936	  -0.366	  35.456
821	 CA 	112	 -48.414	   2.422	  33.396
894	 CA 	116	 -54.265	   2.263	  37.309
1467	 CA 	151	 -39.135	   2.246	  -3.925
1477	 CA 	152	 -42.067	   3.251	  -6.305
1497	 CA 	153	 -40.606	   6.850	  -6.816
2201	 CA 	197	 -32.377	   7.612	  -7.596
2279	 CA 	202	 -31.524	   4.181	   0.259
2324	 CA 	206	 -32.314	  -0.809	   2.609
2373	 CA 	209	 -23.618	   0.003	  -2.281
2380	 CA 	210	 -22.073	   3.457	  -2.936
5325	 CA 	395	 -27.071	 -17.458	  20.325
5344	 CA 	396	 -26.792	 -14.801	  22.975
5356	 CA 	397	 -26.738	 -12.001	  20.347
5367	 CA 	398	 -23.532	 -10.813	  18.858
6370	 CA 	462	 -18.549	 -12.801	   3.691
6406	 CA 	465	 -20.107	 -16.951	   5.858
6933	 CA 	500	 -15.125	 -12.491	  15.080
6980	 CA 	503	 -15.543	 -13.423	  10.091
21341	CLA 	735	 -23.811	   3.442	   3.438
21342	CLA 	736	 -24.253	  -2.435	 -15.005
21344	CLA 	736	  34.669	   6.283	 -14.958
