786	 CA 	110	 -43.225	  -4.899	  33.589
806	 CA 	111	 -45.870	  -2.647	  35.260
821	 CA 	112	 -47.810	   0.508	  34.278
894	 CA 	116	 -53.867	  -1.181	  37.697
1467	 CA 	151	 -39.126	   2.592	  -3.876
1477	 CA 	152	 -42.048	   3.490	  -6.237
1497	 CA 	153	 -40.332	   6.906	  -7.038
2201	 CA 	197	 -32.009	   6.898	  -7.633
2279	 CA 	202	 -31.716	   3.538	   0.254
2324	 CA 	206	 -31.551	  -1.877	   2.913
2373	 CA 	209	 -23.108	  -0.004	  -2.182
2380	 CA 	210	 -21.626	   3.440	  -2.860
5325	 CA 	395	 -26.563	 -17.416	  21.393
5344	 CA 	396	 -27.123	 -15.098	  24.428
5356	 CA 	397	 -26.822	 -11.877	  22.289
5367	 CA 	398	 -23.203	 -11.095	  21.301
6370	 CA 	462	 -18.481	 -13.187	   3.873
6406	 CA 	465	 -19.605	 -17.371	   6.334
6933	 CA 	500	 -14.350	 -12.184	  14.832
6980	 CA 	503	 -15.205	 -13.282	  10.296
21341	CLA 	735	 -23.051	   2.887	   3.464
21342	CLA 	736	 -24.277	  -2.864	 -14.753
21344	CLA 	736	  31.557	   4.967	 -15.249
