786	 CA 	110	 -47.511	  -0.598	  32.098
806	 CA 	111	 -48.708	   2.984	  32.932
821	 CA 	112	 -50.667	   5.514	  30.748
894	 CA 	116	 -55.562	   4.833	  35.470
1467	 CA 	151	 -38.818	   2.779	  -4.412
1477	 CA 	152	 -41.560	   3.452	  -7.031
1497	 CA 	153	 -39.897	   6.808	  -7.651
2201	 CA 	197	 -32.252	   7.632	  -7.920
2279	 CA 	202	 -31.507	   3.414	  -0.233
2324	 CA 	206	 -30.956	  -1.634	   3.042
2373	 CA 	209	 -22.276	   0.151	  -2.102
2380	 CA 	210	 -21.674	   3.740	  -3.313
5325	 CA 	395	 -26.091	 -16.957	  20.764
5344	 CA 	396	 -26.033	 -15.210	  24.042
5356	 CA 	397	 -25.842	 -11.791	  22.408
5367	 CA 	398	 -23.043	  -9.424	  21.620
6370	 CA 	462	 -18.329	 -12.294	   3.792
6406	 CA 	465	 -19.624	 -16.600	   6.029
6933	 CA 	500	 -14.404	 -11.834	  15.099
6980	 CA 	503	 -15.080	 -12.834	  10.156
21341	CLA 	735	 -22.567	   3.419	   4.167
21342	CLA 	736	 -24.694	  -2.432	 -15.137
21344	CLA 	736	  34.812	   3.395	  -9.740
