786	 CA 	110	 -44.751	   2.754	  36.298
806	 CA 	111	 -48.238	   3.678	  37.219
821	 CA 	112	 -51.113	   5.146	  35.422
894	 CA 	116	 -55.846	   2.303	  39.406
1467	 CA 	151	 -38.238	   2.370	  -3.028
1477	 CA 	152	 -41.250	   2.768	  -5.336
1497	 CA 	153	 -40.168	   6.295	  -6.374
2201	 CA 	197	 -31.740	   6.646	  -6.952
2279	 CA 	202	 -31.053	   3.068	   1.253
2324	 CA 	206	 -30.515	  -1.461	   4.758
2373	 CA 	209	 -22.782	  -0.313	  -1.168
2380	 CA 	210	 -22.215	   2.904	  -3.220
5325	 CA 	395	 -23.572	 -17.259	  23.269
5344	 CA 	396	 -23.070	 -15.208	  26.471
5356	 CA 	397	 -23.874	 -12.027	  24.474
5367	 CA 	398	 -21.651	 -10.108	  22.145
6370	 CA 	462	 -17.237	 -12.667	   4.694
6406	 CA 	465	 -18.757	 -16.699	   7.357
6933	 CA 	500	 -12.912	 -12.042	  15.636
6980	 CA 	503	 -13.934	 -12.795	  10.918
21341	CLA 	735	 -23.043	   3.214	   4.390
21342	CLA 	736	 -24.025	  -2.902	 -14.507
21344	CLA 	736	  25.237	 -66.309	 -30.530
