786	 CA 	110	 -47.744	  -1.459	  31.918
806	 CA 	111	 -50.193	   1.527	  32.561
821	 CA 	112	 -51.858	   4.352	  30.436
894	 CA 	116	 -57.908	   3.997	  34.700
1467	 CA 	151	 -39.094	   2.820	  -4.802
1477	 CA 	152	 -42.019	   3.551	  -7.024
1497	 CA 	153	 -40.349	   6.797	  -7.972
2201	 CA 	197	 -31.695	   7.086	  -8.854
2279	 CA 	202	 -31.278	   3.534	  -0.708
2324	 CA 	206	 -31.560	  -0.918	   2.636
2373	 CA 	209	 -23.168	  -0.089	  -2.107
2380	 CA 	210	 -21.993	   3.306	  -3.414
5325	 CA 	395	 -26.110	 -18.251	  23.161
5344	 CA 	396	 -29.462	 -16.796	  24.196
5356	 CA 	397	 -27.904	 -13.359	  23.524
5367	 CA 	398	 -24.872	 -12.430	  21.454
6370	 CA 	462	 -18.585	 -12.362	   4.087
6406	 CA 	465	 -20.223	 -16.442	   6.414
6933	 CA 	500	 -15.265	 -12.163	  15.538
6980	 CA 	503	 -15.598	 -12.868	  10.470
21341	CLA 	735	 -22.034	   2.954	   1.319
21342	CLA 	736	 -24.810	  -2.845	 -14.494
21344	CLA 	736	  34.629	   4.735	  -9.315
