786	 CA 	110	 -45.724	   3.638	  36.193
806	 CA 	111	 -48.998	   4.808	  37.773
821	 CA 	112	 -52.042	   6.920	  36.585
894	 CA 	116	 -54.966	   4.369	  41.003
1467	 CA 	151	 -38.982	   2.026	  -3.701
1477	 CA 	152	 -41.843	   2.886	  -6.111
1497	 CA 	153	 -40.068	   6.207	  -6.723
2201	 CA 	197	 -32.069	   6.617	  -7.250
2279	 CA 	202	 -31.258	   2.897	   0.865
2324	 CA 	206	 -30.923	  -1.433	   3.988
2373	 CA 	209	 -23.256	  -0.550	  -1.547
2380	 CA 	210	 -22.318	   2.905	  -2.853
5325	 CA 	395	 -23.035	 -16.980	  23.219
5344	 CA 	396	 -22.287	 -14.906	  26.336
5356	 CA 	397	 -23.678	 -11.651	  24.926
5367	 CA 	398	 -21.835	  -9.704	  22.136
6370	 CA 	462	 -17.654	 -12.492	   4.734
6406	 CA 	465	 -19.489	 -16.597	   7.136
6933	 CA 	500	 -13.482	 -11.355	  15.619
6980	 CA 	503	 -14.393	 -12.874	  10.873
21341	CLA 	735	 -23.250	   2.972	   3.931
21342	CLA 	736	 -23.913	  -2.945	 -14.824
21344	CLA 	736	  19.025	  62.508	 -32.052
