786	 CA 	110	 -48.744	  -0.970	  32.402
806	 CA 	111	 -49.805	   2.744	  33.191
821	 CA 	112	 -52.884	   4.192	  31.391
894	 CA 	116	 -57.519	   3.910	  36.388
1467	 CA 	151	 -38.766	   1.706	  -4.277
1477	 CA 	152	 -41.521	   2.581	  -6.648
1497	 CA 	153	 -40.274	   6.257	  -7.071
2201	 CA 	197	 -32.101	   7.039	  -8.062
2279	 CA 	202	 -31.011	   3.378	  -0.103
2324	 CA 	206	 -30.618	  -1.556	   3.620
2373	 CA 	209	 -22.634	  -0.744	  -1.874
2380	 CA 	210	 -21.892	   2.827	  -2.890
5325	 CA 	395	 -25.133	 -17.512	  21.272
5344	 CA 	396	 -25.395	 -15.568	  24.587
5356	 CA 	397	 -25.463	 -12.160	  22.991
5367	 CA 	398	 -22.321	 -10.559	  21.451
6370	 CA 	462	 -17.524	 -12.919	   4.169
6406	 CA 	465	 -18.723	 -17.236	   6.528
6933	 CA 	500	 -13.419	 -12.026	  15.142
6980	 CA 	503	 -14.083	 -13.124	  10.396
21341	CLA 	735	 -23.041	   2.962	   3.469
21342	CLA 	736	 -24.738	  -2.205	 -14.971
21344	CLA 	736	  34.147	   6.650	 -11.255
