786	 CA 	110	 -47.039	  -1.924	  33.148
806	 CA 	111	 -49.260	   0.886	  34.317
821	 CA 	112	 -50.865	   3.739	  32.302
894	 CA 	116	 -56.749	   3.080	  34.475
1467	 CA 	151	 -38.430	   2.307	  -4.544
1477	 CA 	152	 -41.416	   2.771	  -6.894
1497	 CA 	153	 -40.279	   6.422	  -7.468
2201	 CA 	197	 -32.283	   6.644	  -8.155
2279	 CA 	202	 -31.723	   3.039	  -0.521
2324	 CA 	206	 -31.070	  -2.356	   2.790
2373	 CA 	209	 -23.069	  -0.274	  -1.762
2380	 CA 	210	 -21.770	   3.172	  -2.556
5325	 CA 	395	 -27.164	 -17.898	  21.506
5344	 CA 	396	 -27.150	 -15.886	  24.720
5356	 CA 	397	 -27.282	 -12.687	  22.723
5367	 CA 	398	 -23.899	 -11.362	  21.531
6370	 CA 	462	 -18.372	 -13.382	   4.190
6406	 CA 	465	 -20.000	 -17.461	   6.751
6933	 CA 	500	 -14.783	 -12.840	  15.443
6980	 CA 	503	 -15.522	 -13.648	  10.626
21341	CLA 	735	 -23.296	   3.109	   2.897
21342	CLA 	736	 -24.611	  -2.870	 -15.262
21344	CLA 	736	  33.488	   8.855	 -15.473
