786	 CA 	110	 -48.262	  -1.358	  32.166
806	 CA 	111	 -50.868	   1.440	  32.657
821	 CA 	112	 -53.272	   3.897	  30.970
894	 CA 	116	 -59.847	   3.278	  34.804
1467	 CA 	151	 -38.406	   2.460	  -4.396
1477	 CA 	152	 -41.562	   3.188	  -6.623
1497	 CA 	153	 -40.104	   6.789	  -7.122
2201	 CA 	197	 -31.836	   7.421	  -7.955
2279	 CA 	202	 -30.859	   3.413	  -0.499
2324	 CA 	206	 -30.983	  -1.315	   3.451
2373	 CA 	209	 -22.969	  -0.670	  -1.883
2380	 CA 	210	 -22.415	   2.904	  -3.042
5325	 CA 	395	 -25.318	 -17.652	  23.783
5344	 CA 	396	 -29.081	 -16.847	  24.419
5356	 CA 	397	 -28.831	 -13.248	  22.972
5367	 CA 	398	 -26.348	 -10.761	  21.200
6370	 CA 	462	 -18.466	 -12.811	   3.694
6406	 CA 	465	 -19.766	 -16.928	   5.984
6933	 CA 	500	 -14.754	 -13.007	  15.007
6980	 CA 	503	 -15.188	 -13.365	  10.272
21341	CLA 	735	 -21.698	   2.963	   1.758
21342	CLA 	736	 -24.897	  -2.866	 -14.878
21344	CLA 	736	  35.097	   5.833	 -10.197
