786	 CA 	110	 -46.887	  -1.606	  32.610
806	 CA 	111	 -49.338	   0.947	  34.029
821	 CA 	112	 -50.769	   4.031	  32.145
894	 CA 	116	 -56.960	   4.348	  35.997
1467	 CA 	151	 -38.113	   2.965	  -4.130
1477	 CA 	152	 -40.985	   2.841	  -6.698
1497	 CA 	153	 -40.119	   6.388	  -7.753
2201	 CA 	197	 -32.187	   7.714	  -8.480
2279	 CA 	202	 -31.519	   3.677	  -0.662
2324	 CA 	206	 -31.363	  -1.421	   2.915
2373	 CA 	209	 -23.109	  -0.401	  -1.966
2380	 CA 	210	 -22.267	   2.996	  -3.242
5325	 CA 	395	 -26.619	 -17.563	  21.211
5344	 CA 	396	 -27.379	 -15.446	  24.232
5356	 CA 	397	 -26.401	 -12.257	  22.424
5367	 CA 	398	 -23.287	 -10.426	  20.946
6370	 CA 	462	 -18.263	 -12.457	   4.032
6406	 CA 	465	 -19.472	 -16.741	   5.873
6933	 CA 	500	 -14.782	 -12.229	  15.126
6980	 CA 	503	 -15.029	 -13.078	  10.375
21341	CLA 	735	 -21.883	   3.065	   1.999
21342	CLA 	736	 -24.622	  -2.580	 -15.103
21344	CLA 	736	  33.745	   4.726	  -9.858
