786	 CA 	110	 -45.655	  -0.276	  34.216
806	 CA 	111	 -48.289	   2.313	  34.767
821	 CA 	112	 -49.950	   5.159	  32.591
894	 CA 	116	 -56.087	   3.966	  36.716
1467	 CA 	151	 -39.469	   2.218	  -4.548
1477	 CA 	152	 -42.490	   2.760	  -6.796
1497	 CA 	153	 -41.101	   6.088	  -7.940
2201	 CA 	197	 -32.773	   6.374	  -8.259
2279	 CA 	202	 -32.361	   2.898	  -0.307
2324	 CA 	206	 -30.851	  -2.503	   3.032
2373	 CA 	209	 -23.249	  -0.117	  -2.152
2380	 CA 	210	 -22.014	   3.393	  -2.891
5325	 CA 	395	 -26.072	 -16.738	  21.362
5344	 CA 	396	 -26.548	 -14.771	  24.721
5356	 CA 	397	 -26.488	 -11.560	  22.656
5367	 CA 	398	 -23.127	 -10.674	  21.284
6370	 CA 	462	 -18.707	 -12.699	   3.983
6406	 CA 	465	 -20.223	 -16.814	   6.215
6933	 CA 	500	 -14.101	 -12.748	  15.168
6980	 CA 	503	 -15.504	 -13.828	  10.328
21341	CLA 	735	 -23.572	   2.766	   2.696
21342	CLA 	736	 -24.755	  -3.118	 -15.285
21344	CLA 	736	  33.093	   7.739	 -15.978
