786	 CA 	110	 -47.482	  -0.802	  31.247
806	 CA 	111	 -49.411	   2.361	  32.251
821	 CA 	112	 -51.990	   4.596	  30.784
894	 CA 	116	 -59.012	   3.637	  34.433
1467	 CA 	151	 -38.283	   2.062	  -5.093
1477	 CA 	152	 -41.321	   2.665	  -7.489
1497	 CA 	153	 -40.324	   6.370	  -7.810
2201	 CA 	197	 -31.782	   7.290	  -8.565
2279	 CA 	202	 -31.033	   3.927	  -0.732
2324	 CA 	206	 -31.139	  -1.180	   2.330
2373	 CA 	209	 -22.683	  -0.215	  -2.560
2380	 CA 	210	 -21.810	   3.474	  -3.366
5325	 CA 	395	 -26.432	 -17.762	  22.565
5344	 CA 	396	 -30.234	 -17.301	  22.820
5356	 CA 	397	 -29.850	 -13.971	  21.092
5367	 CA 	398	 -27.241	 -11.725	  19.256
6370	 CA 	462	 -18.188	 -12.918	   4.115
6406	 CA 	465	 -19.750	 -17.037	   6.045
6933	 CA 	500	 -15.282	 -12.415	  15.066
6980	 CA 	503	 -15.819	 -12.986	  10.195
21341	CLA 	735	 -21.633	   3.348	   1.521
21342	CLA 	736	 -24.522	  -2.193	 -14.971
21344	CLA 	736	  33.709	   6.366	  -9.350
