786	 CA 	110	 -49.992	   2.297	  34.140
806	 CA 	111	 -52.048	   5.480	  34.781
821	 CA 	112	 -54.529	   7.127	  32.196
894	 CA 	116	 -61.557	   3.463	  32.290
1467	 CA 	151	 -39.622	   1.282	  -4.039
1477	 CA 	152	 -42.624	   2.321	  -6.324
1497	 CA 	153	 -41.118	   5.935	  -6.520
2201	 CA 	197	 -32.632	   6.335	  -7.120
2279	 CA 	202	 -31.123	   3.125	   0.706
2324	 CA 	206	 -30.943	  -1.544	   2.389
2373	 CA 	209	 -22.285	  -0.658	  -2.807
2380	 CA 	210	 -21.804	   3.129	  -3.225
5325	 CA 	395	 -23.182	 -20.956	  24.091
5344	 CA 	396	 -26.800	 -20.214	  24.032
5356	 CA 	397	 -27.625	 -16.932	  22.249
5367	 CA 	398	 -25.215	 -14.480	  20.227
6370	 CA 	462	 -18.111	 -12.468	   3.635
6406	 CA 	465	 -19.610	 -16.703	   5.594
6933	 CA 	500	 -13.289	 -13.584	  14.287
6980	 CA 	503	 -14.055	 -14.794	   9.795
21341	CLA 	735	 -21.290	   3.101	   2.000
21342	CLA 	736	 -25.787	  -2.051	 -14.783
21344	CLA 	736	  29.520	   3.550	 -14.435
