786	 CA 	110	 -47.751	  -3.024	  33.186
806	 CA 	111	 -49.825	  -0.275	  34.611
821	 CA 	112	 -51.018	   3.263	  34.241
894	 CA 	116	 -57.376	   1.940	  37.870
1467	 CA 	151	 -38.715	   2.365	  -3.794
1477	 CA 	152	 -41.635	   2.720	  -6.370
1497	 CA 	153	 -40.410	   6.424	  -6.961
2201	 CA 	197	 -32.330	   7.126	  -7.665
2279	 CA 	202	 -31.435	   3.479	  -0.072
2324	 CA 	206	 -30.899	  -1.467	   3.018
2373	 CA 	209	 -22.902	  -0.490	  -2.231
2380	 CA 	210	 -21.423	   2.857	  -2.834
5325	 CA 	395	 -26.434	 -17.469	  20.586
5344	 CA 	396	 -26.390	 -14.750	  23.451
5356	 CA 	397	 -26.599	 -12.149	  20.635
5367	 CA 	398	 -24.276	 -10.792	  17.926
6370	 CA 	462	 -17.977	 -13.228	   3.412
6406	 CA 	465	 -19.457	 -17.288	   5.307
6933	 CA 	500	 -14.125	 -13.760	  14.790
6980	 CA 	503	 -15.024	 -14.056	  10.064
21341	CLA 	735	 -22.799	   2.976	   3.034
21342	CLA 	736	 -24.495	  -2.275	 -15.289
21344	CLA 	736	  36.979	   5.821	 -14.392
