786	 CA 	110	 -44.898	   1.530	  36.624
806	 CA 	111	 -48.090	   3.511	  37.457
821	 CA 	112	 -50.707	   6.051	  35.913
894	 CA 	116	 -55.723	   4.315	  39.719
1467	 CA 	151	 -38.745	   2.420	  -3.520
1477	 CA 	152	 -41.871	   3.043	  -5.709
1497	 CA 	153	 -40.680	   6.537	  -6.561
2201	 CA 	197	 -31.773	   6.694	  -6.650
2279	 CA 	202	 -30.554	   2.736	   0.871
2324	 CA 	206	 -30.097	  -1.786	   4.421
2373	 CA 	209	 -22.293	  -0.361	  -0.790
2380	 CA 	210	 -22.098	   2.938	  -2.745
5325	 CA 	395	 -23.202	 -17.928	  23.013
5344	 CA 	396	 -22.462	 -15.671	  26.068
5356	 CA 	397	 -23.300	 -12.374	  24.401
5367	 CA 	398	 -20.938	 -10.526	  21.957
6370	 CA 	462	 -17.192	 -12.784	   4.354
6406	 CA 	465	 -18.502	 -16.880	   7.059
6933	 CA 	500	 -12.467	 -12.420	  15.310
6980	 CA 	503	 -13.482	 -13.281	  10.703
21341	CLA 	735	 -21.629	   2.527	   4.933
21342	CLA 	736	 -24.090	  -2.926	 -14.725
21344	CLA 	736	  25.680	 -65.957	 -32.335
