786	 CA 	110	 -50.267	   2.566	  33.984
806	 CA 	111	 -52.830	   5.295	  34.947
821	 CA 	112	 -55.196	   6.747	  32.393
894	 CA 	116	 -61.729	   2.892	  33.087
1467	 CA 	151	 -38.969	   1.181	  -3.021
1477	 CA 	152	 -41.930	   1.611	  -5.388
1497	 CA 	153	 -40.878	   5.222	  -6.050
2201	 CA 	197	 -32.294	   6.072	  -6.986
2279	 CA 	202	 -31.065	   2.975	   0.900
2324	 CA 	206	 -30.838	  -2.047	   2.822
2373	 CA 	209	 -22.195	  -0.604	  -1.690
2380	 CA 	210	 -20.832	   2.924	  -2.137
5325	 CA 	395	 -21.308	 -19.376	  26.139
5344	 CA 	396	 -24.994	 -19.483	  25.011
5356	 CA 	397	 -25.825	 -16.353	  22.925
5367	 CA 	398	 -23.262	 -14.056	  21.127
6370	 CA 	462	 -17.396	 -13.204	   3.934
6406	 CA 	465	 -18.650	 -17.278	   6.521
6933	 CA 	500	 -12.291	 -12.374	  14.907
6980	 CA 	503	 -13.620	 -13.531	  10.390
21341	CLA 	735	 -22.666	   1.408	   3.933
21342	CLA 	736	 -24.611	  -1.441	 -15.262
21344	CLA 	736	  30.086	   2.772	 -15.387
