786	 CA 	110	 -46.206	  -0.758	  33.321
806	 CA 	111	 -48.673	   2.160	  34.253
821	 CA 	112	 -50.428	   5.167	  32.703
894	 CA 	116	 -56.600	   4.140	  37.235
1467	 CA 	151	 -38.993	   1.538	  -3.522
1477	 CA 	152	 -41.720	   1.842	  -6.210
1497	 CA 	153	 -40.471	   5.403	  -7.005
2201	 CA 	197	 -32.530	   7.100	  -7.644
2279	 CA 	202	 -31.509	   3.043	  -0.220
2324	 CA 	206	 -31.284	  -1.841	   3.472
2373	 CA 	209	 -23.244	  -0.355	  -1.839
2380	 CA 	210	 -22.252	   2.997	  -3.185
5325	 CA 	395	 -26.105	 -17.823	  22.487
5344	 CA 	396	 -28.319	 -15.837	  24.843
5356	 CA 	397	 -27.453	 -12.223	  23.814
5367	 CA 	398	 -24.870	 -10.837	  21.375
6370	 CA 	462	 -18.135	 -12.381	   4.078
6406	 CA 	465	 -19.382	 -16.683	   6.241
6933	 CA 	500	 -14.851	 -12.351	  15.596
6980	 CA 	503	 -15.096	 -13.444	  10.685
21341	CLA 	735	 -21.988	   2.857	   1.724
21342	CLA 	736	 -24.510	  -3.136	 -14.820
21344	CLA 	736	  33.481	   5.632	 -11.476
