786	 CA 	110	 -45.211	   3.614	  35.903
806	 CA 	111	 -48.409	   4.298	  37.946
821	 CA 	112	 -51.593	   6.416	  37.742
894	 CA 	116	 -55.531	   4.296	  42.864
1467	 CA 	151	 -38.704	   2.185	  -3.373
1477	 CA 	152	 -41.535	   2.810	  -5.895
1497	 CA 	153	 -40.109	   6.354	  -6.596
2201	 CA 	197	 -31.784	   6.479	  -7.118
2279	 CA 	202	 -31.052	   3.030	   0.820
2324	 CA 	206	 -30.479	  -1.616	   4.506
2373	 CA 	209	 -22.733	  -0.532	  -1.102
2380	 CA 	210	 -21.929	   2.708	  -2.936
5325	 CA 	395	 -23.595	 -17.784	  23.090
5344	 CA 	396	 -22.536	 -16.066	  26.350
5356	 CA 	397	 -23.510	 -12.681	  24.830
5367	 CA 	398	 -21.485	 -10.735	  22.218
6370	 CA 	462	 -17.529	 -12.814	   4.686
6406	 CA 	465	 -19.029	 -16.997	   7.043
6933	 CA 	500	 -12.986	 -12.614	  15.384
6980	 CA 	503	 -14.343	 -13.171	  11.029
21341	CLA 	735	 -23.125	   2.296	   4.073
21342	CLA 	736	 -24.266	  -2.548	 -15.180
21344	CLA 	736	  12.426	 -65.335	 -32.147
