786	 CA 	110	 -43.921	  -3.759	  34.006
806	 CA 	111	 -45.278	  -0.447	  35.584
821	 CA 	112	 -46.186	   2.903	  33.874
894	 CA 	116	 -52.278	   3.396	  37.465
1467	 CA 	151	 -38.123	   1.476	  -3.526
1477	 CA 	152	 -41.083	   1.704	  -6.009
1497	 CA 	153	 -40.292	   5.386	  -6.609
2201	 CA 	197	 -32.165	   6.369	  -7.414
2279	 CA 	202	 -31.282	   2.819	   0.520
2324	 CA 	206	 -30.459	  -2.477	   4.086
2373	 CA 	209	 -22.994	  -1.072	  -1.427
2380	 CA 	210	 -22.402	   2.410	  -2.918
5325	 CA 	395	 -24.404	 -19.612	  22.424
5344	 CA 	396	 -24.075	 -17.331	  25.436
5356	 CA 	397	 -24.951	 -14.391	  23.209
5367	 CA 	398	 -22.359	 -12.355	  21.614
6370	 CA 	462	 -18.024	 -13.090	   4.225
6406	 CA 	465	 -18.764	 -17.456	   6.491
6933	 CA 	500	 -13.624	 -13.146	  15.530
6980	 CA 	503	 -14.202	 -13.579	  10.400
21341	CLA 	735	 -22.793	   1.254	   4.704
21342	CLA 	736	 -24.560	  -3.271	 -14.481
21344	CLA 	736	  31.859	   5.928	 -37.025
