786	 CA 	110	 -48.799	  -3.033	  32.964
806	 CA 	111	 -50.711	  -0.124	  34.653
821	 CA 	112	 -51.448	   3.385	  33.394
894	 CA 	116	 -58.395	   5.370	  35.202
1467	 CA 	151	 -38.757	   2.174	  -4.306
1477	 CA 	152	 -41.735	   2.827	  -6.663
1497	 CA 	153	 -40.399	   6.391	  -7.443
2201	 CA 	197	 -32.172	   7.066	  -7.916
2279	 CA 	202	 -31.473	   3.398	  -0.286
2324	 CA 	206	 -30.896	  -2.042	   2.189
2373	 CA 	209	 -22.551	  -0.592	  -2.449
2380	 CA 	210	 -21.034	   2.913	  -2.680
5325	 CA 	395	 -26.902	 -17.349	  20.053
5344	 CA 	396	 -28.178	 -14.714	  22.639
5356	 CA 	397	 -27.832	 -11.387	  20.663
5367	 CA 	398	 -25.455	  -9.662	  18.089
6370	 CA 	462	 -17.795	 -13.530	   3.577
6406	 CA 	465	 -19.188	 -17.578	   5.804
6933	 CA 	500	 -14.444	 -13.098	  14.358
6980	 CA 	503	 -14.627	 -13.531	   9.723
21341	CLA 	735	 -22.487	   3.293	   3.100
21342	CLA 	736	 -24.274	  -2.489	 -14.931
21344	CLA 	736	  37.217	   5.958	 -13.104
