786	 CA 	110	 -48.341	  -0.843	  31.916
806	 CA 	111	 -50.482	   2.318	  32.894
821	 CA 	112	 -52.701	   4.745	  30.905
894	 CA 	116	 -57.283	   3.951	  35.109
1467	 CA 	151	 -39.274	   2.100	  -4.449
1477	 CA 	152	 -41.915	   2.762	  -6.960
1497	 CA 	153	 -40.715	   6.299	  -7.524
2201	 CA 	197	 -32.783	   7.540	  -8.386
2279	 CA 	202	 -31.972	   3.558	  -0.577
2324	 CA 	206	 -31.611	  -1.194	   2.923
2373	 CA 	209	 -23.613	  -0.238	  -2.294
2380	 CA 	210	 -22.371	   3.235	  -3.240
5325	 CA 	395	 -26.303	 -17.824	  20.319
5344	 CA 	396	 -25.933	 -16.769	  24.030
5356	 CA 	397	 -26.563	 -13.190	  22.820
5367	 CA 	398	 -23.906	 -10.676	  21.677
6370	 CA 	462	 -18.874	 -12.098	   4.322
6406	 CA 	465	 -20.164	 -16.263	   6.262
6933	 CA 	500	 -14.762	 -12.029	  15.269
6980	 CA 	503	 -15.751	 -12.750	  10.531
21341	CLA 	735	 -23.182	   3.244	   3.575
21342	CLA 	736	 -24.788	  -2.520	 -15.007
21344	CLA 	736	  34.243	   4.022	 -10.704
