786	 CA 	110	 -47.637	  -3.161	  33.138
806	 CA 	111	 -50.001	  -0.746	  34.914
821	 CA 	112	 -51.154	   2.690	  33.754
894	 CA 	116	 -57.750	   1.710	  36.815
1467	 CA 	151	 -38.816	   2.322	  -3.984
1477	 CA 	152	 -41.823	   2.875	  -6.312
1497	 CA 	153	 -40.409	   6.462	  -6.923
2201	 CA 	197	 -32.090	   7.104	  -7.558
2279	 CA 	202	 -31.661	   3.213	  -0.011
2324	 CA 	206	 -30.809	  -2.385	   2.764
2373	 CA 	209	 -23.197	  -0.432	  -2.374
2380	 CA 	210	 -21.735	   3.074	  -2.902
5325	 CA 	395	 -26.397	 -18.358	  20.556
5344	 CA 	396	 -26.717	 -15.657	  23.217
5356	 CA 	397	 -26.612	 -12.957	  20.439
5367	 CA 	398	 -23.308	 -11.451	  18.874
6370	 CA 	462	 -18.279	 -13.493	   3.239
6406	 CA 	465	 -19.266	 -17.668	   5.267
6933	 CA 	500	 -14.834	 -13.384	  14.609
6980	 CA 	503	 -15.117	 -13.893	   9.976
21341	CLA 	735	 -23.321	   3.203	   2.957
21342	CLA 	736	 -24.101	  -2.009	 -15.366
21344	CLA 	736	  36.670	   5.576	 -13.470
