786	 CA 	110	 -44.875	   0.034	  34.686
806	 CA 	111	 -47.776	   2.680	  35.084
821	 CA 	112	 -49.814	   5.243	  33.243
894	 CA 	116	 -55.071	   4.461	  36.126
1467	 CA 	151	 -38.713	   3.653	  -4.358
1477	 CA 	152	 -41.563	   4.171	  -6.772
1497	 CA 	153	 -40.102	   7.563	  -7.695
2201	 CA 	197	 -31.804	   7.489	  -7.645
2279	 CA 	202	 -31.861	   3.221	   0.131
2324	 CA 	206	 -31.313	  -1.892	   2.824
2373	 CA 	209	 -22.762	   0.039	  -2.017
2380	 CA 	210	 -21.401	   3.553	  -2.806
5325	 CA 	395	 -26.426	 -16.666	  21.695
5344	 CA 	396	 -26.606	 -14.326	  24.690
5356	 CA 	397	 -26.517	 -11.279	  22.293
5367	 CA 	398	 -23.316	 -10.462	  20.596
6370	 CA 	462	 -18.593	 -12.561	   3.500
6406	 CA 	465	 -20.218	 -16.624	   6.116
6933	 CA 	500	 -15.384	 -12.252	  15.152
6980	 CA 	503	 -15.709	 -13.221	  10.191
21341	CLA 	735	 -23.330	   3.713	   3.783
21342	CLA 	736	 -24.462	  -2.768	 -15.142
21344	CLA 	736	  33.335	   4.442	 -16.765
