786	 CA 	110	 -44.908	  -3.273	  34.723
806	 CA 	111	 -46.407	  -0.027	  35.888
821	 CA 	112	 -47.322	   3.156	  34.174
894	 CA 	116	 -54.165	   4.120	  37.004
1467	 CA 	151	 -38.808	   1.032	  -4.119
1477	 CA 	152	 -41.743	   1.852	  -6.372
1497	 CA 	153	 -40.293	   5.379	  -6.889
2201	 CA 	197	 -32.335	   6.127	  -7.437
2279	 CA 	202	 -31.081	   2.375	   0.400
2324	 CA 	206	 -30.642	  -1.944	   3.555
2373	 CA 	209	 -22.883	  -0.663	  -1.681
2380	 CA 	210	 -22.258	   2.842	  -2.999
5325	 CA 	395	 -24.198	 -18.921	  21.983
5344	 CA 	396	 -25.459	 -16.808	  24.964
5356	 CA 	397	 -26.342	 -13.740	  22.735
5367	 CA 	398	 -23.554	 -11.519	  21.259
6370	 CA 	462	 -18.045	 -12.975	   3.812
6406	 CA 	465	 -19.028	 -17.352	   6.132
6933	 CA 	500	 -14.071	 -12.618	  15.415
6980	 CA 	503	 -14.576	 -13.321	  10.579
21341	CLA 	735	 -22.782	   2.189	   5.117
21342	CLA 	736	 -24.432	  -3.377	 -14.571
21344	CLA 	736	  23.610	  14.594	 -41.409
