786	 CA 	110	 -46.944	  -2.796	  31.567
806	 CA 	111	 -48.766	   0.246	  33.008
821	 CA 	112	 -50.236	   3.111	  31.000
894	 CA 	116	 -57.163	   2.859	  34.881
1467	 CA 	151	 -39.008	   1.966	  -4.453
1477	 CA 	152	 -41.995	   2.420	  -6.907
1497	 CA 	153	 -40.834	   5.952	  -7.420
2201	 CA 	197	 -32.407	   7.000	  -8.232
2279	 CA 	202	 -31.744	   3.452	  -0.376
2324	 CA 	206	 -31.021	  -1.171	   2.791
2373	 CA 	209	 -23.015	  -0.391	  -2.622
2380	 CA 	210	 -22.132	   3.138	  -3.418
5325	 CA 	395	 -25.116	 -17.878	  23.907
5344	 CA 	396	 -28.852	 -16.656	  24.343
5356	 CA 	397	 -27.785	 -13.452	  22.496
5367	 CA 	398	 -24.662	 -11.755	  21.154
6370	 CA 	462	 -18.216	 -12.570	   4.126
6406	 CA 	465	 -19.396	 -16.940	   6.583
6933	 CA 	500	 -14.463	 -12.077	  15.473
6980	 CA 	503	 -15.370	 -13.087	  10.745
21341	CLA 	735	 -21.187	   2.954	   1.134
21342	CLA 	736	 -25.014	  -2.722	 -14.501
21344	CLA 	736	  33.352	   6.301	  -9.789
