786	 CA 	110	 -46.234	   3.949	  34.644
806	 CA 	111	 -48.309	   6.459	  36.774
821	 CA 	112	 -51.111	   8.303	  34.959
894	 CA 	116	 -58.834	   5.232	  35.993
1467	 CA 	151	 -38.486	   2.004	  -2.586
1477	 CA 	152	 -41.654	   2.650	  -4.813
1497	 CA 	153	 -40.591	   6.328	  -5.494
2201	 CA 	197	 -32.031	   6.753	  -7.169
2279	 CA 	202	 -30.723	   3.648	   0.879
2324	 CA 	206	 -30.332	  -0.828	   4.064
2373	 CA 	209	 -22.459	   0.425	  -1.839
2380	 CA 	210	 -20.904	   3.936	  -2.448
5325	 CA 	395	 -21.282	 -19.669	  25.471
5344	 CA 	396	 -24.630	 -20.357	  23.983
5356	 CA 	397	 -25.977	 -17.328	  22.222
5367	 CA 	398	 -23.498	 -14.665	  21.100
6370	 CA 	462	 -17.253	 -12.610	   4.101
6406	 CA 	465	 -18.702	 -16.551	   6.915
6933	 CA 	500	 -12.702	 -11.749	  14.826
6980	 CA 	503	 -13.597	 -12.863	  10.297
21341	CLA 	735	 -20.146	   1.478	   0.675
21342	CLA 	736	 -25.332	  -1.693	 -15.596
21344	CLA 	736	  29.097	   0.221	 -16.415
