786	 CA 	110	 -46.032	  -1.476	  32.813
806	 CA 	111	 -48.603	   1.108	  33.835
821	 CA 	112	 -50.286	   3.771	  31.747
894	 CA 	116	 -56.245	   4.039	  36.145
1467	 CA 	151	 -39.228	   1.951	  -4.183
1477	 CA 	152	 -42.167	   2.764	  -6.375
1497	 CA 	153	 -40.821	   6.212	  -7.231
2201	 CA 	197	 -32.530	   6.938	  -8.059
2279	 CA 	202	 -31.562	   2.959	  -0.514
2324	 CA 	206	 -31.061	  -1.081	   2.626
2373	 CA 	209	 -23.256	  -0.177	  -2.339
2380	 CA 	210	 -22.193	   3.264	  -3.436
5325	 CA 	395	 -26.823	 -17.475	  21.769
5344	 CA 	396	 -28.510	 -15.567	  24.627
5356	 CA 	397	 -27.934	 -12.052	  23.125
5367	 CA 	398	 -25.402	 -10.635	  20.633
6370	 CA 	462	 -18.510	 -12.727	   3.726
6406	 CA 	465	 -19.571	 -17.133	   6.138
6933	 CA 	500	 -14.971	 -12.327	  15.177
6980	 CA 	503	 -15.255	 -13.182	  10.469
21341	CLA 	735	 -22.254	   2.892	   1.591
21342	CLA 	736	 -24.814	  -3.051	 -14.602
21344	CLA 	736	  34.921	   4.850	 -10.559
