786	 CA 	110	 -45.629	   0.377	  34.636
806	 CA 	111	 -46.927	   4.074	  34.497
821	 CA 	112	 -48.397	   6.437	  31.844
894	 CA 	116	 -54.676	   6.718	  34.002
1467	 CA 	151	 -38.960	   3.333	  -4.582
1477	 CA 	152	 -41.903	   3.606	  -7.038
1497	 CA 	153	 -40.760	   7.086	  -8.089
2201	 CA 	197	 -32.479	   7.191	  -8.312
2279	 CA 	202	 -32.068	   3.736	  -0.413
2324	 CA 	206	 -31.459	  -1.299	   3.427
2373	 CA 	209	 -23.682	  -0.091	  -2.011
2380	 CA 	210	 -22.836	   3.541	  -2.901
5325	 CA 	395	 -27.342	 -16.926	  20.829
5344	 CA 	396	 -27.290	 -14.901	  24.073
5356	 CA 	397	 -26.971	 -11.519	  22.370
5367	 CA 	398	 -23.722	 -10.054	  21.203
6370	 CA 	462	 -18.966	 -12.563	   4.318
6406	 CA 	465	 -20.341	 -16.655	   6.381
6933	 CA 	500	 -15.016	 -12.048	  15.494
6980	 CA 	503	 -15.425	 -13.008	  10.448
21341	CLA 	735	 -24.527	   3.651	   2.682
21342	CLA 	736	 -24.562	  -2.983	 -14.751
21344	CLA 	736	  36.254	  -1.565	 -24.183
