786	 CA 	110	 -44.427	  -2.240	  35.184
806	 CA 	111	 -45.836	   1.052	  36.673
821	 CA 	112	 -47.816	   3.756	  34.733
894	 CA 	116	 -55.614	   2.900	  36.882
1467	 CA 	151	 -38.533	   1.626	  -3.592
1477	 CA 	152	 -41.338	   2.136	  -6.236
1497	 CA 	153	 -40.014	   5.664	  -6.859
2201	 CA 	197	 -32.326	   6.090	  -7.358
2279	 CA 	202	 -31.158	   2.513	   0.447
2324	 CA 	206	 -30.847	  -1.518	   4.266
2373	 CA 	209	 -22.828	  -0.490	  -1.405
2380	 CA 	210	 -21.979	   3.098	  -2.586
5325	 CA 	395	 -24.788	 -16.659	  23.076
5344	 CA 	396	 -24.531	 -13.899	  25.722
5356	 CA 	397	 -24.665	 -11.244	  22.993
5367	 CA 	398	 -21.480	  -9.916	  21.125
6370	 CA 	462	 -17.764	 -13.997	   4.411
6406	 CA 	465	 -19.252	 -17.754	   7.245
6933	 CA 	500	 -12.981	 -12.887	  15.289
6980	 CA 	503	 -14.336	 -13.648	  10.700
21341	CLA 	735	 -23.600	   3.526	   4.304
21342	CLA 	736	 -23.944	  -2.943	 -14.425
21344	CLA 	736	  21.192	  26.299	 -43.246
