786	 CA 	110	 -48.678	  -0.784	  32.140
806	 CA 	111	 -51.043	   2.163	  32.741
821	 CA 	112	 -53.080	   4.785	  30.870
894	 CA 	116	 -58.975	   4.699	  34.634
1467	 CA 	151	 -38.942	   2.900	  -4.444
1477	 CA 	152	 -41.807	   3.769	  -6.868
1497	 CA 	153	 -40.199	   7.135	  -7.343
2201	 CA 	197	 -32.021	   7.861	  -8.035
2279	 CA 	202	 -31.509	   3.531	  -0.699
2324	 CA 	206	 -31.458	  -0.967	   2.866
2373	 CA 	209	 -23.348	  -0.752	  -2.055
2380	 CA 	210	 -22.336	   2.840	  -2.864
5325	 CA 	395	 -27.333	 -18.161	  20.088
5344	 CA 	396	 -26.912	 -16.543	  23.499
5356	 CA 	397	 -27.993	 -13.078	  22.210
5367	 CA 	398	 -25.535	 -10.583	  20.520
6370	 CA 	462	 -18.695	 -12.715	   3.829
6406	 CA 	465	 -20.204	 -17.286	   5.725
6933	 CA 	500	 -15.589	 -12.257	  15.007
6980	 CA 	503	 -16.069	 -13.486	  10.198
21341	CLA 	735	 -23.080	   2.506	   3.801
21342	CLA 	736	 -24.855	  -2.813	 -14.985
21344	CLA 	736	  34.947	   3.890	 -10.091
