786	 CA 	110	 -47.349	   3.519	  33.817
806	 CA 	111	 -49.449	   6.462	  35.057
821	 CA 	112	 -52.856	   7.614	  33.600
894	 CA 	116	 -59.799	   3.437	  35.367
1467	 CA 	151	 -38.675	   0.659	  -2.611
1477	 CA 	152	 -41.858	   1.242	  -4.759
1497	 CA 	153	 -40.844	   4.746	  -5.613
2201	 CA 	197	 -32.574	   5.776	  -7.222
2279	 CA 	202	 -30.715	   2.952	   0.633
2324	 CA 	206	 -30.095	  -1.338	   4.167
2373	 CA 	209	 -22.615	  -0.180	  -1.941
2380	 CA 	210	 -21.436	   3.504	  -2.321
5325	 CA 	395	 -20.246	 -20.100	  26.204
5344	 CA 	396	 -24.003	 -20.282	  25.237
5356	 CA 	397	 -24.787	 -17.039	  23.404
5367	 CA 	398	 -22.146	 -14.627	  21.993
6370	 CA 	462	 -17.212	 -12.085	   4.499
6406	 CA 	465	 -18.421	 -16.200	   7.256
6933	 CA 	500	 -12.452	 -11.733	  15.629
6980	 CA 	503	 -13.304	 -12.688	  10.781
21341	CLA 	735	 -19.550	   0.616	  -0.141
21342	CLA 	736	 -25.063	  -1.735	 -15.126
21344	CLA 	736	  30.276	   1.792	 -16.860
