786	 CA 	110	 -46.032	  -3.942	  34.212
806	 CA 	111	 -48.409	  -0.988	  34.637
821	 CA 	112	 -50.372	   1.202	  32.212
894	 CA 	116	 -56.476	   0.930	  35.333
1467	 CA 	151	 -39.152	   1.113	  -4.360
1477	 CA 	152	 -42.150	   1.388	  -6.761
1497	 CA 	153	 -41.085	   5.002	  -7.419
2201	 CA 	197	 -32.735	   6.281	  -8.055
2279	 CA 	202	 -31.748	   2.134	  -0.402
2324	 CA 	206	 -30.836	  -3.411	   2.535
2373	 CA 	209	 -22.958	  -1.070	  -2.346
2380	 CA 	210	 -21.667	   2.526	  -2.847
5325	 CA 	395	 -25.939	 -18.178	  20.920
5344	 CA 	396	 -25.982	 -15.719	  24.001
5356	 CA 	397	 -25.626	 -12.749	  21.632
5367	 CA 	398	 -22.135	 -11.892	  20.554
6370	 CA 	462	 -18.205	 -13.497	   3.423
6406	 CA 	465	 -19.576	 -17.912	   5.787
6933	 CA 	500	 -14.346	 -13.244	  14.527
6980	 CA 	503	 -14.695	 -13.988	   9.771
21341	CLA 	735	 -23.359	   2.316	   2.941
21342	CLA 	736	 -24.715	  -3.221	 -14.625
21344	CLA 	736	  32.115	   9.613	 -14.311
