786	 CA 	110	 -48.369	  -2.443	  31.331
806	 CA 	111	 -50.029	   0.811	  32.379
821	 CA 	112	 -52.325	   3.318	  30.792
894	 CA 	116	 -59.314	   1.309	  34.240
1467	 CA 	151	 -39.406	   2.602	  -4.492
1477	 CA 	152	 -42.287	   3.833	  -6.687
1497	 CA 	153	 -40.565	   7.323	  -7.108
2201	 CA 	197	 -31.946	   7.844	  -7.732
2279	 CA 	202	 -30.885	   3.787	  -0.127
2324	 CA 	206	 -31.265	  -1.035	   2.443
2373	 CA 	209	 -23.290	  -0.287	  -2.142
2380	 CA 	210	 -22.512	   3.152	  -3.384
5325	 CA 	395	 -26.799	 -18.242	  22.826
5344	 CA 	396	 -30.598	 -17.988	  23.424
5356	 CA 	397	 -30.435	 -14.571	  21.768
5367	 CA 	398	 -27.462	 -12.576	  20.521
6370	 CA 	462	 -18.855	 -12.630	   3.341
6406	 CA 	465	 -19.909	 -17.299	   5.113
6933	 CA 	500	 -15.596	 -14.121	  14.328
6980	 CA 	503	 -15.533	 -14.121	   9.877
21341	CLA 	735	 -21.941	   3.168	   2.287
21342	CLA 	736	 -25.245	  -2.793	 -15.120
21344	CLA 	736	  34.580	   6.092	  -8.957
