786	 CA 	110	 -46.719	  -2.604	  35.698
806	 CA 	111	 -48.811	   0.503	  35.502
821	 CA 	112	 -49.381	   3.308	  33.079
894	 CA 	116	 -56.691	   4.582	  35.757
1467	 CA 	151	 -38.836	   2.465	  -3.607
1477	 CA 	152	 -41.780	   2.966	  -6.101
1497	 CA 	153	 -40.359	   6.356	  -6.938
2201	 CA 	197	 -32.163	   6.812	  -7.622
2279	 CA 	202	 -31.156	   3.056	   0.116
2324	 CA 	206	 -31.058	  -1.687	   3.535
2373	 CA 	209	 -22.745	  -0.733	  -1.484
2380	 CA 	210	 -21.783	   2.478	  -3.138
5325	 CA 	395	 -26.968	 -17.853	  21.465
5344	 CA 	396	 -26.760	 -15.938	  24.754
5356	 CA 	397	 -27.302	 -12.565	  22.797
5367	 CA 	398	 -24.637	 -10.627	  20.863
6370	 CA 	462	 -18.217	 -13.098	   4.433
6406	 CA 	465	 -19.504	 -17.066	   6.618
6933	 CA 	500	 -14.458	 -12.495	  15.866
6980	 CA 	503	 -15.182	 -13.415	  10.735
21341	CLA 	735	 -23.614	   3.007	   3.987
21342	CLA 	736	 -24.903	  -3.196	 -14.951
21344	CLA 	736	  39.964	  -8.473	 -38.393
