786	 CA 	110	 -47.059	  -3.259	  32.569
806	 CA 	111	 -49.642	  -0.488	  33.397
821	 CA 	112	 -50.997	   2.595	  31.524
894	 CA 	116	 -57.318	   2.182	  35.548
1467	 CA 	151	 -39.188	   2.213	  -4.672
1477	 CA 	152	 -41.959	   3.063	  -7.216
1497	 CA 	153	 -40.739	   6.589	  -7.776
2201	 CA 	197	 -31.950	   7.275	  -8.859
2279	 CA 	202	 -31.259	   3.876	  -0.769
2324	 CA 	206	 -31.488	  -0.613	   2.791
2373	 CA 	209	 -23.114	  -0.051	  -2.412
2380	 CA 	210	 -21.988	   3.415	  -3.534
5325	 CA 	395	 -27.300	 -18.295	  21.660
5344	 CA 	396	 -30.265	 -16.436	  23.339
5356	 CA 	397	 -28.371	 -13.305	  22.261
5367	 CA 	398	 -25.205	 -12.989	  20.360
6370	 CA 	462	 -18.873	 -12.805	   3.406
6406	 CA 	465	 -20.123	 -17.089	   5.904
6933	 CA 	500	 -15.281	 -12.650	  14.657
6980	 CA 	503	 -15.518	 -13.468	   9.995
21341	CLA 	735	 -21.676	   2.981	   1.392
21342	CLA 	736	 -25.083	  -2.663	 -14.598
21344	CLA 	736	  34.271	   5.785	  -9.095
