786	 CA 	110	 -44.625	  -0.513	  34.013
806	 CA 	111	 -46.568	   2.296	  35.723
821	 CA 	112	 -48.118	   5.445	  34.463
894	 CA 	116	 -55.325	   6.778	  36.124
1467	 CA 	151	 -38.523	   2.333	  -3.771
1477	 CA 	152	 -41.438	   3.288	  -6.305
1497	 CA 	153	 -39.712	   6.700	  -6.992
2201	 CA 	197	 -31.772	   7.398	  -7.259
2279	 CA 	202	 -30.722	   3.995	   0.428
2324	 CA 	206	 -30.681	  -1.065	   4.122
2373	 CA 	209	 -22.306	   0.129	  -0.946
2380	 CA 	210	 -21.517	   3.104	  -3.062
5325	 CA 	395	 -24.689	 -18.136	  22.646
5344	 CA 	396	 -24.220	 -15.534	  25.387
5356	 CA 	397	 -24.500	 -12.691	  22.774
5367	 CA 	398	 -22.332	 -10.075	  21.128
6370	 CA 	462	 -17.840	 -12.846	   4.562
6406	 CA 	465	 -19.466	 -16.882	   7.037
6933	 CA 	500	 -13.793	 -12.379	  15.405
6980	 CA 	503	 -14.744	 -13.248	  10.624
21341	CLA 	735	 -23.426	   4.100	   4.050
21342	CLA 	736	 -24.196	  -3.025	 -14.676
21344	CLA 	736	  32.454	  16.189	 -46.509
