786	 CA 	110	 -45.020	   2.154	  37.062
806	 CA 	111	 -48.441	   3.642	  36.591
821	 CA 	112	 -50.618	   5.021	  33.759
894	 CA 	116	 -56.630	   3.100	  37.620
1467	 CA 	151	 -38.918	   1.579	  -3.121
1477	 CA 	152	 -41.894	   1.775	  -5.479
1497	 CA 	153	 -40.860	   5.393	  -6.417
2201	 CA 	197	 -32.484	   5.979	  -6.927
2279	 CA 	202	 -31.146	   2.729	   0.712
2324	 CA 	206	 -30.646	  -1.403	   4.316
2373	 CA 	209	 -22.751	  -0.395	  -0.616
2380	 CA 	210	 -21.921	   2.683	  -2.811
5325	 CA 	395	 -24.601	 -17.050	  23.022
5344	 CA 	396	 -25.323	 -14.433	  25.791
5356	 CA 	397	 -25.663	 -11.526	  23.255
5367	 CA 	398	 -22.386	 -10.035	  21.899
6370	 CA 	462	 -17.471	 -12.635	   4.736
6406	 CA 	465	 -18.598	 -16.778	   7.075
6933	 CA 	500	 -13.277	 -12.777	  15.663
6980	 CA 	503	 -14.060	 -13.408	  11.207
21341	CLA 	735	 -23.222	   2.830	   4.544
21342	CLA 	736	 -24.858	  -2.998	 -14.510
21344	CLA 	736	  20.267	  34.756	 -36.413
