786	 CA 	110	 -45.557	   3.251	  35.619
806	 CA 	111	 -47.676	   5.864	  37.404
821	 CA 	112	 -50.700	   7.419	  35.578
894	 CA 	116	 -58.035	   3.919	  36.622
1467	 CA 	151	 -38.681	   1.636	  -2.583
1477	 CA 	152	 -41.678	   2.093	  -4.822
1497	 CA 	153	 -40.856	   5.792	  -5.447
2201	 CA 	197	 -32.354	   6.553	  -7.200
2279	 CA 	202	 -30.714	   3.186	   0.911
2324	 CA 	206	 -29.862	  -1.659	   3.781
2373	 CA 	209	 -22.300	  -0.440	  -1.961
2380	 CA 	210	 -20.931	   3.137	  -2.138
5325	 CA 	395	 -20.685	 -19.396	  25.661
5344	 CA 	396	 -23.972	 -20.240	  24.044
5356	 CA 	397	 -25.132	 -17.069	  22.493
5367	 CA 	398	 -22.731	 -14.334	  21.277
6370	 CA 	462	 -16.638	 -12.734	   4.277
6406	 CA 	465	 -18.371	 -16.876	   7.108
6933	 CA 	500	 -12.514	 -11.483	  15.063
6980	 CA 	503	 -13.436	 -13.014	  10.470
21341	CLA 	735	 -18.654	   0.109	  -0.538
21342	CLA 	736	 -24.979	  -1.393	 -15.360
21344	CLA 	736	  28.724	   1.316	 -16.267
