786	 CA 	110	 -48.556	  -0.193	  33.252
806	 CA 	111	 -50.675	   2.779	  34.545
821	 CA 	112	 -52.701	   5.272	  32.523
894	 CA 	116	 -59.219	   3.869	  35.268
1467	 CA 	151	 -38.482	   2.125	  -3.794
1477	 CA 	152	 -41.536	   2.972	  -5.950
1497	 CA 	153	 -40.510	   6.789	  -6.346
2201	 CA 	197	 -31.965	   7.766	  -7.561
2279	 CA 	202	 -30.738	   4.347	   0.136
2324	 CA 	206	 -30.922	  -0.545	   3.574
2373	 CA 	209	 -23.011	  -0.320	  -2.347
2380	 CA 	210	 -22.248	   3.368	  -3.208
5325	 CA 	395	 -23.581	 -19.577	  26.376
5344	 CA 	396	 -27.214	 -18.920	  25.533
5356	 CA 	397	 -27.813	 -16.093	  23.104
5367	 CA 	398	 -25.163	 -14.181	  21.161
6370	 CA 	462	 -17.825	 -12.611	   4.343
6406	 CA 	465	 -19.525	 -16.351	   6.542
6933	 CA 	500	 -14.118	 -12.172	  15.669
6980	 CA 	503	 -14.819	 -13.063	  10.651
21341	CLA 	735	 -22.080	   2.764	   2.338
21342	CLA 	736	 -24.640	  -1.965	 -15.223
21344	CLA 	736	  34.522	   1.963	 -12.342
