786	 CA 	110	 -48.931	  -1.978	  32.124
806	 CA 	111	 -51.031	   1.121	  32.777
821	 CA 	112	 -52.692	   3.480	  30.139
894	 CA 	116	 -57.845	   3.319	  34.075
1467	 CA 	151	 -39.111	   2.232	  -4.785
1477	 CA 	152	 -41.820	   3.309	  -7.291
1497	 CA 	153	 -40.370	   6.885	  -7.507
2201	 CA 	197	 -32.066	   7.355	  -7.960
2279	 CA 	202	 -31.201	   3.349	  -0.616
2324	 CA 	206	 -30.809	  -2.078	   2.909
2373	 CA 	209	 -22.755	  -0.555	  -2.007
2380	 CA 	210	 -21.552	   3.050	  -2.951
5325	 CA 	395	 -26.121	 -17.053	  20.903
5344	 CA 	396	 -26.236	 -15.336	  24.247
5356	 CA 	397	 -26.253	 -11.912	  22.484
5367	 CA 	398	 -23.019	 -10.357	  20.998
6370	 CA 	462	 -18.420	 -12.902	   3.837
6406	 CA 	465	 -19.740	 -16.842	   6.237
6933	 CA 	500	 -15.066	 -12.655	  15.072
6980	 CA 	503	 -15.187	 -13.450	  10.335
21341	CLA 	735	 -23.133	   3.013	   3.048
21342	CLA 	736	 -24.580	  -2.600	 -14.837
21344	CLA 	736	  34.744	   5.357	 -10.360
