786	 CA 	110	 -45.915	  -2.820	  32.577
806	 CA 	111	 -48.571	  -0.346	  33.899
821	 CA 	112	 -50.019	   2.902	  32.488
894	 CA 	116	 -56.160	   2.385	  36.600
1467	 CA 	151	 -38.323	   1.362	  -4.241
1477	 CA 	152	 -41.316	   1.546	  -6.695
1497	 CA 	153	 -40.444	   5.212	  -7.462
2201	 CA 	197	 -32.170	   7.040	  -8.128
2279	 CA 	202	 -31.229	   2.852	  -0.709
2324	 CA 	206	 -31.271	  -2.312	   2.590
2373	 CA 	209	 -23.146	  -1.138	  -2.115
2380	 CA 	210	 -22.139	   2.427	  -3.115
5325	 CA 	395	 -26.278	 -18.420	  21.484
5344	 CA 	396	 -27.448	 -16.410	  24.498
5356	 CA 	397	 -26.619	 -13.078	  22.824
5367	 CA 	398	 -23.348	 -11.737	  21.417
6370	 CA 	462	 -17.877	 -13.344	   4.104
6406	 CA 	465	 -19.485	 -17.444	   6.365
6933	 CA 	500	 -14.908	 -13.050	  15.415
6980	 CA 	503	 -15.325	 -13.849	  10.120
21341	CLA 	735	 -21.549	   2.037	   1.786
21342	CLA 	736	 -24.742	  -2.745	 -14.845
21344	CLA 	736	  33.140	   6.132	 -11.027
