786	 CA 	110	 -47.464	   4.241	  36.246
806	 CA 	111	 -50.454	   6.425	  37.224
821	 CA 	112	 -52.434	   8.495	  34.923
894	 CA 	116	 -58.351	   4.939	  38.196
1467	 CA 	151	 -38.651	   2.694	  -3.842
1477	 CA 	152	 -41.516	   3.624	  -6.214
1497	 CA 	153	 -39.949	   6.999	  -6.980
2201	 CA 	197	 -31.820	   6.792	  -7.228
2279	 CA 	202	 -31.288	   3.431	   0.900
2324	 CA 	206	 -30.338	  -1.495	   4.625
2373	 CA 	209	 -23.027	  -0.355	  -1.061
2380	 CA 	210	 -21.985	   2.938	  -2.757
5325	 CA 	395	 -24.620	 -16.403	  23.657
5344	 CA 	396	 -23.999	 -13.980	  26.580
5356	 CA 	397	 -24.418	 -10.732	  24.472
5367	 CA 	398	 -21.787	  -9.289	  22.224
6370	 CA 	462	 -18.058	 -12.825	   4.590
6406	 CA 	465	 -19.753	 -16.612	   7.781
6933	 CA 	500	 -13.034	 -12.370	  15.780
6980	 CA 	503	 -14.691	 -13.043	  11.119
21341	CLA 	735	 -22.771	   3.788	   4.274
21342	CLA 	736	 -24.788	  -2.859	 -15.007
21344	CLA 	736	  30.053	  52.915	 -33.722
