786	 CA 	110	 -43.896	  -3.135	  34.238
806	 CA 	111	 -46.493	  -0.480	  34.952
821	 CA 	112	 -47.597	   3.035	  33.480
894	 CA 	116	 -53.733	   2.870	  37.332
1467	 CA 	151	 -39.147	   1.858	  -4.512
1477	 CA 	152	 -42.148	   2.861	  -6.751
1497	 CA 	153	 -40.513	   6.326	  -7.264
2201	 CA 	197	 -32.218	   7.526	  -8.319
2279	 CA 	202	 -31.458	   3.853	  -0.652
2324	 CA 	206	 -32.146	  -1.239	   3.054
2373	 CA 	209	 -23.656	  -0.331	  -2.427
2380	 CA 	210	 -22.669	   3.048	  -3.648
5325	 CA 	395	 -27.060	 -17.343	  20.850
5344	 CA 	396	 -26.927	 -14.808	  23.761
5356	 CA 	397	 -26.775	 -11.759	  21.394
5367	 CA 	398	 -23.386	 -10.310	  20.244
6370	 CA 	462	 -19.117	 -13.003	   3.737
6406	 CA 	465	 -19.986	 -17.052	   5.968
6933	 CA 	500	 -15.239	 -12.837	  14.623
6980	 CA 	503	 -15.831	 -13.455	  10.111
21341	CLA 	735	 -23.576	   2.726	   2.892
21342	CLA 	736	 -25.264	  -2.866	 -14.987
21344	CLA 	736	  35.419	   6.092	 -11.817
