786	 CA 	110	 -48.243	  -4.152	  32.276
806	 CA 	111	 -50.103	  -1.293	  33.905
821	 CA 	112	 -51.217	   2.329	  33.118
894	 CA 	116	 -58.421	   2.439	  36.118
1467	 CA 	151	 -38.796	   2.818	  -4.122
1477	 CA 	152	 -41.756	   3.176	  -6.624
1497	 CA 	153	 -40.470	   6.850	  -7.211
2201	 CA 	197	 -32.303	   7.438	  -8.235
2279	 CA 	202	 -31.839	   3.367	  -0.549
2324	 CA 	206	 -30.652	  -2.057	   2.358
2373	 CA 	209	 -22.899	  -0.196	  -2.657
2380	 CA 	210	 -21.358	   3.304	  -2.768
5325	 CA 	395	 -26.015	 -18.086	  20.458
5344	 CA 	396	 -25.802	 -15.464	  23.244
5356	 CA 	397	 -25.977	 -12.593	  20.624
5367	 CA 	398	 -22.594	 -11.217	  19.160
6370	 CA 	462	 -17.790	 -13.619	   3.198
6406	 CA 	465	 -18.764	 -17.953	   5.291
6933	 CA 	500	 -14.380	 -13.383	  14.128
6980	 CA 	503	 -14.898	 -13.809	   9.608
21341	CLA 	735	 -22.540	   3.116	   2.802
21342	CLA 	736	 -24.225	  -2.454	 -15.252
21344	CLA 	736	  35.959	   5.575	 -12.027
