786	 CA 	110	 -47.210	  -1.988	  32.988
806	 CA 	111	 -48.080	   1.747	  33.596
821	 CA 	112	 -50.528	   4.081	  31.874
894	 CA 	116	 -55.221	   3.783	  36.038
1467	 CA 	151	 -38.616	   1.191	  -3.997
1477	 CA 	152	 -41.577	   1.760	  -6.374
1497	 CA 	153	 -40.565	   5.550	  -6.801
2201	 CA 	197	 -32.269	   6.774	  -7.603
2279	 CA 	202	 -31.407	   2.823	   0.062
2324	 CA 	206	 -31.192	  -1.698	   2.889
2373	 CA 	209	 -22.639	  -0.711	  -2.516
2380	 CA 	210	 -21.507	   3.001	  -3.362
5325	 CA 	395	 -25.043	 -17.691	  20.969
5344	 CA 	396	 -25.075	 -15.336	  23.964
5356	 CA 	397	 -25.169	 -12.056	  21.733
5367	 CA 	398	 -22.128	 -10.038	  20.554
6370	 CA 	462	 -17.768	 -13.020	   4.062
6406	 CA 	465	 -18.736	 -17.203	   6.566
6933	 CA 	500	 -13.979	 -12.044	  15.004
6980	 CA 	503	 -14.539	 -13.229	  10.245
21341	CLA 	735	 -23.194	   2.794	   3.329
21342	CLA 	736	 -24.592	  -2.812	 -15.003
21344	CLA 	736	  34.159	   5.421	 -10.685
