786	 CA 	110	 -49.163	   1.877	  33.127
806	 CA 	111	 -51.120	   5.020	  34.034
821	 CA 	112	 -54.073	   6.274	  32.024
894	 CA 	116	 -61.199	   1.911	  33.584
1467	 CA 	151	 -39.082	   1.180	  -3.679
1477	 CA 	152	 -42.197	   1.674	  -5.855
1497	 CA 	153	 -41.402	   5.449	  -6.238
2201	 CA 	197	 -32.444	   5.791	  -7.194
2279	 CA 	202	 -31.251	   2.452	   0.831
2324	 CA 	206	 -30.366	  -2.298	   3.205
2373	 CA 	209	 -22.643	  -0.565	  -2.061
2380	 CA 	210	 -21.441	   3.118	  -2.269
5325	 CA 	395	 -21.312	 -20.992	  25.100
5344	 CA 	396	 -24.899	 -21.075	  23.589
5356	 CA 	397	 -25.575	 -17.776	  21.691
5367	 CA 	398	 -23.057	 -15.302	  20.164
6370	 CA 	462	 -17.552	 -13.006	   4.084
6406	 CA 	465	 -18.358	 -17.003	   6.448
6933	 CA 	500	 -12.548	 -12.908	  15.013
6980	 CA 	503	 -13.680	 -13.776	  10.417
21341	CLA 	735	 -19.218	   0.328	  -0.570
21342	CLA 	736	 -24.570	  -1.991	 -15.067
21344	CLA 	736	  31.300	   2.391	 -14.291
