786	 CA 	110	 -45.288	  -1.641	  33.733
806	 CA 	111	 -47.496	   1.433	  34.696
821	 CA 	112	 -49.214	   4.293	  32.863
894	 CA 	116	 -54.842	   3.794	  36.849
1467	 CA 	151	 -39.082	   2.340	  -3.569
1477	 CA 	152	 -41.888	   3.309	  -6.016
1497	 CA 	153	 -40.480	   6.832	  -6.776
2201	 CA 	197	 -32.256	   6.620	  -7.320
2279	 CA 	202	 -31.382	   3.510	   0.824
2324	 CA 	206	 -30.552	  -1.737	   4.185
2373	 CA 	209	 -23.142	  -0.385	  -1.488
2380	 CA 	210	 -22.041	   2.916	  -2.806
5325	 CA 	395	 -25.272	 -17.401	  23.283
5344	 CA 	396	 -25.353	 -15.438	  26.588
5356	 CA 	397	 -25.752	 -12.247	  24.473
5367	 CA 	398	 -22.892	 -10.974	  22.281
6370	 CA 	462	 -17.752	 -12.579	   4.609
6406	 CA 	465	 -18.980	 -16.895	   6.870
6933	 CA 	500	 -14.307	 -12.272	  15.696
6980	 CA 	503	 -14.741	 -12.883	  10.992
21341	CLA 	735	 -23.276	   3.179	   4.204
21342	CLA 	736	 -23.949	  -2.595	 -15.236
21344	CLA 	736	  32.706	   8.320	 -23.336
