786	 CA 	110	 -46.786	  -0.956	  31.725
806	 CA 	111	 -49.277	   1.519	  33.324
821	 CA 	112	 -51.141	   4.533	  31.900
894	 CA 	116	 -56.904	   3.441	  36.407
1467	 CA 	151	 -38.890	   2.089	  -4.650
1477	 CA 	152	 -41.699	   3.119	  -7.067
1497	 CA 	153	 -40.275	   6.763	  -7.437
2201	 CA 	197	 -32.354	   7.649	  -8.364
2279	 CA 	202	 -31.423	   3.737	  -0.592
2324	 CA 	206	 -31.331	  -1.130	   2.323
2373	 CA 	209	 -23.119	  -0.425	  -2.309
2380	 CA 	210	 -22.213	   3.310	  -3.046
5325	 CA 	395	 -26.791	 -17.446	  21.580
5344	 CA 	396	 -27.169	 -15.297	  24.714
5356	 CA 	397	 -26.687	 -12.169	  22.542
5367	 CA 	398	 -23.561	 -10.462	  21.185
6370	 CA 	462	 -18.456	 -12.719	   3.900
6406	 CA 	465	 -19.277	 -17.062	   6.198
6933	 CA 	500	 -14.957	 -12.717	  15.340
6980	 CA 	503	 -15.198	 -13.485	  10.616
21341	CLA 	735	 -21.615	   2.774	   1.965
21342	CLA 	736	 -24.591	  -1.677	 -15.368
21344	CLA 	736	  34.896	   4.499	 -10.366
