786	 CA 	110	 -44.835	  -4.549	  34.026
806	 CA 	111	 -46.198	  -1.751	  36.028
821	 CA 	112	 -46.928	   1.877	  35.606
894	 CA 	116	 -53.978	   2.452	  38.476
1467	 CA 	151	 -38.641	   1.662	  -3.107
1477	 CA 	152	 -41.601	   2.584	  -5.278
1497	 CA 	153	 -40.371	   6.139	  -5.850
2201	 CA 	197	 -31.886	   7.151	  -7.596
2279	 CA 	202	 -31.081	   3.772	   0.510
2324	 CA 	206	 -30.935	  -1.024	   2.991
2373	 CA 	209	 -22.882	  -0.249	  -2.077
2380	 CA 	210	 -21.513	   3.245	  -2.736
5325	 CA 	395	 -25.869	 -17.718	  21.986
5344	 CA 	396	 -25.903	 -15.173	  24.896
5356	 CA 	397	 -26.453	 -12.528	  22.216
5367	 CA 	398	 -23.476	 -10.632	  20.633
6370	 CA 	462	 -17.991	 -13.159	   3.833
6406	 CA 	465	 -19.269	 -17.401	   6.410
6933	 CA 	500	 -14.184	 -12.668	  15.204
6980	 CA 	503	 -14.831	 -13.867	  10.430
21341	CLA 	735	 -22.581	   3.440	   3.126
21342	CLA 	736	 -24.866	  -2.386	 -14.801
21344	CLA 	736	  35.666	   6.619	 -16.188
