786	 CA 	110	 -46.473	  -0.777	  32.564
806	 CA 	111	 -48.479	   2.202	  33.842
821	 CA 	112	 -50.247	   4.909	  31.742
894	 CA 	116	 -56.121	   5.250	  36.515
1467	 CA 	151	 -39.138	   1.487	  -4.439
1477	 CA 	152	 -41.824	   1.985	  -7.038
1497	 CA 	153	 -40.658	   5.534	  -7.499
2201	 CA 	197	 -32.613	   7.044	  -8.404
2279	 CA 	202	 -31.445	   3.284	  -0.646
2324	 CA 	206	 -31.354	  -1.663	   3.086
2373	 CA 	209	 -22.996	  -0.447	  -2.065
2380	 CA 	210	 -22.693	   3.062	  -3.280
5325	 CA 	395	 -26.635	 -18.229	  21.452
5344	 CA 	396	 -29.070	 -16.478	  23.893
5356	 CA 	397	 -28.468	 -12.905	  22.694
5367	 CA 	398	 -25.759	 -11.257	  20.513
6370	 CA 	462	 -18.236	 -12.883	   3.714
6406	 CA 	465	 -19.323	 -16.998	   5.738
6933	 CA 	500	 -14.673	 -12.587	  15.269
6980	 CA 	503	 -15.179	 -13.532	  10.309
21341	CLA 	735	 -21.692	   3.297	   1.193
21342	CLA 	736	 -24.139	  -2.820	 -14.735
21344	CLA 	736	  34.047	   4.937	 -10.383
