786	 CA 	110	 -45.949	  -2.525	  31.686
806	 CA 	111	 -48.419	   0.141	  33.223
821	 CA 	112	 -50.492	   3.127	  32.060
894	 CA 	116	 -56.447	   2.740	  36.495
1467	 CA 	151	 -38.404	   2.090	  -4.187
1477	 CA 	152	 -41.256	   2.614	  -6.646
1497	 CA 	153	 -39.997	   6.269	  -7.370
2201	 CA 	197	 -32.194	   7.105	  -8.372
2279	 CA 	202	 -31.418	   3.046	  -0.691
2324	 CA 	206	 -31.036	  -1.578	   2.935
2373	 CA 	209	 -23.085	  -0.612	  -1.692
2380	 CA 	210	 -22.045	   2.839	  -3.175
5325	 CA 	395	 -25.498	 -17.715	  22.725
5344	 CA 	396	 -27.788	 -15.916	  25.317
5356	 CA 	397	 -26.850	 -12.459	  23.890
5367	 CA 	398	 -24.187	 -11.394	  21.288
6370	 CA 	462	 -18.167	 -12.721	   3.968
6406	 CA 	465	 -19.053	 -17.074	   6.387
6933	 CA 	500	 -14.576	 -12.206	  15.152
6980	 CA 	503	 -14.986	 -13.263	  10.598
21341	CLA 	735	 -20.980	   3.045	   2.661
21342	CLA 	736	 -25.210	  -2.787	 -14.587
21344	CLA 	736	  34.985	   4.873	 -11.229
