786	 CA 	110	 -47.754	  -4.267	  34.365
806	 CA 	111	 -49.974	  -1.198	  34.939
821	 CA 	112	 -51.642	   1.137	  32.452
894	 CA 	116	 -58.125	   1.868	  36.441
1467	 CA 	151	 -38.793	   1.782	  -3.403
1477	 CA 	152	 -41.898	   2.141	  -5.559
1497	 CA 	153	 -40.738	   5.819	  -6.116
2201	 CA 	197	 -32.627	   7.120	  -7.413
2279	 CA 	202	 -31.485	   3.657	   0.315
2324	 CA 	206	 -31.798	  -1.158	   3.507
2373	 CA 	209	 -23.233	  -0.303	  -1.524
2380	 CA 	210	 -22.629	   3.037	  -3.186
5325	 CA 	395	 -25.302	 -17.539	  21.569
5344	 CA 	396	 -24.424	 -14.990	  24.325
5356	 CA 	397	 -25.376	 -12.121	  22.054
5367	 CA 	398	 -22.412	 -10.805	  20.116
6370	 CA 	462	 -17.696	 -13.167	   4.103
6406	 CA 	465	 -18.781	 -17.224	   6.689
6933	 CA 	500	 -13.964	 -11.881	  15.515
6980	 CA 	503	 -14.547	 -13.122	  10.927
21341	CLA 	735	 -23.234	   2.778	   3.532
21342	CLA 	736	 -24.875	  -3.232	 -14.298
21344	CLA 	736	  35.744	   6.282	 -12.418
