786	 CA 	110	 -46.488	  -3.960	  32.532
806	 CA 	111	 -48.153	  -1.345	  34.807
821	 CA 	112	 -48.797	   2.332	  34.273
894	 CA 	116	 -55.837	   3.965	  37.474
1467	 CA 	151	 -38.695	   3.403	  -4.179
1477	 CA 	152	 -41.643	   3.845	  -6.541
1497	 CA 	153	 -40.495	   7.461	  -7.302
2201	 CA 	197	 -31.747	   8.001	  -8.072
2279	 CA 	202	 -31.239	   4.064	  -0.066
2324	 CA 	206	 -31.176	  -0.966	   2.586
2373	 CA 	209	 -23.259	  -0.326	  -2.833
2380	 CA 	210	 -21.706	   3.208	  -2.964
5325	 CA 	395	 -27.593	 -17.116	  21.032
5344	 CA 	396	 -27.540	 -14.589	  23.978
5356	 CA 	397	 -27.130	 -11.559	  21.527
5367	 CA 	398	 -23.691	 -10.367	  20.551
6370	 CA 	462	 -18.842	 -12.888	   3.637
6406	 CA 	465	 -20.650	 -17.085	   5.760
6933	 CA 	500	 -15.533	 -13.081	  14.832
6980	 CA 	503	 -15.972	 -13.549	   9.955
21341	CLA 	735	 -23.238	   3.339	   2.936
21342	CLA 	736	 -24.141	  -2.444	 -14.945
21344	CLA 	736	  34.764	   5.401	 -14.589
