786	 CA 	110	 -46.879	  -3.396	  33.525
806	 CA 	111	 -48.879	  -0.769	  35.448
821	 CA 	112	 -49.734	   2.731	  34.270
894	 CA 	116	 -56.815	   4.226	  36.931
1467	 CA 	151	 -38.047	   3.229	  -3.269
1477	 CA 	152	 -40.969	   3.409	  -5.842
1497	 CA 	153	 -39.854	   6.932	  -6.856
2201	 CA 	197	 -31.636	   7.396	  -7.551
2279	 CA 	202	 -31.110	   3.811	   0.164
2324	 CA 	206	 -30.516	  -1.545	   2.899
2373	 CA 	209	 -22.521	  -0.042	  -2.294
2380	 CA 	210	 -21.283	   3.489	  -2.723
5325	 CA 	395	 -27.540	 -17.041	  20.318
5344	 CA 	396	 -28.724	 -14.607	  22.998
5356	 CA 	397	 -27.145	 -11.553	  21.311
5367	 CA 	398	 -24.596	 -10.336	  18.661
6370	 CA 	462	 -18.060	 -13.291	   3.715
6406	 CA 	465	 -19.561	 -17.424	   6.288
6933	 CA 	500	 -14.611	 -12.829	  15.269
6980	 CA 	503	 -15.167	 -13.473	  10.424
21341	CLA 	735	 -21.819	   3.445	   3.618
21342	CLA 	736	 -23.977	  -2.713	 -15.052
21344	CLA 	736	  36.303	   6.466	 -14.104
