786	 CA 	110	 -46.035	  -1.741	  33.010
806	 CA 	111	 -48.458	   1.080	  33.809
821	 CA 	112	 -50.389	   3.537	  31.787
894	 CA 	116	 -55.797	   3.918	  36.224
1467	 CA 	151	 -38.488	   2.369	  -3.856
1477	 CA 	152	 -41.359	   2.938	  -6.297
1497	 CA 	153	 -40.053	   6.475	  -6.908
2201	 CA 	197	 -32.063	   7.205	  -7.825
2279	 CA 	202	 -30.924	   3.601	  -0.023
2324	 CA 	206	 -30.964	  -1.428	   3.069
2373	 CA 	209	 -22.686	  -0.239	  -1.377
2380	 CA 	210	 -22.021	   3.253	  -2.847
5325	 CA 	395	 -27.196	 -18.395	  22.131
5344	 CA 	396	 -29.169	 -16.254	  24.690
5356	 CA 	397	 -28.245	 -12.600	  23.906
5367	 CA 	398	 -25.430	 -11.191	  21.750
6370	 CA 	462	 -17.955	 -13.194	   4.014
6406	 CA 	465	 -19.050	 -17.372	   6.373
6933	 CA 	500	 -14.505	 -12.813	  14.982
6980	 CA 	503	 -14.826	 -13.804	  10.277
21341	CLA 	735	 -21.785	   2.989	   2.040
21342	CLA 	736	 -24.386	  -2.787	 -14.677
21344	CLA 	736	  32.624	   5.585	 -10.735
