786	 CA 	110	 -47.002	   3.157	  34.723
806	 CA 	111	 -48.970	   6.011	  36.343
821	 CA 	112	 -51.638	   7.617	  34.171
894	 CA 	116	 -59.317	   4.411	  35.132
1467	 CA 	151	 -38.551	   2.282	  -2.789
1477	 CA 	152	 -41.718	   2.903	  -4.906
1497	 CA 	153	 -40.467	   6.434	  -5.725
2201	 CA 	197	 -32.122	   6.962	  -7.168
2279	 CA 	202	 -30.556	   3.587	   0.513
2324	 CA 	206	 -30.167	  -0.820	   3.568
2373	 CA 	209	 -22.183	  -0.525	  -1.760
2380	 CA 	210	 -21.236	   3.092	  -2.548
5325	 CA 	395	 -20.932	 -20.195	  25.552
5344	 CA 	396	 -24.358	 -21.146	  24.183
5356	 CA 	397	 -25.892	 -17.993	  22.668
5367	 CA 	398	 -23.716	 -15.134	  21.313
6370	 CA 	462	 -17.059	 -12.683	   4.257
6406	 CA 	465	 -18.190	 -16.534	   7.110
6933	 CA 	500	 -12.049	 -11.915	  14.823
6980	 CA 	503	 -13.479	 -13.125	  10.551
21341	CLA 	735	 -19.179	   0.646	  -0.115
21342	CLA 	736	 -24.340	  -1.606	 -15.707
21344	CLA 	736	  28.724	   0.458	 -15.616
