786	 CA 	110	 -43.645	  -4.354	  33.279
806	 CA 	111	 -45.984	  -1.657	  35.042
821	 CA 	112	 -47.474	   1.504	  33.575
894	 CA 	116	 -52.518	   1.451	  36.693
1467	 CA 	151	 -38.801	   2.062	  -4.269
1477	 CA 	152	 -41.620	   2.973	  -6.741
1497	 CA 	153	 -40.197	   6.403	  -7.460
2201	 CA 	197	 -31.857	   7.000	  -8.030
2279	 CA 	202	 -31.217	   2.984	  -0.185
2324	 CA 	206	 -30.721	  -1.870	   2.354
2373	 CA 	209	 -22.357	  -0.579	  -2.413
2380	 CA 	210	 -21.480	   3.089	  -3.022
5325	 CA 	395	 -26.456	 -17.736	  21.038
5344	 CA 	396	 -26.556	 -15.746	  24.409
5356	 CA 	397	 -26.499	 -12.350	  22.646
5367	 CA 	398	 -23.090	 -11.451	  21.175
6370	 CA 	462	 -17.526	 -13.182	   3.973
6406	 CA 	465	 -18.896	 -17.430	   5.608
6933	 CA 	500	 -13.950	 -13.333	  14.408
6980	 CA 	503	 -14.469	 -13.776	   9.684
21341	CLA 	735	 -23.059	   2.901	   2.806
21342	CLA 	736	 -24.825	  -2.635	 -15.010
21344	CLA 	736	  32.003	  12.068	 -19.779
