786	 CA 	110	 -49.783	   0.606	  32.782
806	 CA 	111	 -52.055	   3.391	  34.102
821	 CA 	112	 -54.085	   5.659	  31.733
894	 CA 	116	 -61.264	   4.589	  33.315
1467	 CA 	151	 -39.251	   2.687	  -4.491
1477	 CA 	152	 -42.274	   3.554	  -6.736
1497	 CA 	153	 -40.858	   7.119	  -7.279
2201	 CA 	197	 -32.090	   7.326	  -8.166
2279	 CA 	202	 -30.786	   4.480	  -0.011
2324	 CA 	206	 -30.832	  -0.373	   3.204
2373	 CA 	209	 -22.128	  -0.235	  -1.928
2380	 CA 	210	 -21.289	   3.319	  -3.130
5325	 CA 	395	 -24.025	 -18.193	  26.128
5344	 CA 	396	 -27.800	 -18.045	  25.222
5356	 CA 	397	 -28.313	 -14.680	  23.558
5367	 CA 	398	 -25.736	 -13.074	  21.050
6370	 CA 	462	 -18.353	 -12.404	   4.674
6406	 CA 	465	 -19.937	 -16.082	   7.136
6933	 CA 	500	 -14.700	 -12.039	  16.310
6980	 CA 	503	 -15.068	 -12.668	  11.288
21341	CLA 	735	 -22.980	   3.976	   2.861
21342	CLA 	736	 -24.824	  -2.068	 -14.708
21344	CLA 	736	  28.889	   2.043	 -12.979
