786	 CA 	110	 -48.255	  -2.562	  32.656
806	 CA 	111	 -50.529	   0.321	  33.555
821	 CA 	112	 -52.333	   2.949	  31.509
894	 CA 	116	 -57.247	   2.138	  34.992
1467	 CA 	151	 -38.170	   1.822	  -4.142
1477	 CA 	152	 -41.240	   2.198	  -6.432
1497	 CA 	153	 -40.072	   5.869	  -7.198
2201	 CA 	197	 -32.224	   6.938	  -7.673
2279	 CA 	202	 -31.445	   2.619	  -0.114
2324	 CA 	206	 -31.131	  -2.403	   2.959
2373	 CA 	209	 -22.936	  -0.537	  -2.541
2380	 CA 	210	 -22.062	   3.078	  -3.388
5325	 CA 	395	 -25.385	 -17.826	  20.501
5344	 CA 	396	 -25.914	 -15.951	  23.876
5356	 CA 	397	 -25.871	 -12.525	  22.067
5367	 CA 	398	 -22.504	 -10.978	  21.005
6370	 CA 	462	 -17.575	 -12.821	   4.405
6406	 CA 	465	 -18.825	 -17.220	   6.154
6933	 CA 	500	 -13.476	 -12.702	  15.859
6980	 CA 	503	 -14.573	 -13.585	  10.644
21341	CLA 	735	 -23.483	   2.983	   2.661
21342	CLA 	736	 -24.771	  -2.979	 -14.204
21344	CLA 	736	  34.693	   6.842	 -10.529
