786	 CA 	110	 -46.392	  -3.323	  32.270
806	 CA 	111	 -48.524	  -0.611	  33.837
821	 CA 	112	 -50.779	   2.283	  32.756
894	 CA 	116	 -57.486	   2.203	  36.245
1467	 CA 	151	 -39.251	   0.580	  -3.907
1477	 CA 	152	 -42.177	   1.609	  -6.236
1497	 CA 	153	 -40.860	   5.189	  -6.328
2201	 CA 	197	 -32.332	   6.528	  -8.096
2279	 CA 	202	 -31.224	   3.115	   0.008
2324	 CA 	206	 -30.682	  -1.755	   3.165
2373	 CA 	209	 -22.496	  -0.121	  -1.857
2380	 CA 	210	 -22.087	   3.529	  -3.171
5325	 CA 	395	 -23.858	 -18.530	  24.627
5344	 CA 	396	 -27.533	 -18.084	  24.934
5356	 CA 	397	 -27.940	 -14.735	  23.124
5367	 CA 	398	 -25.976	 -12.500	  20.726
6370	 CA 	462	 -17.976	 -12.366	   4.016
6406	 CA 	465	 -19.102	 -16.415	   6.732
6933	 CA 	500	 -13.765	 -11.529	  15.943
6980	 CA 	503	 -14.939	 -12.692	  10.681
21341	CLA 	735	 -21.009	   2.764	   0.840
21342	CLA 	736	 -24.651	  -3.014	 -14.942
21344	CLA 	736	  34.364	   6.019	 -12.845
