786	 CA 	110	 -44.741	  -3.567	  33.987
806	 CA 	111	 -47.261	  -0.905	  35.010
821	 CA 	112	 -48.866	   2.233	  33.331
894	 CA 	116	 -54.163	   1.456	  36.532
1467	 CA 	151	 -38.950	   2.374	  -4.595
1477	 CA 	152	 -41.817	   2.649	  -7.088
1497	 CA 	153	 -40.723	   6.246	  -7.988
2201	 CA 	197	 -32.540	   7.067	  -8.318
2279	 CA 	202	 -32.152	   3.425	  -0.332
2324	 CA 	206	 -30.750	  -1.741	   1.972
2373	 CA 	209	 -22.895	  -0.202	  -2.507
2380	 CA 	210	 -21.494	   3.284	  -2.666
5325	 CA 	395	 -27.444	 -18.255	  20.875
5344	 CA 	396	 -27.797	 -16.177	  24.092
5356	 CA 	397	 -27.744	 -12.813	  22.132
5367	 CA 	398	 -24.114	 -12.107	  20.807
6370	 CA 	462	 -18.692	 -13.164	   3.570
6406	 CA 	465	 -19.994	 -17.329	   5.693
6933	 CA 	500	 -15.281	 -13.095	  14.856
6980	 CA 	503	 -15.572	 -13.864	   9.925
21341	CLA 	735	 -22.710	   3.619	   3.539
21342	CLA 	736	 -24.910	  -3.444	 -14.736
21344	CLA 	736	  32.353	   8.296	 -17.262
