786	 CA 	110	 -47.446	  -2.816	  33.070
806	 CA 	111	 -49.090	  -0.431	  35.413
821	 CA 	112	 -50.538	   3.041	  34.556
894	 CA 	116	 -57.761	   4.029	  37.585
1467	 CA 	151	 -38.643	   2.120	  -4.036
1477	 CA 	152	 -41.649	   2.601	  -6.538
1497	 CA 	153	 -40.604	   6.262	  -7.287
2201	 CA 	197	 -32.425	   7.041	  -7.852
2279	 CA 	202	 -31.771	   3.065	  -0.358
2324	 CA 	206	 -31.067	  -2.119	   2.224
2373	 CA 	209	 -23.279	  -0.245	  -2.929
2380	 CA 	210	 -21.705	   3.084	  -2.804
5325	 CA 	395	 -27.156	 -17.035	  20.337
5344	 CA 	396	 -28.146	 -14.492	  23.022
5356	 CA 	397	 -27.509	 -11.257	  21.225
5367	 CA 	398	 -25.088	  -9.497	  18.681
6370	 CA 	462	 -18.057	 -13.027	   3.488
6406	 CA 	465	 -19.116	 -17.230	   5.631
6933	 CA 	500	 -14.616	 -12.485	  14.586
6980	 CA 	503	 -15.009	 -13.353	  10.038
21341	CLA 	735	 -23.070	   3.857	   3.309
21342	CLA 	736	 -24.567	  -3.134	 -14.617
21344	CLA 	736	  36.413	   7.755	 -13.731
