786	 CA 	110	 -45.206	   2.339	  35.772
806	 CA 	111	 -48.487	   3.771	  37.193
821	 CA 	112	 -51.216	   5.924	  35.533
894	 CA 	116	 -57.217	   4.033	  39.295
1467	 CA 	151	 -38.450	   2.699	  -3.449
1477	 CA 	152	 -41.466	   3.207	  -5.830
1497	 CA 	153	 -40.332	   6.710	  -6.956
2201	 CA 	197	 -32.058	   6.802	  -7.013
2279	 CA 	202	 -31.205	   3.135	   1.000
2324	 CA 	206	 -30.446	  -1.378	   4.520
2373	 CA 	209	 -22.952	  -0.570	  -0.894
2380	 CA 	210	 -22.087	   2.614	  -2.727
5325	 CA 	395	 -23.715	 -17.322	  23.843
5344	 CA 	396	 -23.324	 -14.980	  26.723
5356	 CA 	397	 -24.477	 -12.123	  24.397
5367	 CA 	398	 -21.797	 -10.295	  22.313
6370	 CA 	462	 -17.305	 -12.848	   4.803
6406	 CA 	465	 -18.912	 -16.641	   7.661
6933	 CA 	500	 -12.879	 -12.196	  15.519
6980	 CA 	503	 -13.816	 -13.131	  11.125
21341	CLA 	735	 -23.012	   2.860	   4.641
21342	CLA 	736	 -24.510	  -2.850	 -14.850
21344	CLA 	736	  20.249	  67.041	 -28.828
