786	 CA 	110	 -47.695	  -1.688	  32.710
806	 CA 	111	 -49.329	   1.741	  33.402
821	 CA 	112	 -51.080	   4.284	  31.117
894	 CA 	116	 -55.764	   3.916	  36.797
1467	 CA 	151	 -38.343	   2.249	  -4.117
1477	 CA 	152	 -41.202	   2.459	  -6.581
1497	 CA 	153	 -40.124	   6.061	  -7.337
2201	 CA 	197	 -32.478	   7.221	  -8.298
2279	 CA 	202	 -31.505	   3.476	  -0.831
2324	 CA 	206	 -31.252	  -1.495	   2.344
2373	 CA 	209	 -22.878	  -0.413	  -2.061
2380	 CA 	210	 -21.920	   3.200	  -2.921
5325	 CA 	395	 -26.814	 -16.403	  20.853
5344	 CA 	396	 -26.591	 -13.817	  23.616
5356	 CA 	397	 -26.250	 -10.879	  21.109
5367	 CA 	398	 -22.812	  -9.691	  19.743
6370	 CA 	462	 -18.528	 -12.893	   3.941
6406	 CA 	465	 -19.480	 -16.660	   6.422
6933	 CA 	500	 -15.131	 -12.140	  15.330
6980	 CA 	503	 -15.209	 -12.808	  10.529
21341	CLA 	735	 -23.914	   4.295	   2.633
21342	CLA 	736	 -24.949	  -2.756	 -14.653
21344	CLA 	736	  34.532	   5.638	 -10.876
