786	 CA 	110	 -44.865	  -4.626	  34.914
806	 CA 	111	 -47.255	  -1.662	  35.616
821	 CA 	112	 -48.285	   1.517	  33.911
894	 CA 	116	 -54.128	   2.200	  37.630
1467	 CA 	151	 -38.902	   2.734	  -3.839
1477	 CA 	152	 -41.706	   3.477	  -6.253
1497	 CA 	153	 -40.470	   7.129	  -6.892
2201	 CA 	197	 -32.049	   7.621	  -7.930
2279	 CA 	202	 -31.673	   4.056	  -0.233
2324	 CA 	206	 -31.921	  -0.905	   2.302
2373	 CA 	209	 -23.386	  -0.334	  -2.298
2380	 CA 	210	 -21.818	   3.095	  -2.621
5325	 CA 	395	 -27.375	 -16.928	  20.572
5344	 CA 	396	 -26.650	 -14.655	  23.605
5356	 CA 	397	 -26.193	 -11.876	  20.869
5367	 CA 	398	 -23.026	 -10.401	  19.503
6370	 CA 	462	 -18.851	 -13.170	   3.464
6406	 CA 	465	 -20.079	 -17.259	   5.525
6933	 CA 	500	 -15.402	 -12.766	  15.206
6980	 CA 	503	 -15.773	 -13.843	  10.326
21341	CLA 	735	 -24.070	   3.360	   3.033
21342	CLA 	736	 -24.791	  -1.988	 -15.483
21344	CLA 	736	  33.425	   5.639	 -12.652
