786	 CA 	110	 -43.959	   2.175	  35.521
806	 CA 	111	 -47.581	   2.870	  36.634
821	 CA 	112	 -50.581	   4.733	  35.203
894	 CA 	116	 -56.570	   3.732	  38.215
1467	 CA 	151	 -38.501	   2.111	  -3.578
1477	 CA 	152	 -41.534	   2.626	  -5.947
1497	 CA 	153	 -40.266	   6.105	  -6.914
2201	 CA 	197	 -32.038	   6.470	  -7.324
2279	 CA 	202	 -31.103	   2.966	   0.589
2324	 CA 	206	 -30.355	  -1.147	   4.061
2373	 CA 	209	 -22.619	  -0.430	  -1.322
2380	 CA 	210	 -21.982	   2.824	  -3.007
5325	 CA 	395	 -24.800	 -16.164	  22.755
5344	 CA 	396	 -24.050	 -14.331	  26.039
5356	 CA 	397	 -24.725	 -11.183	  23.961
5367	 CA 	398	 -21.962	  -9.580	  21.787
6370	 CA 	462	 -17.952	 -12.751	   4.715
6406	 CA 	465	 -19.408	 -16.460	   7.247
6933	 CA 	500	 -13.933	 -11.935	  15.591
6980	 CA 	503	 -14.630	 -12.664	  10.555
21341	CLA 	735	 -22.860	   2.812	   3.687
21342	CLA 	736	 -24.393	  -3.235	 -14.789
21344	CLA 	736	  21.442	  43.230	 -36.734
