786	 CA 	110	 -48.825	  -1.804	  31.049
806	 CA 	111	 -51.091	   1.013	  32.170
821	 CA 	112	 -52.877	   3.941	  30.472
894	 CA 	116	 -58.677	   2.540	  34.488
1467	 CA 	151	 -38.767	   2.153	  -4.874
1477	 CA 	152	 -41.573	   3.156	  -7.383
1497	 CA 	153	 -39.882	   6.592	  -7.940
2201	 CA 	197	 -32.256	   7.298	  -8.426
2279	 CA 	202	 -31.649	   2.850	  -0.902
2324	 CA 	206	 -31.533	  -1.814	   2.376
2373	 CA 	209	 -23.209	  -0.735	  -2.533
2380	 CA 	210	 -22.714	   2.984	  -3.249
5325	 CA 	395	 -26.082	 -18.807	  19.816
5344	 CA 	396	 -25.293	 -17.417	  23.259
5356	 CA 	397	 -26.180	 -13.887	  22.160
5367	 CA 	398	 -24.245	 -11.070	  20.582
6370	 CA 	462	 -18.132	 -13.313	   3.506
6406	 CA 	465	 -19.720	 -17.526	   5.671
6933	 CA 	500	 -14.896	 -12.751	  14.734
6980	 CA 	503	 -15.403	 -13.615	   9.868
21341	CLA 	735	 -22.565	   2.697	   2.836
21342	CLA 	736	 -24.531	  -2.289	 -15.300
21344	CLA 	736	  35.080	   4.682	  -9.737
