786	 CA 	110	 -50.911	   5.150	  33.097
806	 CA 	111	 -52.670	   8.338	  34.196
821	 CA 	112	 -55.455	   9.283	  31.696
894	 CA 	116	 -61.626	   5.373	  33.616
1467	 CA 	151	 -38.837	   1.372	  -3.327
1477	 CA 	152	 -42.013	   1.979	  -5.361
1497	 CA 	153	 -40.779	   5.514	  -6.213
2201	 CA 	197	 -32.032	   6.694	  -7.114
2279	 CA 	202	 -30.684	   3.389	   0.561
2324	 CA 	206	 -30.498	  -1.186	   3.154
2373	 CA 	209	 -22.679	  -0.379	  -2.026
2380	 CA 	210	 -21.726	   3.228	  -2.604
5325	 CA 	395	 -22.964	 -18.709	  25.750
5344	 CA 	396	 -26.589	 -18.740	  24.336
5356	 CA 	397	 -27.109	 -15.268	  23.142
5367	 CA 	398	 -24.679	 -13.849	  20.619
6370	 CA 	462	 -18.241	 -12.367	   4.169
6406	 CA 	465	 -19.148	 -16.575	   6.306
6933	 CA 	500	 -13.557	 -13.018	  15.143
6980	 CA 	503	 -13.918	 -14.071	  10.691
21341	CLA 	735	 -22.147	   3.293	   3.697
21342	CLA 	736	 -24.601	  -2.391	 -14.631
21344	CLA 	736	  30.586	   2.300	 -14.750
