786	 CA 	110	 -45.548	  -2.157	  32.869
806	 CA 	111	 -48.201	   0.489	  33.699
821	 CA 	112	 -49.631	   3.486	  31.802
894	 CA 	116	 -56.084	   4.513	  36.186
1467	 CA 	151	 -38.188	   2.271	  -3.630
1477	 CA 	152	 -41.100	   2.710	  -6.155
1497	 CA 	153	 -39.975	   6.299	  -6.832
2201	 CA 	197	 -31.964	   7.520	  -7.931
2279	 CA 	202	 -31.219	   3.573	  -0.309
2324	 CA 	206	 -30.689	  -0.859	   3.176
2373	 CA 	209	 -22.583	  -0.278	  -2.104
2380	 CA 	210	 -22.021	   3.308	  -3.255
5325	 CA 	395	 -27.173	 -17.979	  21.681
5344	 CA 	396	 -28.640	 -16.056	  24.592
5356	 CA 	397	 -27.782	 -12.390	  23.864
5367	 CA 	398	 -25.023	 -11.171	  21.435
6370	 CA 	462	 -18.268	 -12.814	   4.058
6406	 CA 	465	 -18.846	 -16.962	   6.279
6933	 CA 	500	 -14.642	 -12.320	  15.461
6980	 CA 	503	 -15.001	 -12.801	  10.567
21341	CLA 	735	 -21.471	   2.867	   1.585
21342	CLA 	736	 -25.465	  -2.763	 -15.010
21344	CLA 	736	  32.169	   6.033	  -8.999
