786	 CA 	110	 -48.551	  -3.252	  33.644
806	 CA 	111	 -50.792	  -0.269	  33.985
821	 CA 	112	 -52.311	   2.362	  31.637
894	 CA 	116	 -58.355	   2.687	  36.092
1467	 CA 	151	 -38.793	   2.401	  -3.384
1477	 CA 	152	 -41.717	   3.060	  -5.793
1497	 CA 	153	 -40.255	   6.604	  -6.429
2201	 CA 	197	 -32.127	   7.391	  -7.919
2279	 CA 	202	 -31.594	   3.858	   0.028
2324	 CA 	206	 -31.863	  -0.956	   3.256
2373	 CA 	209	 -23.240	  -0.005	  -1.761
2380	 CA 	210	 -22.273	   3.392	  -3.233
5325	 CA 	395	 -26.069	 -17.576	  20.916
5344	 CA 	396	 -25.165	 -15.148	  23.640
5356	 CA 	397	 -25.813	 -12.115	  21.325
5367	 CA 	398	 -23.012	 -10.455	  19.304
6370	 CA 	462	 -17.906	 -13.025	   3.783
6406	 CA 	465	 -19.502	 -17.246	   6.094
6933	 CA 	500	 -14.866	 -12.447	  15.702
6980	 CA 	503	 -15.196	 -13.129	  10.511
21341	CLA 	735	 -23.502	   3.023	   3.256
21342	CLA 	736	 -25.112	  -2.780	 -14.301
21344	CLA 	736	  35.474	   5.423	 -12.078
