786	 CA 	110	 -45.637	  -1.291	  33.148
806	 CA 	111	 -47.810	   1.641	  34.442
821	 CA 	112	 -49.812	   4.385	  32.769
894	 CA 	116	 -55.827	   3.610	  37.553
1467	 CA 	151	 -38.657	   2.530	  -3.852
1477	 CA 	152	 -41.472	   3.301	  -6.307
1497	 CA 	153	 -39.970	   6.844	  -6.878
2201	 CA 	197	 -32.102	   7.872	  -7.856
2279	 CA 	202	 -31.340	   4.014	   0.090
2324	 CA 	206	 -31.314	  -0.926	   3.276
2373	 CA 	209	 -23.497	  -0.330	  -1.838
2380	 CA 	210	 -22.458	   3.200	  -3.094
5325	 CA 	395	 -26.019	 -18.240	  22.124
5344	 CA 	396	 -28.286	 -16.532	  24.696
5356	 CA 	397	 -27.956	 -13.080	  23.051
5367	 CA 	398	 -25.392	 -11.455	  20.818
6370	 CA 	462	 -19.098	 -12.679	   4.169
6406	 CA 	465	 -20.065	 -16.736	   6.152
6933	 CA 	500	 -15.343	 -12.994	  15.422
6980	 CA 	503	 -15.709	 -13.342	  10.736
21341	CLA 	735	 -21.771	   2.563	   1.553
21342	CLA 	736	 -24.891	  -2.279	 -14.739
21344	CLA 	736	  33.969	   3.461	 -10.367
