786	 CA 	110	 -45.917	  -2.119	  31.858
806	 CA 	111	 -48.539	   0.188	  33.245
821	 CA 	112	 -50.274	   2.988	  31.584
894	 CA 	116	 -55.744	   1.704	  36.133
1467	 CA 	151	 -38.360	   1.898	  -3.735
1477	 CA 	152	 -41.378	   2.051	  -6.129
1497	 CA 	153	 -40.467	   5.770	  -6.837
2201	 CA 	197	 -32.324	   7.184	  -7.998
2279	 CA 	202	 -31.389	   2.590	  -0.511
2324	 CA 	206	 -31.105	  -1.953	   3.306
2373	 CA 	209	 -23.092	  -0.922	  -2.149
2380	 CA 	210	 -22.613	   2.660	  -3.286
5325	 CA 	395	 -25.376	 -19.632	  21.346
5344	 CA 	396	 -25.753	 -18.297	  25.056
5356	 CA 	397	 -25.828	 -14.624	  23.616
5367	 CA 	398	 -22.738	 -13.057	  22.077
6370	 CA 	462	 -18.422	 -13.105	   3.773
6406	 CA 	465	 -19.652	 -17.402	   5.918
6933	 CA 	500	 -14.264	 -13.104	  15.193
6980	 CA 	503	 -15.119	 -13.745	  10.305
21341	CLA 	735	 -21.515	   2.439	   2.129
21342	CLA 	736	 -24.625	  -1.687	 -15.119
21344	CLA 	736	  34.519	   5.768	  -9.714
