786	 CA 	110	 -48.034	  -2.243	  31.367
806	 CA 	111	 -49.589	   0.927	  32.735
821	 CA 	112	 -50.921	   4.176	  31.250
894	 CA 	116	 -57.706	   3.397	  34.448
1467	 CA 	151	 -38.966	   2.591	  -5.154
1477	 CA 	152	 -41.942	   3.472	  -7.370
1497	 CA 	153	 -40.770	   7.113	  -7.602
2201	 CA 	197	 -32.542	   7.702	  -8.653
2279	 CA 	202	 -31.220	   3.747	  -0.614
2324	 CA 	206	 -31.376	  -1.140	   2.348
2373	 CA 	209	 -23.157	  -0.203	  -2.375
2380	 CA 	210	 -22.096	   3.359	  -3.438
5325	 CA 	395	 -25.935	 -17.518	  23.409
5344	 CA 	396	 -29.602	 -16.438	  23.796
5356	 CA 	397	 -28.520	 -13.139	  22.205
5367	 CA 	398	 -25.227	 -11.455	  21.314
6370	 CA 	462	 -18.666	 -12.699	   3.941
6406	 CA 	465	 -20.199	 -16.815	   6.411
6933	 CA 	500	 -15.537	 -12.279	  15.224
6980	 CA 	503	 -15.700	 -13.070	  10.495
21341	CLA 	735	 -21.799	   3.322	   1.485
21342	CLA 	736	 -25.006	  -2.574	 -14.651
21344	CLA 	736	  33.150	   5.086	  -9.513
