786	 CA 	110	 -48.501	  -1.306	  32.233
806	 CA 	111	 -51.001	   1.233	  33.513
821	 CA 	112	 -52.459	   4.025	  31.445
894	 CA 	116	 -57.176	   3.693	  35.935
1467	 CA 	151	 -39.407	   2.635	  -4.725
1477	 CA 	152	 -42.114	   3.459	  -7.227
1497	 CA 	153	 -40.599	   6.988	  -7.681
2201	 CA 	197	 -32.510	   7.453	  -8.366
2279	 CA 	202	 -31.878	   3.682	  -0.788
2324	 CA 	206	 -32.075	  -1.333	   2.007
2373	 CA 	209	 -23.167	   0.023	  -1.981
2380	 CA 	210	 -21.952	   3.458	  -3.130
5325	 CA 	395	 -27.372	 -15.886	  20.491
5344	 CA 	396	 -27.573	 -13.294	  23.172
5356	 CA 	397	 -26.472	 -10.409	  20.735
5367	 CA 	398	 -22.919	  -9.751	  19.725
6370	 CA 	462	 -18.809	 -12.530	   3.616
6406	 CA 	465	 -20.124	 -16.603	   5.560
6933	 CA 	500	 -14.574	 -12.408	  14.822
6980	 CA 	503	 -15.714	 -13.158	  10.271
21341	CLA 	735	 -23.573	   3.142	   3.059
21342	CLA 	736	 -24.852	  -2.544	 -15.059
21344	CLA 	736	  34.172	   5.005	  -9.297
