786	 CA 	110	 -43.748	  -1.128	  34.438
806	 CA 	111	 -45.948	   1.825	  35.631
821	 CA 	112	 -47.911	   4.647	  34.036
894	 CA 	116	 -54.724	   4.074	  38.338
1467	 CA 	151	 -38.273	   1.745	  -3.939
1477	 CA 	152	 -41.214	   2.245	  -6.479
1497	 CA 	153	 -39.884	   5.734	  -7.298
2201	 CA 	197	 -31.848	   6.448	  -7.554
2279	 CA 	202	 -30.914	   3.022	   0.427
2324	 CA 	206	 -30.431	  -1.356	   3.828
2373	 CA 	209	 -22.194	  -0.432	  -1.390
2380	 CA 	210	 -21.694	   3.041	  -2.986
5325	 CA 	395	 -24.979	 -16.112	  23.080
5344	 CA 	396	 -24.829	 -13.388	  25.840
5356	 CA 	397	 -25.003	 -10.524	  23.347
5367	 CA 	398	 -22.059	  -9.339	  21.369
6370	 CA 	462	 -17.477	 -12.968	   4.420
6406	 CA 	465	 -19.115	 -17.056	   6.871
6933	 CA 	500	 -13.796	 -12.289	  15.424
6980	 CA 	503	 -14.276	 -13.278	  10.727
21341	CLA 	735	 -22.364	   3.724	   4.260
21342	CLA 	736	 -24.307	  -3.008	 -14.725
21344	CLA 	736	  22.466	  25.859	 -41.162
