786	 CA 	110	 -47.719	   0.504	  32.974
806	 CA 	111	 -49.746	   3.723	  33.577
821	 CA 	112	 -51.876	   6.195	  31.508
894	 CA 	116	 -59.019	   5.456	  34.724
1467	 CA 	151	 -39.200	   1.646	  -4.457
1477	 CA 	152	 -41.899	   2.299	  -6.991
1497	 CA 	153	 -40.685	   5.975	  -7.611
2201	 CA 	197	 -32.397	   6.737	  -8.623
2279	 CA 	202	 -31.507	   3.741	  -0.411
2324	 CA 	206	 -31.722	  -0.592	   2.332
2373	 CA 	209	 -22.867	  -0.155	  -2.132
2380	 CA 	210	 -21.736	   3.252	  -3.367
5325	 CA 	395	 -25.815	 -17.236	  23.738
5344	 CA 	396	 -29.715	 -17.365	  23.839
5356	 CA 	397	 -29.605	 -13.749	  22.307
5367	 CA 	398	 -27.016	 -11.312	  20.779
6370	 CA 	462	 -18.399	 -12.518	   4.147
6406	 CA 	465	 -19.614	 -16.543	   6.696
6933	 CA 	500	 -14.930	 -11.479	  15.448
6980	 CA 	503	 -15.625	 -12.930	  10.717
21341	CLA 	735	 -21.786	   3.697	   1.352
21342	CLA 	736	 -24.699	  -3.129	 -15.120
21344	CLA 	736	  34.507	   5.751	  -8.382
