786	 CA 	110	 -48.550	  -2.437	  33.089
806	 CA 	111	 -50.731	   0.604	  33.040
821	 CA 	112	 -52.317	   3.122	  30.588
894	 CA 	116	 -57.227	   2.516	  34.459
1467	 CA 	151	 -38.514	   1.782	  -4.314
1477	 CA 	152	 -41.585	   2.222	  -6.796
1497	 CA 	153	 -40.389	   5.784	  -7.628
2201	 CA 	197	 -32.299	   6.949	  -8.055
2279	 CA 	202	 -31.547	   2.953	  -0.324
2324	 CA 	206	 -31.212	  -2.352	   3.235
2373	 CA 	209	 -22.891	  -0.686	  -1.675
2380	 CA 	210	 -22.064	   2.742	  -3.321
5325	 CA 	395	 -25.634	 -17.983	  20.970
5344	 CA 	396	 -26.001	 -16.477	  24.427
5356	 CA 	397	 -26.025	 -12.961	  22.742
5367	 CA 	398	 -22.618	 -11.544	  21.559
6370	 CA 	462	 -17.898	 -13.012	   4.242
6406	 CA 	465	 -19.728	 -17.175	   6.563
6933	 CA 	500	 -15.132	 -12.916	  15.267
6980	 CA 	503	 -15.528	 -13.449	  10.304
21341	CLA 	735	 -23.028	   2.717	   3.111
21342	CLA 	736	 -24.391	  -2.419	 -14.999
21344	CLA 	736	  34.485	   5.506	 -10.236
