786	 CA 	110	 -46.611	  -1.641	  31.663
806	 CA 	111	 -48.892	   1.269	  32.628
821	 CA 	112	 -50.296	   4.263	  30.859
894	 CA 	116	 -56.457	   4.113	  35.887
1467	 CA 	151	 -38.457	   2.173	  -4.359
1477	 CA 	152	 -41.233	   2.047	  -7.018
1497	 CA 	153	 -40.456	   5.792	  -7.826
2201	 CA 	197	 -32.481	   7.503	  -8.240
2279	 CA 	202	 -31.518	   3.714	  -0.758
2324	 CA 	206	 -31.412	  -1.492	   2.442
2373	 CA 	209	 -23.198	  -0.426	  -2.414
2380	 CA 	210	 -22.240	   3.181	  -3.096
5325	 CA 	395	 -25.928	 -19.154	  23.187
5344	 CA 	396	 -28.564	 -17.577	  25.622
5356	 CA 	397	 -27.503	 -14.120	  24.455
5367	 CA 	398	 -25.096	 -12.596	  21.840
6370	 CA 	462	 -18.561	 -12.605	   4.327
6406	 CA 	465	 -19.776	 -16.930	   6.761
6933	 CA 	500	 -15.374	 -12.211	  15.835
6980	 CA 	503	 -15.915	 -13.148	  10.930
21341	CLA 	735	 -21.688	   2.858	   1.500
21342	CLA 	736	 -25.582	  -3.051	 -14.423
21344	CLA 	736	  35.083	   4.536	 -10.284
