786	 CA 	110	 -47.875	  -1.113	  31.028
806	 CA 	111	 -49.741	   1.569	  32.934
821	 CA 	112	 -51.664	   4.614	  31.495
894	 CA 	116	 -58.203	   3.846	  35.309
1467	 CA 	151	 -39.373	   2.575	  -5.008
1477	 CA 	152	 -42.074	   3.115	  -7.650
1497	 CA 	153	 -40.906	   6.584	  -8.244
2201	 CA 	197	 -32.437	   7.717	  -9.164
2279	 CA 	202	 -31.511	   4.394	  -1.150
2324	 CA 	206	 -31.567	  -0.541	   2.182
2373	 CA 	209	 -23.609	   0.140	  -2.807
2380	 CA 	210	 -22.458	   3.676	  -3.107
5325	 CA 	395	 -27.619	 -18.501	  22.623
5344	 CA 	396	 -29.949	 -17.176	  25.314
5356	 CA 	397	 -29.497	 -13.587	  24.090
5367	 CA 	398	 -27.439	 -12.101	  21.269
6370	 CA 	462	 -19.573	 -12.296	   3.913
6406	 CA 	465	 -20.538	 -16.713	   5.944
6933	 CA 	500	 -16.214	 -12.022	  15.340
6980	 CA 	503	 -16.388	 -12.504	  10.336
21341	CLA 	735	 -22.149	   2.960	   1.523
21342	CLA 	736	 -25.123	  -2.984	 -14.677
21344	CLA 	736	  34.885	   4.488	  -9.419
