786	 CA 	110	 -46.367	  -2.691	  34.449
806	 CA 	111	 -48.642	   0.438	  35.071
821	 CA 	112	 -49.233	   3.677	  33.044
894	 CA 	116	 -56.136	   5.536	  34.716
1467	 CA 	151	 -38.967	   1.837	  -4.037
1477	 CA 	152	 -41.637	   2.392	  -6.679
1497	 CA 	153	 -40.138	   5.993	  -7.140
2201	 CA 	197	 -32.502	   6.393	  -7.932
2279	 CA 	202	 -32.156	   3.247	   0.375
2324	 CA 	206	 -30.578	  -1.083	   3.815
2373	 CA 	209	 -22.796	  -0.598	  -1.917
2380	 CA 	210	 -22.070	   3.049	  -2.703
5325	 CA 	395	 -26.400	 -17.992	  21.557
5344	 CA 	396	 -26.548	 -15.861	  24.701
5356	 CA 	397	 -27.083	 -12.298	  23.137
5367	 CA 	398	 -24.704	 -10.078	  21.027
6370	 CA 	462	 -18.178	 -12.842	   4.342
6406	 CA 	465	 -19.365	 -16.934	   6.434
6933	 CA 	500	 -13.392	 -12.285	  15.153
6980	 CA 	503	 -14.581	 -13.515	  10.327
21341	CLA 	735	 -23.722	   3.451	   3.688
21342	CLA 	736	 -24.636	  -3.339	 -14.915
21344	CLA 	736	  38.283	  -7.644	 -44.358
