786	 CA 	110	 -45.257	  -4.236	  33.258
806	 CA 	111	 -47.108	  -1.194	  34.708
821	 CA 	112	 -48.968	   2.028	  33.661
894	 CA 	116	 -54.543	   0.273	  37.289
1467	 CA 	151	 -39.160	   2.831	  -3.930
1477	 CA 	152	 -41.743	   3.926	  -6.601
1497	 CA 	153	 -40.175	   7.420	  -7.204
2201	 CA 	197	 -32.352	   7.908	  -8.142
2279	 CA 	202	 -31.750	   4.052	  -0.362
2324	 CA 	206	 -32.210	  -0.574	   2.650
2373	 CA 	209	 -23.618	  -0.180	  -2.800
2380	 CA 	210	 -21.981	   3.280	  -2.879
5325	 CA 	395	 -27.050	 -17.035	  20.566
5344	 CA 	396	 -27.893	 -14.312	  23.188
5356	 CA 	397	 -27.435	 -11.727	  20.283
5367	 CA 	398	 -24.196	 -10.085	  18.863
6370	 CA 	462	 -19.164	 -13.089	   3.470
6406	 CA 	465	 -20.043	 -17.285	   5.954
6933	 CA 	500	 -15.107	 -12.340	  14.746
6980	 CA 	503	 -15.777	 -13.504	  10.052
21341	CLA 	735	 -24.177	   3.147	   2.693
21342	CLA 	736	 -24.457	  -2.564	 -14.730
21344	CLA 	736	  35.605	   6.262	 -12.589
