786	 CA 	110	 -48.443	  -2.217	  30.572
806	 CA 	111	 -51.067	   0.449	  31.477
821	 CA 	112	 -53.034	   3.352	  29.866
894	 CA 	116	 -59.795	   2.471	  32.942
1467	 CA 	151	 -38.857	   2.253	  -5.026
1477	 CA 	152	 -41.716	   3.470	  -7.228
1497	 CA 	153	 -40.155	   6.903	  -7.523
2201	 CA 	197	 -31.497	   7.878	  -8.324
2279	 CA 	202	 -30.915	   3.431	  -0.536
2324	 CA 	206	 -31.788	  -1.460	   1.936
2373	 CA 	209	 -23.036	  -0.725	  -2.457
2380	 CA 	210	 -22.555	   2.854	  -3.357
5325	 CA 	395	 -26.253	 -17.392	  23.691
5344	 CA 	396	 -30.104	 -17.135	  23.658
5356	 CA 	397	 -29.527	 -13.697	  21.936
5367	 CA 	398	 -26.358	 -11.829	  20.792
6370	 CA 	462	 -18.764	 -12.799	   3.925
6406	 CA 	465	 -19.637	 -16.723	   6.153
6933	 CA 	500	 -15.421	 -12.056	  15.025
6980	 CA 	503	 -15.649	 -12.693	  10.589
21341	CLA 	735	 -22.339	   2.509	   1.123
21342	CLA 	736	 -25.083	  -2.598	 -14.856
21344	CLA 	736	  34.388	   6.716	  -9.795
