786	 CA 	110	 -47.655	  -0.890	  31.841
806	 CA 	111	 -49.776	   2.087	  32.990
821	 CA 	112	 -51.463	   4.683	  30.797
894	 CA 	116	 -57.320	   4.744	  35.285
1467	 CA 	151	 -38.905	   2.316	  -4.508
1477	 CA 	152	 -41.943	   2.942	  -6.753
1497	 CA 	153	 -40.503	   6.378	  -7.677
2201	 CA 	197	 -31.885	   7.182	  -8.581
2279	 CA 	202	 -31.137	   4.000	  -0.711
2324	 CA 	206	 -31.156	  -0.675	   2.732
2373	 CA 	209	 -22.960	   0.117	  -1.801
2380	 CA 	210	 -21.785	   3.303	  -3.422
5325	 CA 	395	 -26.426	 -17.822	  23.643
5344	 CA 	396	 -29.827	 -16.228	  24.510
5356	 CA 	397	 -28.317	 -12.973	  23.265
5367	 CA 	398	 -25.316	 -11.976	  21.231
6370	 CA 	462	 -18.449	 -12.297	   4.523
6406	 CA 	465	 -20.380	 -16.727	   6.615
6933	 CA 	500	 -15.303	 -11.964	  15.540
6980	 CA 	503	 -15.554	 -12.863	  10.702
21341	CLA 	735	 -21.226	   3.389	   1.901
21342	CLA 	736	 -25.386	  -3.337	 -14.627
21344	CLA 	736	  34.812	   6.590	 -10.408
