786	 CA 	110	 -47.961	  -1.132	  33.388
806	 CA 	111	 -50.137	   2.067	  33.802
821	 CA 	112	 -51.861	   4.763	  31.747
894	 CA 	116	 -56.665	   5.084	  35.971
1467	 CA 	151	 -38.858	   2.226	  -3.932
1477	 CA 	152	 -41.775	   2.858	  -6.276
1497	 CA 	153	 -40.620	   6.383	  -6.875
2201	 CA 	197	 -32.278	   7.608	  -7.786
2279	 CA 	202	 -31.663	   3.558	  -0.068
2324	 CA 	206	 -30.837	  -1.704	   3.315
2373	 CA 	209	 -22.671	  -0.462	  -2.252
2380	 CA 	210	 -21.963	   3.262	  -3.180
5325	 CA 	395	 -25.198	 -17.082	  21.448
5344	 CA 	396	 -25.787	 -14.778	  24.487
5356	 CA 	397	 -25.674	 -11.826	  21.922
5367	 CA 	398	 -22.184	 -10.474	  20.569
6370	 CA 	462	 -18.380	 -12.776	   4.211
6406	 CA 	465	 -19.466	 -16.915	   6.135
6933	 CA 	500	 -14.070	 -12.317	  15.221
6980	 CA 	503	 -14.871	 -13.252	  10.290
21341	CLA 	735	 -23.517	   2.552	   3.382
21342	CLA 	736	 -25.249	  -2.465	 -14.739
21344	CLA 	736	  34.903	   6.618	 -10.189
