786	 CA 	110	 -45.560	   0.739	  35.799
806	 CA 	111	 -48.447	   2.947	  36.874
821	 CA 	112	 -50.644	   5.328	  34.909
894	 CA 	116	 -55.515	   2.379	  37.577
1467	 CA 	151	 -38.835	   1.847	  -3.687
1477	 CA 	152	 -41.725	   2.478	  -6.165
1497	 CA 	153	 -40.411	   6.057	  -6.786
2201	 CA 	197	 -32.227	   6.497	  -7.152
2279	 CA 	202	 -31.460	   2.995	   0.767
2324	 CA 	206	 -30.591	  -1.730	   4.766
2373	 CA 	209	 -22.907	  -0.373	  -1.191
2380	 CA 	210	 -22.197	   2.644	  -3.357
5325	 CA 	395	 -23.997	 -17.225	  23.262
5344	 CA 	396	 -23.808	 -14.978	  26.333
5356	 CA 	397	 -24.423	 -11.846	  24.097
5367	 CA 	398	 -21.818	 -10.312	  21.803
6370	 CA 	462	 -17.472	 -12.676	   4.361
6406	 CA 	465	 -19.028	 -16.364	   7.405
6933	 CA 	500	 -12.433	 -11.889	  15.180
6980	 CA 	503	 -13.800	 -12.756	  10.689
21341	CLA 	735	 -23.016	   2.713	   3.735
21342	CLA 	736	 -24.560	  -2.699	 -14.674
21344	CLA 	736	  23.718	  68.027	 -30.587
