786	 CA 	110	 -45.126	  -5.067	  32.495
806	 CA 	111	 -46.799	  -2.273	  34.590
821	 CA 	112	 -48.180	   1.180	  33.716
894	 CA 	116	 -54.518	   1.444	  37.533
1467	 CA 	151	 -39.179	   2.426	  -4.398
1477	 CA 	152	 -42.041	   3.580	  -6.668
1497	 CA 	153	 -40.517	   7.110	  -7.116
2201	 CA 	197	 -32.024	   7.577	  -8.323
2279	 CA 	202	 -31.201	   3.779	  -0.441
2324	 CA 	206	 -31.717	  -1.342	   2.439
2373	 CA 	209	 -23.205	  -0.160	  -2.898
2380	 CA 	210	 -21.819	   3.433	  -3.053
5325	 CA 	395	 -27.419	 -17.647	  21.172
5344	 CA 	396	 -27.797	 -15.387	  24.229
5356	 CA 	397	 -27.416	 -12.135	  22.036
5367	 CA 	398	 -24.305	 -10.861	  20.151
6370	 CA 	462	 -19.143	 -13.019	   3.554
6406	 CA 	465	 -20.245	 -17.145	   5.792
6933	 CA 	500	 -15.506	 -12.520	  14.799
6980	 CA 	503	 -15.970	 -13.595	  10.004
21341	CLA 	735	 -23.589	   2.738	   2.622
21342	CLA 	736	 -24.352	  -2.126	 -15.307
21344	CLA 	736	  35.516	   6.590	 -14.842
