786	 CA 	110	 -45.070	  -0.589	  34.986
806	 CA 	111	 -47.199	   2.568	  35.436
821	 CA 	112	 -48.944	   4.755	  32.873
894	 CA 	116	 -55.259	   5.307	  34.515
1467	 CA 	151	 -38.729	   2.448	  -4.330
1477	 CA 	152	 -41.541	   2.500	  -6.925
1497	 CA 	153	 -40.707	   6.050	  -7.886
2201	 CA 	197	 -32.607	   6.608	  -8.351
2279	 CA 	202	 -31.265	   3.145	  -0.168
2324	 CA 	206	 -30.943	  -1.787	   3.238
2373	 CA 	209	 -23.044	  -0.568	  -1.910
2380	 CA 	210	 -22.184	   2.903	  -3.321
5325	 CA 	395	 -26.104	 -17.330	  21.601
5344	 CA 	396	 -26.246	 -15.145	  24.665
5356	 CA 	397	 -25.961	 -12.068	  22.313
5367	 CA 	398	 -22.561	 -10.753	  21.117
6370	 CA 	462	 -18.046	 -12.825	   4.602
6406	 CA 	465	 -19.139	 -16.927	   6.659
6933	 CA 	500	 -13.841	 -12.250	  15.100
6980	 CA 	503	 -14.686	 -13.221	  10.410
21341	CLA 	735	 -23.321	   3.194	   2.951
21342	CLA 	736	 -23.965	  -3.126	 -14.832
21344	CLA 	736	  36.674	  -2.623	 -22.460
