786	 CA 	110	 -46.552	   4.102	  34.474
806	 CA 	111	 -49.593	   4.745	  36.728
821	 CA 	112	 -52.621	   7.085	  36.525
894	 CA 	116	 -55.980	   4.796	  41.811
1467	 CA 	151	 -38.738	   2.443	  -3.837
1477	 CA 	152	 -41.900	   2.986	  -5.967
1497	 CA 	153	 -40.441	   6.488	  -6.797
2201	 CA 	197	 -31.775	   6.515	  -7.241
2279	 CA 	202	 -30.896	   3.145	   0.725
2324	 CA 	206	 -30.299	  -1.283	   4.591
2373	 CA 	209	 -22.508	  -0.395	  -1.074
2380	 CA 	210	 -21.939	   3.045	  -2.638
5325	 CA 	395	 -23.774	 -17.422	  23.329
5344	 CA 	396	 -22.256	 -15.300	  26.099
5356	 CA 	397	 -23.482	 -11.976	  24.513
5367	 CA 	398	 -21.604	  -9.657	  22.240
6370	 CA 	462	 -17.525	 -12.557	   4.763
6406	 CA 	465	 -19.197	 -16.762	   7.289
6933	 CA 	500	 -12.787	 -12.303	  15.555
6980	 CA 	503	 -14.286	 -13.105	  10.814
21341	CLA 	735	 -22.336	   2.011	   4.922
21342	CLA 	736	 -24.677	  -2.749	 -14.822
21344	CLA 	736	  14.119	 -65.715	 -30.595
