786	 CA 	110	 -50.079	  -0.036	  32.962
806	 CA 	111	 -52.027	   3.305	  32.717
821	 CA 	112	 -53.835	   5.401	  30.128
894	 CA 	116	 -58.949	   4.818	  34.321
1467	 CA 	151	 -39.103	   1.842	  -4.308
1477	 CA 	152	 -41.780	   2.646	  -6.834
1497	 CA 	153	 -40.423	   6.250	  -7.023
2201	 CA 	197	 -31.973	   7.129	  -7.883
2279	 CA 	202	 -31.188	   3.389	  -0.120
2324	 CA 	206	 -30.867	  -1.651	   2.989
2373	 CA 	209	 -22.499	  -0.261	  -1.764
2380	 CA 	210	 -21.928	   3.376	  -2.677
5325	 CA 	395	 -26.555	 -16.865	  20.695
5344	 CA 	396	 -26.688	 -15.146	  24.055
5356	 CA 	397	 -26.274	 -11.824	  22.116
5367	 CA 	398	 -22.928	 -10.137	  20.971
6370	 CA 	462	 -18.235	 -13.071	   3.875
6406	 CA 	465	 -19.832	 -17.106	   6.386
6933	 CA 	500	 -14.987	 -12.422	  14.883
6980	 CA 	503	 -15.374	 -13.618	  10.231
21341	CLA 	735	 -23.376	   3.875	   3.831
21342	CLA 	736	 -25.044	  -2.954	 -14.579
21344	CLA 	736	  34.159	   5.327	  -8.486
