786	 CA 	110	 -46.722	  -1.740	  33.940
806	 CA 	111	 -49.153	   1.044	  34.697
821	 CA 	112	 -50.420	   4.027	  32.751
894	 CA 	116	 -56.080	   4.445	  37.022
1467	 CA 	151	 -38.776	   2.260	  -3.605
1477	 CA 	152	 -41.902	   2.839	  -5.867
1497	 CA 	153	 -40.482	   6.379	  -6.714
2201	 CA 	197	 -32.564	   6.860	  -7.773
2279	 CA 	202	 -31.153	   3.354	   0.244
2324	 CA 	206	 -30.934	  -1.351	   3.092
2373	 CA 	209	 -23.183	  -0.446	  -2.272
2380	 CA 	210	 -22.260	   3.031	  -3.586
5325	 CA 	395	 -25.637	 -16.798	  21.179
5344	 CA 	396	 -24.890	 -14.401	  23.977
5356	 CA 	397	 -25.685	 -11.374	  21.825
5367	 CA 	398	 -22.577	 -10.268	  19.958
6370	 CA 	462	 -17.866	 -12.559	   4.377
6406	 CA 	465	 -19.169	 -16.865	   6.251
6933	 CA 	500	 -14.454	 -12.635	  15.885
6980	 CA 	503	 -15.033	 -13.295	  10.898
21341	CLA 	735	 -22.659	   3.545	   3.095
21342	CLA 	736	 -24.504	  -3.069	 -14.929
21344	CLA 	736	  35.201	   5.103	 -14.579
