786	 CA 	110	 -48.592	  -3.055	  32.179
806	 CA 	111	 -50.640	  -0.408	  33.991
821	 CA 	112	 -52.263	   2.777	  32.778
894	 CA 	116	 -59.146	   2.169	  36.044
1467	 CA 	151	 -38.782	   2.815	  -4.094
1477	 CA 	152	 -41.653	   3.376	  -6.576
1497	 CA 	153	 -40.472	   6.920	  -7.226
2201	 CA 	197	 -32.244	   7.624	  -7.783
2279	 CA 	202	 -31.955	   3.406	   0.066
2324	 CA 	206	 -30.970	  -1.989	   3.330
2373	 CA 	209	 -23.048	  -0.568	  -2.079
2380	 CA 	210	 -21.457	   2.785	  -2.682
5325	 CA 	395	 -26.132	 -17.600	  20.668
5344	 CA 	396	 -25.670	 -14.811	  23.345
5356	 CA 	397	 -26.055	 -12.177	  20.472
5367	 CA 	398	 -22.776	 -10.931	  18.587
6370	 CA 	462	 -18.607	 -12.958	   3.446
6406	 CA 	465	 -19.506	 -17.639	   5.425
6933	 CA 	500	 -14.633	 -13.074	  14.877
6980	 CA 	503	 -15.273	 -13.707	  10.095
21341	CLA 	735	 -22.423	   3.347	   3.251
21342	CLA 	736	 -24.955	  -2.676	 -14.727
21344	CLA 	736	  36.189	   7.345	 -12.200
