786	 CA 	110	 -46.367	  -1.876	  33.694
806	 CA 	111	 -48.179	   0.896	  35.565
821	 CA 	112	 -49.320	   4.468	  34.387
894	 CA 	116	 -56.226	   6.217	  36.274
1467	 CA 	151	 -38.724	   3.223	  -3.627
1477	 CA 	152	 -41.729	   3.754	  -6.145
1497	 CA 	153	 -40.469	   7.268	  -7.073
2201	 CA 	197	 -31.797	   8.126	  -7.909
2279	 CA 	202	 -31.184	   4.617	  -0.196
2324	 CA 	206	 -30.975	  -0.571	   3.071
2373	 CA 	209	 -22.778	  -0.275	  -2.151
2380	 CA 	210	 -21.091	   3.047	  -2.901
5325	 CA 	395	 -27.191	 -15.583	  20.963
5344	 CA 	396	 -27.733	 -12.759	  23.468
5356	 CA 	397	 -27.712	  -9.916	  20.825
5367	 CA 	398	 -24.429	  -8.984	  19.144
6370	 CA 	462	 -18.772	 -12.714	   3.686
6406	 CA 	465	 -20.491	 -16.920	   5.976
6933	 CA 	500	 -14.744	 -12.555	  15.075
6980	 CA 	503	 -15.649	 -13.557	  10.248
21341	CLA 	735	 -21.913	   3.655	   3.383
21342	CLA 	736	 -24.292	  -2.282	 -15.245
21344	CLA 	736	  31.929	   5.714	 -17.755
