786	 CA 	110	 -46.911	  -2.335	  32.302
806	 CA 	111	 -49.299	   0.551	  33.552
821	 CA 	112	 -51.031	   3.200	  31.584
894	 CA 	116	 -56.922	   2.464	  35.191
1467	 CA 	151	 -39.361	   2.066	  -4.384
1477	 CA 	152	 -42.299	   2.704	  -6.816
1497	 CA 	153	 -41.199	   6.370	  -7.321
2201	 CA 	197	 -32.023	   7.367	  -8.490
2279	 CA 	202	 -31.706	   3.759	  -0.588
2324	 CA 	206	 -31.486	  -1.039	   2.616
2373	 CA 	209	 -23.107	  -0.300	  -2.416
2380	 CA 	210	 -21.980	   3.284	  -3.197
5325	 CA 	395	 -27.438	 -18.116	  22.009
5344	 CA 	396	 -30.432	 -16.337	  23.501
5356	 CA 	397	 -28.488	 -13.200	  22.403
5367	 CA 	398	 -25.383	 -12.326	  20.313
6370	 CA 	462	 -18.940	 -12.932	   4.064
6406	 CA 	465	 -20.227	 -17.214	   6.275
6933	 CA 	500	 -15.341	 -12.379	  15.429
6980	 CA 	503	 -15.774	 -13.477	  10.504
21341	CLA 	735	 -21.956	   2.843	   1.870
21342	CLA 	736	 -24.749	  -2.663	 -14.726
21344	CLA 	736	  33.834	   5.704	  -8.058
