786	 CA 	110	 -48.797	  -0.913	  33.291
806	 CA 	111	 -51.040	   1.729	  34.909
821	 CA 	112	 -52.747	   4.432	  32.853
894	 CA 	116	 -57.112	   4.013	  36.499
1467	 CA 	151	 -38.793	   1.422	  -3.842
1477	 CA 	152	 -41.722	   1.931	  -6.456
1497	 CA 	153	 -40.505	   5.529	  -7.106
2201	 CA 	197	 -32.443	   6.673	  -8.202
2279	 CA 	202	 -31.467	   3.123	  -0.202
2324	 CA 	206	 -31.295	  -2.072	   2.741
2373	 CA 	209	 -22.694	  -0.363	  -1.726
2380	 CA 	210	 -21.361	   3.150	  -2.808
5325	 CA 	395	 -26.242	 -16.509	  21.210
5344	 CA 	396	 -27.005	 -13.686	  23.586
5356	 CA 	397	 -26.568	 -11.206	  20.711
5367	 CA 	398	 -23.109	  -9.768	  19.733
6370	 CA 	462	 -18.277	 -12.871	   4.093
6406	 CA 	465	 -19.253	 -16.911	   6.627
6933	 CA 	500	 -14.435	 -11.995	  15.514
6980	 CA 	503	 -15.175	 -13.054	  10.501
21341	CLA 	735	 -23.162	   3.336	   3.224
21342	CLA 	736	 -24.649	  -3.177	 -14.454
21344	CLA 	736	  33.262	   6.869	 -10.997
