786	 CA 	110	 -47.368	  -0.818	  32.262
806	 CA 	111	 -49.511	   2.149	  33.503
821	 CA 	112	 -51.425	   4.993	  31.867
894	 CA 	116	 -56.559	   4.319	  36.136
1467	 CA 	151	 -38.894	   2.655	  -4.949
1477	 CA 	152	 -41.872	   2.969	  -7.235
1497	 CA 	153	 -40.847	   6.665	  -7.833
2201	 CA 	197	 -32.349	   7.610	  -8.988
2279	 CA 	202	 -31.826	   4.422	  -1.098
2324	 CA 	206	 -32.275	  -0.149	   3.089
2373	 CA 	209	 -23.687	  -0.419	  -2.066
2380	 CA 	210	 -22.760	   3.217	  -3.134
5325	 CA 	395	 -26.186	 -18.266	  23.297
5344	 CA 	396	 -29.446	 -16.681	  24.569
5356	 CA 	397	 -28.039	 -13.225	  23.671
5367	 CA 	398	 -25.173	 -12.246	  21.311
6370	 CA 	462	 -18.804	 -12.611	   3.960
6406	 CA 	465	 -20.214	 -16.396	   6.524
6933	 CA 	500	 -15.305	 -11.698	  15.343
6980	 CA 	503	 -15.880	 -12.922	  10.339
21341	CLA 	735	 -22.103	   2.828	   1.163
21342	CLA 	736	 -25.040	  -2.863	 -14.835
21344	CLA 	736	  34.781	   5.609	  -9.502
