786	 CA 	110	 -47.079	  -1.441	  32.810
806	 CA 	111	 -48.040	   2.175	  33.696
821	 CA 	112	 -50.848	   4.105	  32.125
894	 CA 	116	 -54.691	   3.028	  36.529
1467	 CA 	151	 -38.500	   1.565	  -3.518
1477	 CA 	152	 -41.521	   2.202	  -5.749
1497	 CA 	153	 -40.332	   5.824	  -6.372
2201	 CA 	197	 -32.454	   7.126	  -7.298
2279	 CA 	202	 -31.371	   2.990	   0.357
2324	 CA 	206	 -30.630	  -2.567	   3.661
2373	 CA 	209	 -22.607	  -0.676	  -1.780
2380	 CA 	210	 -22.421	   2.969	  -2.841
5325	 CA 	395	 -24.864	 -18.058	  20.787
5344	 CA 	396	 -24.982	 -16.277	  24.256
5356	 CA 	397	 -25.026	 -12.777	  22.563
5367	 CA 	398	 -22.083	 -10.850	  21.308
6370	 CA 	462	 -17.314	 -12.933	   3.874
6406	 CA 	465	 -18.235	 -17.137	   5.988
6933	 CA 	500	 -13.110	 -12.185	  14.997
6980	 CA 	503	 -13.894	 -13.085	  10.110
21341	CLA 	735	 -23.169	   2.058	   3.687
21342	CLA 	736	 -24.748	  -2.848	 -14.796
21344	CLA 	736	  34.819	   6.424	 -11.900
