786	 CA 	110	 -47.922	  -2.963	  31.421
806	 CA 	111	 -50.442	  -0.277	  32.467
821	 CA 	112	 -51.855	   3.093	  31.294
894	 CA 	116	 -57.947	   2.744	  35.764
1467	 CA 	151	 -38.388	   2.664	  -4.615
1477	 CA 	152	 -41.436	   2.949	  -7.044
1497	 CA 	153	 -40.314	   6.607	  -7.606
2201	 CA 	197	 -32.001	   7.655	  -8.156
2279	 CA 	202	 -31.544	   3.489	  -0.579
2324	 CA 	206	 -31.134	  -1.774	   2.360
2373	 CA 	209	 -22.850	  -0.427	  -2.760
2380	 CA 	210	 -21.303	   2.983	  -2.878
5325	 CA 	395	 -27.401	 -16.681	  20.465
5344	 CA 	396	 -27.081	 -14.072	  23.109
5356	 CA 	397	 -26.748	 -11.482	  20.255
5367	 CA 	398	 -23.324	 -10.705	  18.710
6370	 CA 	462	 -18.688	 -13.066	   3.614
6406	 CA 	465	 -20.036	 -17.297	   5.603
6933	 CA 	500	 -15.180	 -13.140	  14.672
6980	 CA 	503	 -15.671	 -13.739	   9.698
21341	CLA 	735	 -22.997	   2.992	   2.676
21342	CLA 	736	 -25.019	  -1.631	 -15.688
21344	CLA 	736	  36.725	   7.276	 -11.803
