786	 CA 	110	 -43.132	   1.820	  36.903
806	 CA 	111	 -46.450	   3.121	  38.459
821	 CA 	112	 -49.072	   5.734	  37.294
894	 CA 	116	 -54.416	   3.164	  41.028
1467	 CA 	151	 -38.855	   2.316	  -2.507
1477	 CA 	152	 -41.808	   2.746	  -4.782
1497	 CA 	153	 -40.597	   6.189	  -5.737
2201	 CA 	197	 -32.205	   6.758	  -6.388
2279	 CA 	202	 -31.007	   3.140	   1.565
2324	 CA 	206	 -30.225	  -1.605	   5.378
2373	 CA 	209	 -22.847	  -0.120	  -1.049
2380	 CA 	210	 -22.422	   3.233	  -2.885
5325	 CA 	395	 -22.545	 -16.663	  24.330
5344	 CA 	396	 -21.674	 -14.589	  27.519
5356	 CA 	397	 -22.444	 -11.411	  25.540
5367	 CA 	398	 -20.448	  -9.717	  22.707
6370	 CA 	462	 -17.410	 -12.842	   4.989
6406	 CA 	465	 -18.583	 -16.791	   7.796
6933	 CA 	500	 -11.703	 -12.020	  15.323
6980	 CA 	503	 -13.539	 -13.362	  10.805
21341	CLA 	735	 -23.335	   2.948	   4.431
21342	CLA 	736	 -25.027	  -3.236	 -14.282
21344	CLA 	736	  20.820	 -64.842	 -27.239
