786	 CA 	110	 -49.219	  -0.802	  32.724
806	 CA 	111	 -51.548	   2.192	  33.567
821	 CA 	112	 -53.081	   4.610	  31.012
894	 CA 	116	 -57.292	   4.723	  34.415
1467	 CA 	151	 -38.634	   1.853	  -4.916
1477	 CA 	152	 -41.672	   2.287	  -7.351
1497	 CA 	153	 -40.509	   5.871	  -7.797
2201	 CA 	197	 -32.535	   7.035	  -8.292
2279	 CA 	202	 -31.705	   2.772	  -0.904
2324	 CA 	206	 -31.949	  -1.734	   2.511
2373	 CA 	209	 -23.052	  -0.532	  -2.464
2380	 CA 	210	 -22.031	   3.177	  -2.928
5325	 CA 	395	 -26.408	 -17.503	  20.615
5344	 CA 	396	 -27.013	 -15.140	  23.593
5356	 CA 	397	 -26.533	 -11.936	  21.316
5367	 CA 	398	 -23.150	 -10.428	  20.487
6370	 CA 	462	 -18.183	 -12.728	   3.612
6406	 CA 	465	 -19.498	 -17.017	   5.713
6933	 CA 	500	 -14.882	 -12.542	  15.040
6980	 CA 	503	 -15.168	 -13.338	   9.916
21341	CLA 	735	 -23.697	   2.163	   2.701
21342	CLA 	736	 -24.812	  -3.016	 -14.391
21344	CLA 	736	  33.947	   6.106	 -10.613
