786	 CA 	110	 -43.730	  -4.168	  36.525
806	 CA 	111	 -45.984	  -1.065	  37.063
821	 CA 	112	 -47.016	   1.938	  35.156
894	 CA 	116	 -53.024	   1.969	  38.384
1467	 CA 	151	 -38.880	   2.385	  -3.414
1477	 CA 	152	 -41.891	   2.931	  -5.794
1497	 CA 	153	 -40.554	   6.493	  -6.868
2201	 CA 	197	 -32.150	   7.656	  -7.886
2279	 CA 	202	 -31.480	   4.056	  -0.138
2324	 CA 	206	 -31.605	  -0.325	   3.431
2373	 CA 	209	 -23.236	  -0.082	  -2.132
2380	 CA 	210	 -21.847	   3.334	  -2.673
5325	 CA 	395	 -26.501	 -16.729	  21.410
5344	 CA 	396	 -25.949	 -14.209	  24.297
5356	 CA 	397	 -25.617	 -11.430	  21.577
5367	 CA 	398	 -22.482	 -10.350	  19.835
6370	 CA 	462	 -18.168	 -12.464	   4.155
6406	 CA 	465	 -19.174	 -16.805	   6.181
6933	 CA 	500	 -14.229	 -12.353	  15.242
6980	 CA 	503	 -15.100	 -13.148	  10.447
21341	CLA 	735	 -23.540	   3.386	   2.968
21342	CLA 	736	 -24.739	  -2.686	 -14.859
21344	CLA 	736	  35.438	   5.586	 -20.241
