786	 CA 	110	 -46.850	  -1.306	  32.582
806	 CA 	111	 -48.760	   1.603	  34.039
821	 CA 	112	 -50.195	   4.801	  32.552
894	 CA 	116	 -56.761	   4.869	  36.580
1467	 CA 	151	 -38.546	   1.832	  -4.269
1477	 CA 	152	 -41.539	   2.222	  -6.733
1497	 CA 	153	 -40.484	   5.795	  -7.276
2201	 CA 	197	 -32.398	   7.063	  -8.401
2279	 CA 	202	 -31.614	   3.347	  -0.757
2324	 CA 	206	 -31.518	  -1.312	   2.626
2373	 CA 	209	 -23.225	  -0.417	  -2.102
2380	 CA 	210	 -22.093	   3.081	  -3.397
5325	 CA 	395	 -26.817	 -17.644	  21.609
5344	 CA 	396	 -27.736	 -15.084	  24.322
5356	 CA 	397	 -26.621	 -11.878	  22.435
5367	 CA 	398	 -23.242	 -10.476	  20.983
6370	 CA 	462	 -18.312	 -12.590	   4.012
6406	 CA 	465	 -19.781	 -16.747	   6.308
6933	 CA 	500	 -14.864	 -12.342	  15.687
6980	 CA 	503	 -15.552	 -13.170	  10.847
21341	CLA 	735	 -21.629	   2.756	   0.763
21342	CLA 	736	 -24.669	  -2.310	 -14.727
21344	CLA 	736	  32.383	   5.041	  -9.970
