786	 CA 	110	 -47.551	  -0.162	  31.606
806	 CA 	111	 -49.759	   2.972	  32.393
821	 CA 	112	 -51.669	   5.568	  30.281
894	 CA 	116	 -57.564	   5.276	  34.996
1467	 CA 	151	 -38.828	   2.487	  -4.256
1477	 CA 	152	 -41.693	   3.230	  -6.558
1497	 CA 	153	 -40.316	   6.734	  -7.186
2201	 CA 	197	 -32.219	   7.941	  -8.361
2279	 CA 	202	 -31.414	   3.630	  -0.812
2324	 CA 	206	 -31.277	  -1.272	   3.080
2373	 CA 	209	 -23.234	  -0.471	  -2.236
2380	 CA 	210	 -22.571	   3.090	  -3.313
5325	 CA 	395	 -26.067	 -18.788	  21.064
5344	 CA 	396	 -25.388	 -17.514	  24.567
5356	 CA 	397	 -26.214	 -13.945	  23.406
5367	 CA 	398	 -23.756	 -11.702	  21.618
6370	 CA 	462	 -18.239	 -12.772	   4.053
6406	 CA 	465	 -19.541	 -17.057	   6.170
6933	 CA 	500	 -14.096	 -12.378	  15.622
6980	 CA 	503	 -15.553	 -12.963	  10.712
21341	CLA 	735	 -22.716	   3.116	   3.171
21342	CLA 	736	 -24.382	  -2.669	 -14.863
21344	CLA 	736	  34.017	   3.994	 -10.094
