786	 CA 	110	 -47.844	  -0.805	  31.280
806	 CA 	111	 -50.168	   1.692	  32.732
821	 CA 	112	 -51.832	   4.918	  31.354
894	 CA 	116	 -57.473	   3.765	  35.235
1467	 CA 	151	 -38.788	   2.005	  -4.790
1477	 CA 	152	 -41.494	   2.612	  -7.383
1497	 CA 	153	 -40.074	   6.138	  -7.893
2201	 CA 	197	 -32.337	   7.329	  -8.532
2279	 CA 	202	 -31.596	   3.477	  -0.927
2324	 CA 	206	 -31.520	  -1.436	   2.506
2373	 CA 	209	 -23.511	  -0.333	  -2.586
2380	 CA 	210	 -22.246	   3.162	  -3.016
5325	 CA 	395	 -27.411	 -17.573	  20.712
5344	 CA 	396	 -27.592	 -15.968	  24.312
5356	 CA 	397	 -27.083	 -12.570	  22.518
5367	 CA 	398	 -23.895	 -11.200	  21.228
6370	 CA 	462	 -18.610	 -12.274	   4.127
6406	 CA 	465	 -19.954	 -16.410	   6.321
6933	 CA 	500	 -14.792	 -12.210	  15.377
6980	 CA 	503	 -15.344	 -13.027	  10.573
21341	CLA 	735	 -21.992	   3.066	   2.086
21342	CLA 	736	 -24.531	  -2.550	 -15.016
21344	CLA 	736	  33.391	   5.693	  -9.627
