786	 CA 	110	 -48.484	  -2.249	  31.681
806	 CA 	111	 -50.637	   0.527	  33.021
821	 CA 	112	 -52.388	   3.373	  31.223
894	 CA 	116	 -58.877	   2.569	  34.368
1467	 CA 	151	 -39.041	   1.985	  -4.642
1477	 CA 	152	 -41.966	   2.550	  -7.037
1497	 CA 	153	 -40.938	   6.220	  -7.595
2201	 CA 	197	 -32.174	   7.390	  -8.664
2279	 CA 	202	 -31.603	   3.685	  -0.840
2324	 CA 	206	 -31.113	  -1.097	   2.947
2373	 CA 	209	 -23.112	  -0.099	  -2.027
2380	 CA 	210	 -22.419	   3.486	  -3.368
5325	 CA 	395	 -26.782	 -18.687	  22.940
5344	 CA 	396	 -29.649	 -16.966	  24.951
5356	 CA 	397	 -28.179	 -13.586	  23.834
5367	 CA 	398	 -25.142	 -12.466	  21.648
6370	 CA 	462	 -18.662	 -12.904	   3.720
6406	 CA 	465	 -20.255	 -16.942	   6.027
6933	 CA 	500	 -15.091	 -12.317	  14.938
6980	 CA 	503	 -15.839	 -13.330	  10.115
21341	CLA 	735	 -22.100	   3.025	   2.144
21342	CLA 	736	 -24.817	  -2.894	 -14.770
21344	CLA 	736	  34.212	   5.869	  -8.983
