786	 CA 	110	 -46.602	  -1.621	  32.259
806	 CA 	111	 -48.474	   1.468	  33.465
821	 CA 	112	 -50.238	   4.248	  31.519
894	 CA 	116	 -57.662	   4.852	  34.762
1467	 CA 	151	 -38.849	   1.773	  -4.541
1477	 CA 	152	 -41.669	   2.277	  -6.994
1497	 CA 	153	 -40.891	   6.017	  -7.396
2201	 CA 	197	 -31.846	   7.239	  -8.224
2279	 CA 	202	 -30.907	   3.849	  -0.409
2324	 CA 	206	 -30.667	  -0.923	   2.633
2373	 CA 	209	 -22.473	  -0.498	  -1.991
2380	 CA 	210	 -21.706	   3.081	  -3.108
5325	 CA 	395	 -23.926	 -17.939	  24.050
5344	 CA 	396	 -27.528	 -17.017	  24.958
5356	 CA 	397	 -28.209	 -13.950	  22.645
5367	 CA 	398	 -25.990	 -11.892	  20.342
6370	 CA 	462	 -17.880	 -12.519	   4.667
6406	 CA 	465	 -19.307	 -16.393	   6.959
6933	 CA 	500	 -13.833	 -11.915	  15.529
6980	 CA 	503	 -14.650	 -12.873	  11.005
21341	CLA 	735	 -21.474	   2.807	   2.186
21342	CLA 	736	 -24.696	  -1.970	 -15.451
21344	CLA 	736	  32.372	   6.366	 -13.127
