786	 CA 	110	 -46.724	  -0.729	  33.407
806	 CA 	111	 -48.660	   2.540	  33.838
821	 CA 	112	 -50.129	   5.268	  31.638
894	 CA 	116	 -56.279	   4.954	  36.001
1467	 CA 	151	 -38.606	   1.786	  -3.974
1477	 CA 	152	 -41.654	   2.330	  -6.395
1497	 CA 	153	 -40.304	   5.845	  -7.141
2201	 CA 	197	 -32.062	   6.979	  -8.568
2279	 CA 	202	 -31.332	   3.142	  -0.460
2324	 CA 	206	 -31.334	  -1.950	   2.773
2373	 CA 	209	 -22.878	  -0.331	  -2.098
2380	 CA 	210	 -21.948	   3.152	  -3.252
5325	 CA 	395	 -25.910	 -18.363	  21.779
5344	 CA 	396	 -28.456	 -16.557	  23.868
5356	 CA 	397	 -27.647	 -12.920	  22.881
5367	 CA 	398	 -24.668	 -11.510	  20.851
6370	 CA 	462	 -18.012	 -12.674	   3.898
6406	 CA 	465	 -19.105	 -17.021	   5.998
6933	 CA 	500	 -15.026	 -12.747	  14.857
6980	 CA 	503	 -15.222	 -13.342	  10.280
21341	CLA 	735	 -22.010	   3.041	   1.595
21342	CLA 	736	 -24.655	  -3.076	 -14.737
21344	CLA 	736	  34.409	   4.620	 -11.712
