786	 CA 	110	 -44.203	   2.780	  37.857
806	 CA 	111	 -47.464	   4.335	  39.094
821	 CA 	112	 -50.033	   6.236	  36.971
894	 CA 	116	 -54.695	   3.681	  40.326
1467	 CA 	151	 -38.470	   3.098	  -2.683
1477	 CA 	152	 -41.531	   3.623	  -4.920
1497	 CA 	153	 -40.375	   7.239	  -5.831
2201	 CA 	197	 -31.974	   6.966	  -6.594
2279	 CA 	202	 -30.687	   3.471	   1.371
2324	 CA 	206	 -30.039	  -1.517	   5.025
2373	 CA 	209	 -22.424	  -0.608	  -0.933
2380	 CA 	210	 -22.170	   2.718	  -2.900
5325	 CA 	395	 -22.211	 -18.191	  23.787
5344	 CA 	396	 -21.674	 -15.965	  26.940
5356	 CA 	397	 -22.895	 -12.809	  24.992
5367	 CA 	398	 -20.939	 -10.607	  22.482
6370	 CA 	462	 -17.606	 -13.108	   4.791
6406	 CA 	465	 -18.710	 -16.838	   7.677
6933	 CA 	500	 -12.475	 -11.340	  15.823
6980	 CA 	503	 -13.711	 -12.679	  11.258
21341	CLA 	735	 -22.406	   3.197	   4.173
21342	CLA 	736	 -24.316	  -2.542	 -15.017
21344	CLA 	736	  21.492	  62.778	 -33.673
