786	 CA 	110	 -46.943	   4.099	  34.975
806	 CA 	111	 -48.886	   7.003	  36.427
821	 CA 	112	 -51.878	   8.191	  34.299
894	 CA 	116	 -58.734	   4.274	  35.931
1467	 CA 	151	 -38.770	   1.744	  -2.789
1477	 CA 	152	 -41.990	   2.125	  -4.852
1497	 CA 	153	 -40.869	   5.704	  -5.652
2201	 CA 	197	 -32.381	   6.182	  -7.282
2279	 CA 	202	 -31.154	   3.471	   0.887
2324	 CA 	206	 -29.993	  -0.434	   3.382
2373	 CA 	209	 -22.377	   0.114	  -2.057
2380	 CA 	210	 -20.978	   3.646	  -2.374
5325	 CA 	395	 -21.337	 -19.365	  25.833
5344	 CA 	396	 -24.786	 -19.811	  24.197
5356	 CA 	397	 -26.000	 -16.390	  22.887
5367	 CA 	398	 -23.922	 -13.437	  21.642
6370	 CA 	462	 -17.037	 -12.278	   3.927
6406	 CA 	465	 -18.244	 -16.285	   6.443
6933	 CA 	500	 -12.136	 -11.206	  14.912
6980	 CA 	503	 -13.333	 -12.957	  10.339
21341	CLA 	735	 -19.112	   0.262	  -1.009
21342	CLA 	736	 -24.872	  -1.776	 -15.188
21344	CLA 	736	  29.206	  -0.272	 -17.398
