786	 CA 	110	 -45.333	  -3.621	  33.650
806	 CA 	111	 -47.106	  -0.435	  34.908
821	 CA 	112	 -48.173	   2.914	  33.197
894	 CA 	116	 -55.087	   4.167	  35.582
1467	 CA 	151	 -39.481	   1.233	  -4.142
1477	 CA 	152	 -42.060	   2.209	  -6.826
1497	 CA 	153	 -40.309	   5.550	  -7.547
2201	 CA 	197	 -32.196	   6.177	  -7.930
2279	 CA 	202	 -31.753	   3.266	   0.124
2324	 CA 	206	 -31.381	  -1.535	   3.256
2373	 CA 	209	 -22.790	  -0.341	  -1.940
2380	 CA 	210	 -22.091	   3.155	  -3.132
5325	 CA 	395	 -25.094	 -18.577	  21.730
5344	 CA 	396	 -24.695	 -16.552	  24.851
5356	 CA 	397	 -25.610	 -13.583	  22.667
5367	 CA 	398	 -23.204	 -11.535	  20.623
6370	 CA 	462	 -18.057	 -13.209	   3.986
6406	 CA 	465	 -19.379	 -17.393	   6.173
6933	 CA 	500	 -14.465	 -13.681	  15.326
6980	 CA 	503	 -15.001	 -13.985	  10.477
21341	CLA 	735	 -23.522	   1.589	   4.102
21342	CLA 	736	 -24.307	  -2.801	 -14.741
21344	CLA 	736	  24.919	   7.050	 -38.324
