786	 CA 	110	 -48.185	  -1.810	  32.414
806	 CA 	111	 -50.308	   1.113	  33.736
821	 CA 	112	 -52.774	   3.144	  31.689
894	 CA 	116	 -60.171	   2.458	  34.796
1467	 CA 	151	 -38.992	   2.184	  -4.189
1477	 CA 	152	 -42.069	   2.961	  -6.411
1497	 CA 	153	 -40.886	   6.594	  -6.743
2201	 CA 	197	 -32.185	   7.571	  -7.709
2279	 CA 	202	 -31.213	   3.766	   0.158
2324	 CA 	206	 -31.253	  -0.441	   3.434
2373	 CA 	209	 -22.954	   0.087	  -1.464
2380	 CA 	210	 -21.881	   3.389	  -3.094
5325	 CA 	395	 -24.886	 -18.521	  24.403
5344	 CA 	396	 -28.653	 -17.836	  24.629
5356	 CA 	397	 -28.418	 -14.939	  22.140
5367	 CA 	398	 -25.655	 -12.536	  20.569
6370	 CA 	462	 -18.424	 -12.511	   3.941
6406	 CA 	465	 -19.500	 -16.703	   6.226
6933	 CA 	500	 -14.411	 -11.920	  15.109
6980	 CA 	503	 -14.919	 -13.005	  10.482
21341	CLA 	735	 -22.146	   2.688	   1.833
21342	CLA 	736	 -24.472	  -1.989	 -15.181
21344	CLA 	736	  33.179	   4.288	 -13.125
