786	 CA 	110	 -48.358	  -0.551	  32.007
806	 CA 	111	 -50.263	   2.727	  32.672
821	 CA 	112	 -51.507	   5.443	  30.151
894	 CA 	116	 -58.292	   5.234	  33.808
1467	 CA 	151	 -38.823	   2.100	  -4.876
1477	 CA 	152	 -41.956	   2.701	  -6.985
1497	 CA 	153	 -40.401	   6.134	  -7.733
2201	 CA 	197	 -32.318	   7.597	  -8.772
2279	 CA 	202	 -31.346	   3.468	  -1.053
2324	 CA 	206	 -31.185	  -1.263	   2.628
2373	 CA 	209	 -23.226	  -0.462	  -2.834
2380	 CA 	210	 -22.452	   3.167	  -3.477
5325	 CA 	395	 -26.166	 -18.530	  20.170
5344	 CA 	396	 -25.599	 -17.213	  23.749
5356	 CA 	397	 -26.197	 -13.645	  22.680
5367	 CA 	398	 -23.855	 -11.055	  21.260
6370	 CA 	462	 -18.597	 -12.450	   3.446
6406	 CA 	465	 -19.988	 -17.103	   6.045
6933	 CA 	500	 -15.131	 -12.251	  14.554
6980	 CA 	503	 -15.693	 -13.195	   9.850
21341	CLA 	735	 -23.323	   3.367	   2.546
21342	CLA 	736	 -24.333	  -2.686	 -14.722
21344	CLA 	736	  34.568	   5.245	 -10.516
