786	 CA 	110	 -48.682	  -2.606	  31.558
806	 CA 	111	 -50.489	   0.748	  32.417
821	 CA 	112	 -52.422	   3.413	  30.597
894	 CA 	116	 -57.622	   2.728	  35.114
1467	 CA 	151	 -38.899	   1.852	  -4.719
1477	 CA 	152	 -41.845	   2.298	  -7.111
1497	 CA 	153	 -40.563	   5.848	  -8.024
2201	 CA 	197	 -32.402	   6.793	  -8.240
2279	 CA 	202	 -31.384	   2.968	  -0.749
2324	 CA 	206	 -30.907	  -1.970	   3.095
2373	 CA 	209	 -22.925	  -0.639	  -1.863
2380	 CA 	210	 -22.061	   2.858	  -3.219
5325	 CA 	395	 -25.623	 -17.888	  20.207
5344	 CA 	396	 -25.739	 -16.617	  23.835
5356	 CA 	397	 -26.003	 -13.095	  22.583
5367	 CA 	398	 -23.384	 -10.324	  22.062
6370	 CA 	462	 -17.654	 -12.819	   3.656
6406	 CA 	465	 -19.068	 -17.142	   5.903
6933	 CA 	500	 -13.950	 -12.950	  14.707
6980	 CA 	503	 -14.570	 -13.799	  10.079
21341	CLA 	735	 -22.754	   2.703	   4.012
21342	CLA 	736	 -24.278	  -2.836	 -14.952
21344	CLA 	736	  34.084	   5.760	  -9.578
