786	 CA 	110	 -43.521	  -0.457	  35.412
806	 CA 	111	 -46.081	   2.318	  36.365
821	 CA 	112	 -48.846	   4.404	  34.825
894	 CA 	116	 -56.323	   2.893	  37.632
1467	 CA 	151	 -38.583	   2.044	  -3.142
1477	 CA 	152	 -41.368	   2.854	  -5.586
1497	 CA 	153	 -39.945	   6.413	  -5.964
2201	 CA 	197	 -31.869	   6.806	  -6.708
2279	 CA 	202	 -30.745	   3.355	   0.993
2324	 CA 	206	 -30.539	  -1.045	   4.216
2373	 CA 	209	 -22.486	  -0.672	  -0.913
2380	 CA 	210	 -21.929	   2.497	  -2.932
5325	 CA 	395	 -25.259	 -16.075	  23.060
5344	 CA 	396	 -24.867	 -13.427	  25.844
5356	 CA 	397	 -24.590	 -10.816	  22.986
5367	 CA 	398	 -21.635	  -9.611	  20.724
6370	 CA 	462	 -17.679	 -12.936	   4.312
6406	 CA 	465	 -19.215	 -16.994	   6.896
6933	 CA 	500	 -12.948	 -12.114	  15.254
6980	 CA 	503	 -14.089	 -13.038	  10.633
21341	CLA 	735	 -22.345	   3.622	   4.735
21342	CLA 	736	 -24.335	  -2.862	 -14.668
21344	CLA 	736	  17.589	  27.741	 -44.184
