786	 CA 	110	 -43.267	  -1.581	  34.771
806	 CA 	111	 -45.803	   0.875	  36.173
821	 CA 	112	 -47.332	   4.011	  34.624
894	 CA 	116	 -53.924	   3.265	  38.450
1467	 CA 	151	 -38.591	   1.789	  -3.891
1477	 CA 	152	 -41.358	   2.690	  -6.254
1497	 CA 	153	 -39.926	   6.254	  -6.943
2201	 CA 	197	 -31.696	   6.640	  -7.330
2279	 CA 	202	 -31.024	   2.983	   0.073
2324	 CA 	206	 -31.249	  -1.849	   3.698
2373	 CA 	209	 -22.689	  -0.653	  -1.603
2380	 CA 	210	 -22.123	   2.867	  -3.007
5325	 CA 	395	 -25.350	 -16.782	  22.622
5344	 CA 	396	 -24.659	 -14.177	  25.375
5356	 CA 	397	 -24.929	 -11.294	  22.945
5367	 CA 	398	 -22.107	  -9.807	  20.823
6370	 CA 	462	 -17.851	 -13.146	   4.004
6406	 CA 	465	 -19.480	 -17.457	   6.664
6933	 CA 	500	 -13.174	 -12.371	  15.130
6980	 CA 	503	 -14.473	 -13.635	  10.385
21341	CLA 	735	 -23.095	   2.029	   3.961
21342	CLA 	736	 -23.985	  -2.952	 -14.655
21344	CLA 	736	  21.854	  24.129	 -39.358
