786	 CA 	110	 -46.321	  -4.048	  31.451
806	 CA 	111	 -48.478	  -1.337	  32.859
821	 CA 	112	 -50.325	   1.767	  31.551
894	 CA 	116	 -56.484	   1.851	  36.190
1467	 CA 	151	 -38.602	   2.008	  -5.118
1477	 CA 	152	 -41.568	   2.896	  -7.587
1497	 CA 	153	 -40.264	   6.476	  -7.828
2201	 CA 	197	 -32.107	   7.337	  -8.897
2279	 CA 	202	 -31.718	   3.588	  -1.037
2324	 CA 	206	 -31.302	  -1.456	   1.664
2373	 CA 	209	 -22.734	  -0.534	  -2.736
2380	 CA 	210	 -21.813	   3.040	  -3.557
5325	 CA 	395	 -25.988	 -18.628	  21.701
5344	 CA 	396	 -27.687	 -16.840	  24.613
5356	 CA 	397	 -26.725	 -13.427	  23.201
5367	 CA 	398	 -24.618	 -11.805	  20.436
6370	 CA 	462	 -18.340	 -12.941	   3.788
6406	 CA 	465	 -19.727	 -17.328	   6.251
6933	 CA 	500	 -15.061	 -12.983	  15.110
6980	 CA 	503	 -15.383	 -13.768	  10.271
21341	CLA 	735	 -21.384	   2.780	   1.521
21342	CLA 	736	 -25.373	  -2.994	 -14.873
21344	CLA 	736	  34.759	   5.884	  -9.903
