786	 CA 	110	 -48.473	   0.218	  30.924
806	 CA 	111	 -50.535	   3.340	  31.921
821	 CA 	112	 -52.269	   6.287	  30.331
894	 CA 	116	 -58.142	   6.058	  35.302
1467	 CA 	151	 -38.911	   2.597	  -4.607
1477	 CA 	152	 -41.731	   3.127	  -7.002
1497	 CA 	153	 -40.419	   6.579	  -8.010
2201	 CA 	197	 -31.682	   7.406	  -9.089
2279	 CA 	202	 -31.394	   4.268	  -0.832
2324	 CA 	206	 -31.271	  -0.240	   2.788
2373	 CA 	209	 -23.136	  -0.086	  -2.301
2380	 CA 	210	 -22.320	   3.503	  -3.279
5325	 CA 	395	 -27.464	 -17.302	  23.666
5344	 CA 	396	 -30.741	 -15.905	  24.953
5356	 CA 	397	 -29.522	 -12.473	  23.651
5367	 CA 	398	 -26.416	 -11.341	  21.668
6370	 CA 	462	 -19.309	 -12.089	   4.386
6406	 CA 	465	 -21.129	 -16.188	   7.010
6933	 CA 	500	 -16.168	 -11.516	  15.540
6980	 CA 	503	 -16.587	 -12.520	  10.960
21341	CLA 	735	 -21.943	   3.363	   2.082
21342	CLA 	736	 -25.018	  -2.616	 -15.152
21344	CLA 	736	  34.067	   5.628	  -9.452
