786	 CA 	110	 -45.718	  -1.567	  33.430
806	 CA 	111	 -48.019	   1.494	  34.362
821	 CA 	112	 -49.375	   4.580	  32.784
894	 CA 	116	 -55.723	   4.206	  36.788
1467	 CA 	151	 -38.815	   2.030	  -3.777
1477	 CA 	152	 -41.675	   2.787	  -6.197
1497	 CA 	153	 -40.140	   6.185	  -7.185
2201	 CA 	197	 -32.125	   7.106	  -8.000
2279	 CA 	202	 -31.089	   3.519	  -0.151
2324	 CA 	206	 -30.824	  -1.110	   3.190
2373	 CA 	209	 -22.773	  -0.341	  -1.878
2380	 CA 	210	 -22.197	   3.014	  -3.494
5325	 CA 	395	 -25.864	 -17.059	  22.115
5344	 CA 	396	 -27.782	 -15.155	  24.881
5356	 CA 	397	 -27.434	 -11.707	  23.409
5367	 CA 	398	 -24.457	 -10.381	  21.509
6370	 CA 	462	 -18.268	 -12.328	   4.061
6406	 CA 	465	 -19.182	 -16.654	   6.418
6933	 CA 	500	 -14.592	 -12.312	  15.856
6980	 CA 	503	 -14.924	 -13.203	  10.603
21341	CLA 	735	 -21.096	   2.719	   1.270
21342	CLA 	736	 -24.465	  -2.660	 -15.255
21344	CLA 	736	  35.081	   4.967	 -10.790
