786	 CA 	110	 -43.925	  -0.462	  35.153
806	 CA 	111	 -45.705	   2.839	  36.263
821	 CA 	112	 -47.239	   6.058	  34.957
894	 CA 	116	 -53.977	   4.754	  38.334
1467	 CA 	151	 -38.216	   1.515	  -3.387
1477	 CA 	152	 -41.217	   2.066	  -5.793
1497	 CA 	153	 -39.955	   5.714	  -6.398
2201	 CA 	197	 -31.661	   5.934	  -7.019
2279	 CA 	202	 -30.690	   2.576	   1.272
2324	 CA 	206	 -30.545	  -2.000	   4.673
2373	 CA 	209	 -22.829	  -0.306	  -0.867
2380	 CA 	210	 -22.094	   3.024	  -2.449
5325	 CA 	395	 -25.023	 -15.636	  23.648
5344	 CA 	396	 -24.835	 -13.044	  26.413
5356	 CA 	397	 -24.719	 -10.073	  23.751
5367	 CA 	398	 -21.539	  -8.973	  21.912
6370	 CA 	462	 -17.450	 -12.589	   5.159
6406	 CA 	465	 -18.442	 -16.896	   7.813
6933	 CA 	500	 -12.740	 -12.446	  15.877
6980	 CA 	503	 -13.822	 -13.201	  11.383
21341	CLA 	735	 -23.057	   3.405	   4.302
21342	CLA 	736	 -24.320	  -2.953	 -14.945
21344	CLA 	736	  22.979	  26.776	 -47.133
