786	 CA 	110	 -48.245	  -0.126	  32.970
806	 CA 	111	 -50.486	   2.717	  34.153
821	 CA 	112	 -52.815	   5.234	  32.413
894	 CA 	116	 -59.312	   4.162	  35.529
1467	 CA 	151	 -39.128	   1.271	  -3.230
1477	 CA 	152	 -42.145	   2.106	  -5.356
1497	 CA 	153	 -40.830	   5.688	  -5.830
2201	 CA 	197	 -32.762	   6.880	  -7.541
2279	 CA 	202	 -30.987	   3.741	   0.486
2324	 CA 	206	 -30.598	  -0.899	   3.721
2373	 CA 	209	 -22.439	  -0.030	  -2.125
2380	 CA 	210	 -21.899	   3.630	  -3.241
5325	 CA 	395	 -23.447	 -19.177	  25.886
5344	 CA 	396	 -27.164	 -19.145	  25.036
5356	 CA 	397	 -28.468	 -15.809	  23.906
5367	 CA 	398	 -26.096	 -14.268	  21.453
6370	 CA 	462	 -17.849	 -12.440	   4.733
6406	 CA 	465	 -19.034	 -16.438	   7.069
6933	 CA 	500	 -13.920	 -12.296	  15.802
6980	 CA 	503	 -14.666	 -12.957	  11.062
21341	CLA 	735	 -22.614	   3.601	   3.815
21342	CLA 	736	 -24.476	  -1.878	 -15.020
21344	CLA 	736	  31.316	   1.627	 -11.637
