786	 CA 	110	 -45.991	  -3.666	  31.757
806	 CA 	111	 -48.064	  -0.849	  33.219
821	 CA 	112	 -49.850	   2.268	  31.946
894	 CA 	116	 -56.146	   1.149	  36.775
1467	 CA 	151	 -38.725	   1.864	  -4.387
1477	 CA 	152	 -41.455	   2.184	  -7.099
1497	 CA 	153	 -40.585	   5.941	  -7.478
2201	 CA 	197	 -32.424	   7.142	  -8.631
2279	 CA 	202	 -31.712	   3.339	  -0.908
2324	 CA 	206	 -31.340	  -1.545	   2.258
2373	 CA 	209	 -23.242	  -0.240	  -2.327
2380	 CA 	210	 -22.697	   3.255	  -3.519
5325	 CA 	395	 -25.400	 -17.891	  22.497
5344	 CA 	396	 -27.443	 -16.049	  25.197
5356	 CA 	397	 -26.483	 -12.692	  23.793
5367	 CA 	398	 -23.955	 -11.176	  21.204
6370	 CA 	462	 -18.055	 -12.808	   3.802
6406	 CA 	465	 -19.150	 -16.951	   6.252
6933	 CA 	500	 -14.224	 -12.108	  15.430
6980	 CA 	503	 -14.950	 -13.231	  10.555
21341	CLA 	735	 -21.863	   2.658	   0.675
21342	CLA 	736	 -25.626	  -2.506	 -15.034
21344	CLA 	736	  33.823	   5.505	 -11.250
