786	 CA 	110	 -44.231	   2.115	  36.268
806	 CA 	111	 -47.495	   3.756	  37.420
821	 CA 	112	 -50.190	   6.174	  36.323
894	 CA 	116	 -55.069	   4.646	  40.356
1467	 CA 	151	 -38.623	   2.406	  -3.248
1477	 CA 	152	 -41.686	   3.099	  -5.444
1497	 CA 	153	 -40.266	   6.485	  -6.243
2201	 CA 	197	 -32.011	   6.833	  -7.222
2279	 CA 	202	 -30.633	   3.077	   0.547
2324	 CA 	206	 -30.206	  -0.568	   4.527
2373	 CA 	209	 -23.006	  -0.390	  -1.506
2380	 CA 	210	 -22.231	   3.061	  -3.207
5325	 CA 	395	 -23.042	 -17.294	  23.106
5344	 CA 	396	 -22.892	 -15.169	  26.260
5356	 CA 	397	 -23.450	 -11.955	  24.264
5367	 CA 	398	 -20.951	 -10.060	  22.082
6370	 CA 	462	 -17.690	 -12.514	   4.376
6406	 CA 	465	 -18.946	 -16.650	   7.502
6933	 CA 	500	 -12.731	 -11.783	  15.032
6980	 CA 	503	 -13.822	 -13.031	  10.540
21341	CLA 	735	 -22.274	   1.793	   4.787
21342	CLA 	736	 -24.592	  -2.681	 -14.666
21344	CLA 	736	  19.949	  65.139	 -31.243
