786	 CA 	110	 -48.499	  -3.257	  32.234
806	 CA 	111	 -50.764	  -0.293	  33.242
821	 CA 	112	 -53.512	   1.931	  31.601
894	 CA 	116	 -60.531	   0.627	  34.302
1467	 CA 	151	 -38.617	   1.201	  -3.939
1477	 CA 	152	 -41.621	   1.928	  -6.284
1497	 CA 	153	 -40.329	   5.605	  -6.561
2201	 CA 	197	 -32.241	   7.209	  -7.413
2279	 CA 	202	 -31.038	   3.029	   0.181
2324	 CA 	206	 -31.223	  -1.748	   3.124
2373	 CA 	209	 -23.146	  -0.613	  -2.279
2380	 CA 	210	 -22.141	   2.962	  -3.282
5325	 CA 	395	 -24.521	 -19.344	  23.636
5344	 CA 	396	 -28.313	 -19.040	  23.199
5356	 CA 	397	 -28.295	 -15.543	  21.660
5367	 CA 	398	 -25.426	 -13.456	  20.180
6370	 CA 	462	 -18.008	 -12.771	   3.717
6406	 CA 	465	 -19.009	 -17.519	   6.252
6933	 CA 	500	 -14.030	 -12.522	  14.885
6980	 CA 	503	 -14.672	 -13.381	  10.158
21341	CLA 	735	 -21.549	   2.671	   2.137
21342	CLA 	736	 -24.302	  -2.031	 -15.330
21344	CLA 	736	  32.113	   5.386	 -13.172
