786	 CA 	110	 -45.247	  -2.921	  33.276
806	 CA 	111	 -47.374	   0.207	  34.207
821	 CA 	112	 -48.257	   3.674	  32.828
894	 CA 	116	 -55.005	   4.636	  36.665
1467	 CA 	151	 -38.253	   1.583	  -4.522
1477	 CA 	152	 -41.470	   2.065	  -6.751
1497	 CA 	153	 -40.242	   5.640	  -7.371
2201	 CA 	197	 -32.147	   6.770	  -8.072
2279	 CA 	202	 -30.692	   3.115	  -0.086
2324	 CA 	206	 -30.643	  -1.794	   3.659
2373	 CA 	209	 -22.945	  -0.712	  -1.842
2380	 CA 	210	 -22.438	   2.750	  -3.045
5325	 CA 	395	 -26.242	 -17.752	  21.324
5344	 CA 	396	 -26.682	 -15.487	  24.488
5356	 CA 	397	 -26.259	 -12.200	  22.619
5367	 CA 	398	 -23.253	 -10.500	  20.955
6370	 CA 	462	 -17.796	 -12.925	   4.179
6406	 CA 	465	 -19.270	 -17.048	   6.435
6933	 CA 	500	 -13.724	 -13.251	  15.213
6980	 CA 	503	 -14.420	 -13.586	  10.492
21341	CLA 	735	 -22.415	   1.859	   4.482
21342	CLA 	736	 -25.112	  -3.620	 -15.238
21344	CLA 	736	  34.604	  -1.794	 -38.238
