786	 CA 	110	 -48.207	  -1.843	  33.640
806	 CA 	111	 -50.968	   0.506	  34.866
821	 CA 	112	 -52.545	   3.774	  33.317
894	 CA 	116	 -58.900	   4.238	  37.699
1467	 CA 	151	 -38.758	   2.150	  -3.804
1477	 CA 	152	 -41.809	   2.827	  -6.010
1497	 CA 	153	 -40.647	   6.323	  -6.916
2201	 CA 	197	 -32.769	   7.396	  -8.157
2279	 CA 	202	 -30.990	   3.695	  -0.690
2324	 CA 	206	 -31.432	  -1.556	   2.804
2373	 CA 	209	 -23.060	  -0.374	  -2.397
2380	 CA 	210	 -22.582	   3.218	  -3.396
5325	 CA 	395	 -25.994	 -17.164	  21.120
5344	 CA 	396	 -26.304	 -14.584	  24.017
5356	 CA 	397	 -25.637	 -12.089	  21.085
5367	 CA 	398	 -22.425	 -10.757	  19.647
6370	 CA 	462	 -17.865	 -13.040	   3.417
6406	 CA 	465	 -18.879	 -17.071	   6.102
6933	 CA 	500	 -13.940	 -12.747	  15.489
6980	 CA 	503	 -14.541	 -13.147	  10.466
21341	CLA 	735	 -23.113	   3.572	   4.473
21342	CLA 	736	 -24.695	  -2.423	 -15.555
21344	CLA 	736	  36.503	   3.719	 -13.184
