786	 CA 	110	 -48.092	  -2.891	  31.554
806	 CA 	111	 -50.011	   0.279	  32.863
821	 CA 	112	 -51.555	   3.336	  31.116
894	 CA 	116	 -58.186	   2.644	  34.967
1467	 CA 	151	 -39.172	   1.907	  -4.641
1477	 CA 	152	 -42.021	   2.652	  -7.102
1497	 CA 	153	 -40.719	   6.261	  -7.393
2201	 CA 	197	 -32.292	   7.310	  -8.227
2279	 CA 	202	 -31.581	   3.611	  -0.580
2324	 CA 	206	 -31.130	  -1.101	   2.689
2373	 CA 	209	 -23.097	  -0.309	  -2.731
2380	 CA 	210	 -22.076	   3.322	  -3.571
5325	 CA 	395	 -25.038	 -17.845	  23.783
5344	 CA 	396	 -28.824	 -17.126	  24.329
5356	 CA 	397	 -28.128	 -13.900	  22.134
5367	 CA 	398	 -24.960	 -11.929	  21.089
6370	 CA 	462	 -18.541	 -12.781	   4.383
6406	 CA 	465	 -19.800	 -16.602	   6.568
6933	 CA 	500	 -14.525	 -12.380	  15.051
6980	 CA 	503	 -15.146	 -13.327	  10.468
21341	CLA 	735	 -21.309	   2.998	   1.125
21342	CLA 	736	 -25.014	  -2.864	 -14.739
21344	CLA 	736	  33.387	   5.862	 -10.367
