786	 CA 	110	 -45.070	   2.280	  35.613
806	 CA 	111	 -48.085	   4.040	  36.967
821	 CA 	112	 -50.493	   6.518	  35.319
894	 CA 	116	 -55.710	   4.382	  39.562
1467	 CA 	151	 -38.761	   2.466	  -3.671
1477	 CA 	152	 -41.752	   2.983	  -6.173
1497	 CA 	153	 -40.557	   6.642	  -6.902
2201	 CA 	197	 -32.092	   6.762	  -7.152
2279	 CA 	202	 -30.716	   3.298	   0.661
2324	 CA 	206	 -30.414	  -1.376	   4.520
2373	 CA 	209	 -22.641	  -0.283	  -0.948
2380	 CA 	210	 -22.051	   2.988	  -2.684
5325	 CA 	395	 -23.478	 -17.418	  23.501
5344	 CA 	396	 -23.058	 -15.048	  26.521
5356	 CA 	397	 -23.700	 -12.020	  24.135
5367	 CA 	398	 -21.132	 -10.257	  22.021
6370	 CA 	462	 -17.626	 -12.962	   4.942
6406	 CA 	465	 -18.874	 -16.861	   7.408
6933	 CA 	500	 -11.859	 -11.654	  15.131
6980	 CA 	503	 -13.708	 -13.077	  10.686
21341	CLA 	735	 -22.360	   3.160	   5.070
21342	CLA 	736	 -24.329	  -2.608	 -14.662
21344	CLA 	736	  20.003	  66.005	 -29.348
