786	 CA 	110	 -46.635	  -1.581	  32.734
806	 CA 	111	 -48.826	   1.421	  33.889
821	 CA 	112	 -50.286	   4.330	  31.909
894	 CA 	116	 -56.785	   4.224	  35.600
1467	 CA 	151	 -39.180	   1.772	  -4.230
1477	 CA 	152	 -41.963	   2.145	  -6.824
1497	 CA 	153	 -40.799	   5.772	  -7.388
2201	 CA 	197	 -32.608	   6.790	  -8.512
2279	 CA 	202	 -31.886	   3.168	  -0.823
2324	 CA 	206	 -31.154	  -1.444	   3.105
2373	 CA 	209	 -23.120	  -0.416	  -1.858
2380	 CA 	210	 -22.400	   3.113	  -3.068
5325	 CA 	395	 -25.609	 -19.352	  21.304
5344	 CA 	396	 -28.120	 -16.983	  23.015
5356	 CA 	397	 -27.544	 -13.343	  22.097
5367	 CA 	398	 -24.950	 -11.618	  20.015
6370	 CA 	462	 -17.745	 -12.620	   3.726
6406	 CA 	465	 -18.569	 -16.804	   5.881
6933	 CA 	500	 -14.434	 -12.367	  15.015
6980	 CA 	503	 -14.659	 -13.454	  10.159
21341	CLA 	735	 -21.447	   2.241	   0.781
21342	CLA 	736	 -24.107	  -2.527	 -14.909
21344	CLA 	736	  34.266	   4.795	 -11.494
