786	 CA 	110	 -48.267	  -2.083	  32.947
806	 CA 	111	 -50.212	   0.852	  34.516
821	 CA 	112	 -50.754	   4.480	  33.395
894	 CA 	116	 -58.505	   4.229	  35.941
1467	 CA 	151	 -39.163	   3.145	  -4.132
1477	 CA 	152	 -42.044	   3.554	  -6.658
1497	 CA 	153	 -40.650	   7.089	  -7.514
2201	 CA 	197	 -32.462	   7.170	  -8.458
2279	 CA 	202	 -32.088	   3.724	  -0.700
2324	 CA 	206	 -31.807	  -1.522	   2.666
2373	 CA 	209	 -23.085	  -0.193	  -2.228
2380	 CA 	210	 -21.396	   3.168	  -2.908
5325	 CA 	395	 -28.196	 -16.632	  20.522
5344	 CA 	396	 -28.898	 -14.279	  23.472
5356	 CA 	397	 -28.321	 -10.988	  21.500
5367	 CA 	398	 -26.369	  -9.975	  18.288
6370	 CA 	462	 -18.735	 -13.089	   3.541
6406	 CA 	465	 -20.237	 -17.012	   5.803
6933	 CA 	500	 -15.219	 -12.750	  15.229
6980	 CA 	503	 -15.696	 -13.841	  10.238
21341	CLA 	735	 -22.453	   3.267	   3.294
21342	CLA 	736	 -24.373	  -2.876	 -15.001
21344	CLA 	736	  37.275	   6.428	 -11.581
