786	 CA 	110	 -47.024	  -2.329	  33.351
806	 CA 	111	 -48.948	   0.952	  33.963
821	 CA 	112	 -49.483	   4.150	  31.901
894	 CA 	116	 -56.137	   5.339	  34.058
1467	 CA 	151	 -38.537	   2.456	  -4.244
1477	 CA 	152	 -41.375	   2.997	  -6.752
1497	 CA 	153	 -40.175	   6.461	  -7.355
2201	 CA 	197	 -31.899	   6.915	  -7.528
2279	 CA 	202	 -31.248	   3.246	   0.240
2324	 CA 	206	 -31.139	  -1.524	   3.335
2373	 CA 	209	 -22.884	  -0.292	  -1.398
2380	 CA 	210	 -22.424	   3.072	  -2.983
5325	 CA 	395	 -27.094	 -18.052	  21.304
5344	 CA 	396	 -27.544	 -15.621	  24.224
5356	 CA 	397	 -27.064	 -12.591	  22.005
5367	 CA 	398	 -23.915	 -11.057	  20.579
6370	 CA 	462	 -18.064	 -12.779	   3.965
6406	 CA 	465	 -19.492	 -17.233	   6.167
6933	 CA 	500	 -14.669	 -12.604	  15.090
6980	 CA 	503	 -14.995	 -13.499	  10.227
21341	CLA 	735	 -23.178	   2.283	   4.476
21342	CLA 	736	 -24.305	  -2.829	 -14.938
21344	CLA 	736	  35.689	  -8.139	 -41.282
