786	 CA 	110	 -50.578	   3.428	  32.702
806	 CA 	111	 -53.034	   6.065	  34.217
821	 CA 	112	 -55.811	   7.408	  31.791
894	 CA 	116	 -62.648	   3.315	  32.111
1467	 CA 	151	 -39.076	   1.720	  -3.453
1477	 CA 	152	 -42.169	   2.066	  -5.696
1497	 CA 	153	 -40.976	   5.555	  -6.594
2201	 CA 	197	 -31.969	   6.595	  -7.052
2279	 CA 	202	 -30.938	   3.299	   0.406
2324	 CA 	206	 -30.752	  -1.518	   2.969
2373	 CA 	209	 -22.674	  -0.507	  -1.993
2380	 CA 	210	 -20.923	   2.927	  -2.114
5325	 CA 	395	 -22.346	 -19.412	  24.869
5344	 CA 	396	 -26.047	 -19.424	  23.725
5356	 CA 	397	 -26.959	 -15.961	  22.536
5367	 CA 	398	 -24.546	 -13.725	  20.668
6370	 CA 	462	 -17.692	 -12.981	   3.808
6406	 CA 	465	 -19.133	 -16.965	   6.663
6933	 CA 	500	 -13.063	 -11.909	  14.422
6980	 CA 	503	 -14.228	 -13.069	  10.167
21341	CLA 	735	 -22.281	   0.009	   4.206
21342	CLA 	736	 -24.579	  -1.768	 -15.003
21344	CLA 	736	  29.715	   3.277	 -15.024
