786	 CA 	110	 -49.961	  -4.104	  33.499
806	 CA 	111	 -51.916	  -0.875	  34.430
821	 CA 	112	 -52.409	   2.564	  33.060
894	 CA 	116	 -59.434	   2.245	  35.304
1467	 CA 	151	 -38.699	   2.228	  -3.920
1477	 CA 	152	 -41.728	   2.758	  -6.492
1497	 CA 	153	 -40.559	   6.291	  -7.195
2201	 CA 	197	 -31.755	   7.062	  -8.111
2279	 CA 	202	 -31.382	   3.406	  -0.481
2324	 CA 	206	 -31.141	  -1.462	   2.642
2373	 CA 	209	 -22.742	  -0.739	  -2.545
2380	 CA 	210	 -21.667	   2.910	  -2.836
5325	 CA 	395	 -27.195	 -17.786	  19.948
5344	 CA 	396	 -28.092	 -15.515	  22.811
5356	 CA 	397	 -27.681	 -12.078	  20.981
5367	 CA 	398	 -25.399	 -10.801	  18.244
6370	 CA 	462	 -18.549	 -13.011	   3.684
6406	 CA 	465	 -19.262	 -17.411	   5.913
6933	 CA 	500	 -14.443	 -13.214	  15.333
6980	 CA 	503	 -15.021	 -13.877	  10.282
21341	CLA 	735	 -23.253	   2.965	   3.031
21342	CLA 	736	 -23.833	  -2.263	 -15.376
21344	CLA 	736	  37.496	   6.686	 -11.409
