786	 CA 	110	 -48.806	   0.386	  33.488
806	 CA 	111	 -50.902	   3.288	  34.791
821	 CA 	112	 -52.941	   5.749	  32.741
894	 CA 	116	 -60.104	   4.727	  35.365
1467	 CA 	151	 -38.562	   2.269	  -3.598
1477	 CA 	152	 -41.581	   2.640	  -5.900
1497	 CA 	153	 -40.369	   6.053	  -6.736
2201	 CA 	197	 -32.063	   6.856	  -7.655
2279	 CA 	202	 -31.100	   3.616	   0.467
2324	 CA 	206	 -31.258	  -1.770	   3.384
2373	 CA 	209	 -22.407	  -0.507	  -1.772
2380	 CA 	210	 -21.705	   3.111	  -2.749
5325	 CA 	395	 -23.516	 -18.149	  25.945
5344	 CA 	396	 -27.226	 -18.719	  25.493
5356	 CA 	397	 -28.870	 -15.539	  24.352
5367	 CA 	398	 -27.148	 -13.634	  21.492
6370	 CA 	462	 -18.013	 -12.444	   4.485
6406	 CA 	465	 -19.251	 -16.351	   6.725
6933	 CA 	500	 -14.320	 -11.735	  15.344
6980	 CA 	503	 -14.931	 -12.628	  10.674
21341	CLA 	735	 -23.339	   3.662	   3.463
21342	CLA 	736	 -24.604	  -2.291	 -14.865
21344	CLA 	736	  35.372	   5.526	 -12.554
