786	 CA 	110	 -46.360	  -0.213	  32.416
806	 CA 	111	 -48.541	   2.747	  33.569
821	 CA 	112	 -50.953	   5.378	  32.111
894	 CA 	116	 -56.652	   5.313	  36.983
1467	 CA 	151	 -39.381	   2.166	  -4.683
1477	 CA 	152	 -42.047	   3.015	  -7.402
1497	 CA 	153	 -40.505	   6.462	  -8.131
2201	 CA 	197	 -32.461	   7.227	  -8.692
2279	 CA 	202	 -31.844	   3.925	  -0.476
2324	 CA 	206	 -31.505	  -0.848	   2.641
2373	 CA 	209	 -23.081	   0.095	  -1.530
2380	 CA 	210	 -22.317	   3.467	  -2.974
5325	 CA 	395	 -25.704	 -17.318	  24.271
5344	 CA 	396	 -29.356	 -16.037	  24.918
5356	 CA 	397	 -28.464	 -12.439	  23.872
5367	 CA 	398	 -25.640	 -10.930	  21.901
6370	 CA 	462	 -18.646	 -12.359	   4.110
6406	 CA 	465	 -20.152	 -16.530	   6.504
6933	 CA 	500	 -15.237	 -11.859	  15.282
6980	 CA 	503	 -15.474	 -12.853	  10.379
21341	CLA 	735	 -21.784	   3.129	   1.582
21342	CLA 	736	 -24.791	  -2.555	 -14.767
21344	CLA 	736	  35.037	   4.476	 -10.088
