786	 CA 	110	 -43.608	  -3.791	  34.556
806	 CA 	111	 -45.642	  -0.982	  35.890
821	 CA 	112	 -47.210	   2.414	  34.514
894	 CA 	116	 -54.769	   2.475	  36.759
1467	 CA 	151	 -38.525	   1.176	  -3.408
1477	 CA 	152	 -41.146	   2.252	  -5.842
1497	 CA 	153	 -39.759	   5.869	  -6.084
2201	 CA 	197	 -31.725	   6.840	  -6.828
2279	 CA 	202	 -30.846	   2.559	   0.639
2324	 CA 	206	 -30.459	  -2.289	   4.011
2373	 CA 	209	 -22.832	   0.038	  -1.153
2380	 CA 	210	 -21.790	   3.368	  -2.774
5325	 CA 	395	 -25.190	 -19.145	  21.057
5344	 CA 	396	 -24.738	 -16.925	  24.088
5356	 CA 	397	 -24.961	 -13.659	  22.111
5367	 CA 	398	 -22.166	 -11.603	  20.687
6370	 CA 	462	 -17.376	 -13.520	   3.821
6406	 CA 	465	 -18.652	 -17.892	   5.913
6933	 CA 	500	 -13.637	 -13.602	  14.937
6980	 CA 	503	 -14.222	 -14.412	  10.122
21341	CLA 	735	 -23.088	   2.562	   3.554
21342	CLA 	736	 -23.804	  -3.325	 -14.873
21344	CLA 	736	  30.337	  19.624	 -45.180
