786	 CA 	110	 -48.828	   0.052	  32.628
806	 CA 	111	 -50.444	   3.456	  32.625
821	 CA 	112	 -53.447	   5.176	  30.976
894	 CA 	116	 -58.454	   4.494	  35.266
1467	 CA 	151	 -39.276	   2.146	  -4.193
1477	 CA 	152	 -42.148	   2.953	  -6.805
1497	 CA 	153	 -40.684	   6.490	  -7.329
2201	 CA 	197	 -32.548	   7.124	  -8.021
2279	 CA 	202	 -31.832	   3.302	  -0.069
2324	 CA 	206	 -31.437	  -1.341	   3.319
2373	 CA 	209	 -22.686	  -0.140	  -2.055
2380	 CA 	210	 -21.636	   3.281	  -3.254
5325	 CA 	395	 -25.431	 -19.066	  20.615
5344	 CA 	396	 -25.687	 -16.997	  23.774
5356	 CA 	397	 -25.754	 -13.533	  22.016
5367	 CA 	398	 -23.072	 -11.230	  20.506
6370	 CA 	462	 -18.590	 -12.970	   4.019
6406	 CA 	465	 -19.560	 -17.037	   6.013
6933	 CA 	500	 -14.380	 -12.703	  15.193
6980	 CA 	503	 -15.079	 -13.813	  10.223
21341	CLA 	735	 -23.203	   2.860	   3.741
21342	CLA 	736	 -24.968	  -2.608	 -14.731
21344	CLA 	736	  34.452	   5.069	 -10.851
