786	 CA 	110	 -46.688	  -1.009	  33.078
806	 CA 	111	 -47.753	   2.525	  33.519
821	 CA 	112	 -50.611	   4.600	  32.063
894	 CA 	116	 -55.400	   3.994	  37.496
1467	 CA 	151	 -38.729	   1.825	  -3.655
1477	 CA 	152	 -41.625	   2.631	  -6.127
1497	 CA 	153	 -40.293	   6.147	  -6.662
2201	 CA 	197	 -32.585	   6.750	  -7.586
2279	 CA 	202	 -31.500	   3.385	   0.385
2324	 CA 	206	 -30.577	  -1.799	   3.830
2373	 CA 	209	 -22.757	  -0.739	  -1.689
2380	 CA 	210	 -21.836	   2.631	  -3.264
5325	 CA 	395	 -25.328	 -17.434	  21.161
5344	 CA 	396	 -25.690	 -15.834	  24.541
5356	 CA 	397	 -25.732	 -12.310	  22.994
5367	 CA 	398	 -22.419	 -10.888	  21.805
6370	 CA 	462	 -17.680	 -13.104	   4.028
6406	 CA 	465	 -18.881	 -17.037	   6.266
6933	 CA 	500	 -13.319	 -12.546	  15.138
6980	 CA 	503	 -14.450	 -13.533	  10.415
21341	CLA 	735	 -22.569	   2.238	   3.903
21342	CLA 	736	 -24.922	  -2.974	 -14.696
21344	CLA 	736	  34.428	   6.732	 -11.776
