786	 CA 	110	 -48.640	  -1.747	  32.858
806	 CA 	111	 -51.277	   1.031	  33.522
821	 CA 	112	 -53.098	   3.919	  31.526
894	 CA 	116	 -60.516	   2.769	  34.737
1467	 CA 	151	 -39.106	   1.805	  -3.734
1477	 CA 	152	 -41.912	   2.452	  -6.239
1497	 CA 	153	 -40.522	   6.083	  -6.692
2201	 CA 	197	 -32.393	   7.358	  -7.666
2279	 CA 	202	 -31.566	   3.486	  -0.240
2324	 CA 	206	 -31.335	  -1.371	   2.442
2373	 CA 	209	 -22.882	   0.029	  -1.927
2380	 CA 	210	 -22.064	   3.666	  -3.106
5325	 CA 	395	 -25.153	 -17.470	  23.731
5344	 CA 	396	 -28.659	 -16.808	  25.090
5356	 CA 	397	 -28.733	 -13.181	  23.630
5367	 CA 	398	 -26.005	 -11.184	  21.709
6370	 CA 	462	 -18.408	 -12.682	   4.049
6406	 CA 	465	 -19.700	 -16.592	   6.426
6933	 CA 	500	 -14.902	 -12.422	  15.391
6980	 CA 	503	 -15.225	 -12.760	  10.466
21341	CLA 	735	 -21.902	   3.124	   1.627
21342	CLA 	736	 -24.567	  -3.033	 -14.589
21344	CLA 	736	  34.820	   6.727	  -9.765
