786	 CA 	110	 -44.737	  -2.418	  34.063
806	 CA 	111	 -46.607	   0.682	  35.064
821	 CA 	112	 -47.949	   3.395	  32.739
894	 CA 	116	 -54.281	   2.912	  34.775
1467	 CA 	151	 -39.143	   2.071	  -3.778
1477	 CA 	152	 -42.061	   2.306	  -6.248
1497	 CA 	153	 -40.773	   5.827	  -7.266
2201	 CA 	197	 -32.636	   6.540	  -7.565
2279	 CA 	202	 -32.146	   2.550	   0.070
2324	 CA 	206	 -31.416	  -3.117	   2.459
2373	 CA 	209	 -23.378	  -0.250	  -2.584
2380	 CA 	210	 -22.528	   3.345	  -3.247
5325	 CA 	395	 -26.620	 -18.712	  19.835
5344	 CA 	396	 -27.020	 -16.842	  23.207
5356	 CA 	397	 -26.985	 -13.460	  21.313
5367	 CA 	398	 -23.427	 -12.500	  20.181
6370	 CA 	462	 -18.346	 -13.099	   3.404
6406	 CA 	465	 -19.431	 -17.308	   5.538
6933	 CA 	500	 -14.608	 -13.079	  14.907
6980	 CA 	503	 -15.075	 -13.783	   9.769
21341	CLA 	735	 -24.384	   2.149	   2.907
21342	CLA 	736	 -24.204	  -3.078	 -14.762
21344	CLA 	736	  35.203	  -0.315	 -21.628
