786	 CA 	110	 -48.051	  -1.823	  33.831
806	 CA 	111	 -50.252	   1.275	  34.072
821	 CA 	112	 -51.844	   3.551	  31.375
894	 CA 	116	 -57.584	   3.455	  35.529
1467	 CA 	151	 -39.010	   1.484	  -4.102
1477	 CA 	152	 -41.880	   2.122	  -6.599
1497	 CA 	153	 -40.600	   5.734	  -7.321
2201	 CA 	197	 -32.689	   6.933	  -7.764
2279	 CA 	202	 -31.582	   3.151	  -0.241
2324	 CA 	206	 -31.123	  -1.659	   3.660
2373	 CA 	209	 -22.847	   0.053	  -1.995
2380	 CA 	210	 -21.972	   3.611	  -2.842
5325	 CA 	395	 -25.812	 -17.511	  20.767
5344	 CA 	396	 -26.409	 -15.381	  23.823
5356	 CA 	397	 -25.895	 -12.388	  21.462
5367	 CA 	398	 -22.627	 -10.566	  20.313
6370	 CA 	462	 -17.673	 -12.886	   3.634
6406	 CA 	465	 -18.741	 -17.731	   6.187
6933	 CA 	500	 -13.906	 -12.268	  15.015
6980	 CA 	503	 -14.623	 -13.401	   9.877
21341	CLA 	735	 -23.305	   3.643	   3.461
21342	CLA 	736	 -25.383	  -3.330	 -14.324
21344	CLA 	736	  34.378	   6.423	 -10.701
