786	 CA 	110	 -46.123	  -2.547	  34.439
806	 CA 	111	 -48.546	   0.238	  35.097
821	 CA 	112	 -50.535	   2.985	  33.289
894	 CA 	116	 -55.963	   3.067	  37.691
1467	 CA 	151	 -38.642	   1.908	  -3.244
1477	 CA 	152	 -41.700	   2.437	  -5.513
1497	 CA 	153	 -40.728	   6.064	  -6.398
2201	 CA 	197	 -32.307	   7.045	  -7.449
2279	 CA 	202	 -30.795	   3.515	   0.389
2324	 CA 	206	 -30.640	  -1.320	   3.628
2373	 CA 	209	 -23.151	  -0.284	  -2.464
2380	 CA 	210	 -22.261	   3.334	  -3.244
5325	 CA 	395	 -25.721	 -17.236	  21.623
5344	 CA 	396	 -24.314	 -14.943	  24.312
5356	 CA 	397	 -25.311	 -11.981	  22.098
5367	 CA 	398	 -22.638	 -10.727	  19.614
6370	 CA 	462	 -17.607	 -12.803	   4.115
6406	 CA 	465	 -18.842	 -17.184	   6.357
6933	 CA 	500	 -14.320	 -12.582	  15.500
6980	 CA 	503	 -14.457	 -13.160	  10.376
21341	CLA 	735	 -23.009	   3.983	   4.317
21342	CLA 	736	 -24.917	  -2.869	 -14.527
21344	CLA 	736	  35.189	   6.665	 -15.403
