786	 CA 	110	 -45.081	  -4.075	  33.301
806	 CA 	111	 -46.894	  -1.159	  34.930
821	 CA 	112	 -47.965	   2.318	  33.435
894	 CA 	116	 -54.856	   4.428	  35.788
1467	 CA 	151	 -38.696	   1.445	  -4.099
1477	 CA 	152	 -41.648	   1.984	  -6.626
1497	 CA 	153	 -40.343	   5.550	  -7.227
2201	 CA 	197	 -32.290	   6.396	  -7.775
2279	 CA 	202	 -31.518	   3.078	  -0.005
2324	 CA 	206	 -30.929	  -2.064	   3.833
2373	 CA 	209	 -23.166	  -0.233	  -1.290
2380	 CA 	210	 -22.455	   3.119	  -2.997
5325	 CA 	395	 -25.214	 -18.947	  22.219
5344	 CA 	396	 -25.244	 -16.774	  25.380
5356	 CA 	397	 -25.862	 -13.794	  22.980
5367	 CA 	398	 -23.117	 -11.553	  21.647
6370	 CA 	462	 -17.849	 -12.832	   4.242
6406	 CA 	465	 -19.242	 -16.934	   6.432
6933	 CA 	500	 -14.177	 -12.677	  15.274
6980	 CA 	503	 -14.742	 -13.470	  10.558
21341	CLA 	735	 -23.365	   2.448	   4.667
21342	CLA 	736	 -24.058	  -2.443	 -14.974
21344	CLA 	736	  22.547	   9.706	 -39.843
