786	 CA 	110	 -49.330	  -1.487	  30.874
806	 CA 	111	 -51.328	   1.649	  31.681
821	 CA 	112	 -53.377	   4.445	  29.996
894	 CA 	116	 -57.887	   3.361	  34.635
1467	 CA 	151	 -39.035	   1.651	  -4.708
1477	 CA 	152	 -41.855	   2.715	  -7.022
1497	 CA 	153	 -40.468	   6.283	  -7.623
2201	 CA 	197	 -32.336	   7.381	  -8.050
2279	 CA 	202	 -31.691	   2.909	  -0.711
2324	 CA 	206	 -31.699	  -1.712	   2.717
2373	 CA 	209	 -23.466	  -1.066	  -2.445
2380	 CA 	210	 -22.532	   2.461	  -3.480
5325	 CA 	395	 -26.603	 -18.994	  19.334
5344	 CA 	396	 -26.197	 -17.654	  22.974
5356	 CA 	397	 -27.072	 -14.039	  22.226
5367	 CA 	398	 -24.363	 -11.633	  21.151
6370	 CA 	462	 -18.849	 -12.673	   3.820
6406	 CA 	465	 -20.004	 -16.992	   6.065
6933	 CA 	500	 -14.941	 -12.631	  15.081
6980	 CA 	503	 -15.612	 -13.706	  10.145
21341	CLA 	735	 -22.813	   2.904	   3.158
21342	CLA 	736	 -24.815	  -2.324	 -15.282
21344	CLA 	736	  34.755	   3.118	 -10.613
