786	 CA 	110	 -48.417	  -3.227	  30.952
806	 CA 	111	 -50.931	  -0.594	  32.290
821	 CA 	112	 -52.785	   2.532	  31.100
894	 CA 	116	 -59.772	   3.047	  34.157
1467	 CA 	151	 -38.685	   1.498	  -4.342
1477	 CA 	152	 -41.741	   1.999	  -6.711
1497	 CA 	153	 -40.522	   5.526	  -7.251
2201	 CA 	197	 -31.872	   6.609	  -7.991
2279	 CA 	202	 -30.880	   2.967	  -0.273
2324	 CA 	206	 -31.177	  -1.626	   3.062
2373	 CA 	209	 -22.896	  -0.386	  -1.933
2380	 CA 	210	 -22.596	   3.278	  -3.060
5325	 CA 	395	 -24.614	 -18.669	  23.426
5344	 CA 	396	 -28.488	 -18.527	  24.078
5356	 CA 	397	 -28.691	 -15.024	  22.432
5367	 CA 	398	 -26.142	 -12.810	  20.620
6370	 CA 	462	 -17.696	 -12.923	   4.103
6406	 CA 	465	 -19.282	 -16.993	   6.394
6933	 CA 	500	 -14.127	 -12.111	  15.233
6980	 CA 	503	 -14.918	 -13.042	  10.555
21341	CLA 	735	 -22.092	   3.370	   2.304
21342	CLA 	736	 -24.346	  -2.371	 -15.186
21344	CLA 	736	  34.926	   6.372	 -12.275
