786	 CA 	110	 -44.276	  -2.952	  34.620
806	 CA 	111	 -46.891	  -0.710	  36.175
821	 CA 	112	 -48.996	   2.079	  34.666
894	 CA 	116	 -55.822	   2.091	  36.955
1467	 CA 	151	 -38.971	   1.713	  -4.278
1477	 CA 	152	 -41.901	   2.567	  -6.544
1497	 CA 	153	 -40.773	   6.133	  -7.456
2201	 CA 	197	 -32.220	   6.751	  -7.571
2279	 CA 	202	 -30.998	   2.757	   0.086
2324	 CA 	206	 -30.675	  -1.668	   3.771
2373	 CA 	209	 -22.886	  -0.399	  -1.099
2380	 CA 	210	 -22.127	   2.713	  -3.040
5325	 CA 	395	 -24.708	 -17.728	  22.561
5344	 CA 	396	 -24.883	 -15.117	  25.354
5356	 CA 	397	 -25.520	 -12.182	  22.895
5367	 CA 	398	 -22.576	 -10.604	  21.019
6370	 CA 	462	 -17.639	 -13.130	   3.931
6406	 CA 	465	 -19.028	 -17.422	   6.389
6933	 CA 	500	 -13.638	 -13.031	  15.032
6980	 CA 	503	 -14.363	 -13.774	  10.323
21341	CLA 	735	 -23.198	   2.234	   4.874
21342	CLA 	736	 -24.367	  -2.945	 -14.487
21344	CLA 	736	  29.908	  21.674	 -44.823
