786	 CA 	110	 -48.295	   2.860	  35.161
806	 CA 	111	 -50.955	   5.128	  36.271
821	 CA 	112	 -53.646	   6.557	  33.930
894	 CA 	116	 -60.453	   2.341	  35.385
1467	 CA 	151	 -38.358	   0.655	  -2.397
1477	 CA 	152	 -41.427	   1.296	  -4.626
1497	 CA 	153	 -40.273	   5.017	  -5.173
2201	 CA 	197	 -32.066	   5.781	  -7.035
2279	 CA 	202	 -30.627	   2.943	   0.714
2324	 CA 	206	 -29.729	  -1.422	   3.683
2373	 CA 	209	 -22.373	  -0.430	  -2.272
2380	 CA 	210	 -21.551	   3.259	  -2.610
5325	 CA 	395	 -20.236	 -19.795	  26.190
5344	 CA 	396	 -23.785	 -20.590	  25.145
5356	 CA 	397	 -24.992	 -17.648	  22.966
5367	 CA 	398	 -22.429	 -15.468	  21.212
6370	 CA 	462	 -16.740	 -12.785	   4.626
6406	 CA 	465	 -17.965	 -16.329	   7.186
6933	 CA 	500	 -12.401	 -12.042	  14.797
6980	 CA 	503	 -13.374	 -13.014	  10.501
21341	CLA 	735	 -19.685	   0.822	  -0.043
21342	CLA 	736	 -24.605	  -2.512	 -15.031
21344	CLA 	736	  28.593	   3.665	 -14.297
