786	 CA 	110	 -49.693	   1.986	  33.572
806	 CA 	111	 -51.800	   4.939	  34.764
821	 CA 	112	 -54.179	   7.102	  32.696
894	 CA 	116	 -61.176	   3.617	  34.300
1467	 CA 	151	 -38.655	   1.958	  -3.529
1477	 CA 	152	 -41.693	   2.451	  -5.799
1497	 CA 	153	 -40.669	   6.126	  -6.325
2201	 CA 	197	 -32.260	   6.334	  -7.137
2279	 CA 	202	 -31.126	   2.968	   0.438
2324	 CA 	206	 -30.610	  -1.805	   2.784
2373	 CA 	209	 -22.429	  -0.959	  -2.256
2380	 CA 	210	 -21.477	   2.762	  -2.909
5325	 CA 	395	 -23.941	 -19.272	  25.768
5344	 CA 	396	 -27.462	 -18.534	  24.605
5356	 CA 	397	 -27.702	 -14.981	  22.916
5367	 CA 	398	 -24.640	 -14.074	  20.795
6370	 CA 	462	 -17.739	 -12.802	   4.246
6406	 CA 	465	 -19.247	 -16.870	   6.842
6933	 CA 	500	 -13.543	 -13.190	  15.955
6980	 CA 	503	 -14.191	 -13.712	  10.898
21341	CLA 	735	 -22.561	   2.854	   4.774
21342	CLA 	736	 -24.579	  -2.013	 -14.843
21344	CLA 	736	  29.239	   2.130	 -13.994
