786	 CA 	110	 -47.122	   0.787	  32.533
806	 CA 	111	 -49.557	   3.352	  33.956
821	 CA 	112	 -51.668	   6.034	  32.186
894	 CA 	116	 -57.102	   5.160	  37.014
1467	 CA 	151	 -39.367	   2.437	  -4.600
1477	 CA 	152	 -42.057	   3.161	  -7.281
1497	 CA 	153	 -40.730	   6.706	  -8.202
2201	 CA 	197	 -32.072	   7.565	  -8.622
2279	 CA 	202	 -31.989	   3.721	  -0.828
2324	 CA 	206	 -31.875	  -1.568	   2.649
2373	 CA 	209	 -23.095	  -0.480	  -2.102
2380	 CA 	210	 -22.562	   3.114	  -3.032
5325	 CA 	395	 -25.979	 -17.798	  24.017
5344	 CA 	396	 -29.438	 -16.447	  24.953
5356	 CA 	397	 -28.630	 -12.971	  23.699
5367	 CA 	398	 -25.616	 -11.441	  21.711
6370	 CA 	462	 -18.541	 -12.707	   4.086
6406	 CA 	465	 -20.002	 -16.465	   6.789
6933	 CA 	500	 -15.105	 -11.746	  15.140
6980	 CA 	503	 -15.494	 -12.653	  10.469
21341	CLA 	735	 -22.148	   3.405	   1.505
21342	CLA 	736	 -24.536	  -2.431	 -14.983
21344	CLA 	736	  33.678	   5.054	 -10.551
