786	 CA 	110	 -45.689	  -0.843	  32.794
806	 CA 	111	 -47.998	   1.791	  34.280
821	 CA 	112	 -50.130	   4.567	  32.698
894	 CA 	116	 -55.870	   3.854	  37.504
1467	 CA 	151	 -38.784	   2.740	  -4.024
1477	 CA 	152	 -41.516	   3.517	  -6.513
1497	 CA 	153	 -39.923	   7.107	  -7.046
2201	 CA 	197	 -32.030	   7.732	  -8.124
2279	 CA 	202	 -31.075	   3.816	  -0.344
2324	 CA 	206	 -31.101	  -0.625	   3.066
2373	 CA 	209	 -22.981	  -0.180	  -1.811
2380	 CA 	210	 -22.026	   3.292	  -3.283
5325	 CA 	395	 -26.293	 -18.844	  22.414
5344	 CA 	396	 -28.488	 -16.893	  24.834
5356	 CA 	397	 -28.208	 -13.531	  22.971
5367	 CA 	398	 -25.195	 -12.341	  20.746
6370	 CA 	462	 -18.426	 -12.549	   3.910
6406	 CA 	465	 -19.865	 -16.928	   6.119
6933	 CA 	500	 -14.823	 -12.957	  14.916
6980	 CA 	503	 -15.277	 -13.453	  10.032
21341	CLA 	735	 -21.484	   2.824	   1.103
21342	CLA 	736	 -24.451	  -1.954	 -15.117
21344	CLA 	736	  34.209	   3.118	 -10.115
