786	 CA 	110	 -47.933	  -3.165	  32.374
806	 CA 	111	 -49.812	  -0.209	  33.875
821	 CA 	112	 -52.507	   2.046	  32.248
894	 CA 	116	 -59.876	   1.625	  35.041
1467	 CA 	151	 -39.209	   1.229	  -3.862
1477	 CA 	152	 -42.060	   1.833	  -6.320
1497	 CA 	153	 -40.745	   5.429	  -6.949
2201	 CA 	197	 -32.333	   6.480	  -7.628
2279	 CA 	202	 -31.406	   3.103	   0.394
2324	 CA 	206	 -31.530	  -1.855	   2.946
2373	 CA 	209	 -22.979	  -0.498	  -2.258
2380	 CA 	210	 -22.107	   3.089	  -3.158
5325	 CA 	395	 -25.757	 -17.585	  22.961
5344	 CA 	396	 -29.515	 -17.148	  23.453
5356	 CA 	397	 -28.811	 -13.702	  22.167
5367	 CA 	398	 -25.828	 -11.800	  20.502
6370	 CA 	462	 -18.384	 -12.968	   3.944
6406	 CA 	465	 -19.781	 -17.020	   6.187
6933	 CA 	500	 -14.825	 -12.186	  14.739
6980	 CA 	503	 -15.240	 -13.452	   9.925
21341	CLA 	735	 -21.537	   2.574	   1.868
21342	CLA 	736	 -24.698	  -2.439	 -15.354
21344	CLA 	736	  34.513	   7.720	  -8.888
