786	 CA 	110	 -45.210	  -3.818	  32.855
806	 CA 	111	 -47.187	  -1.186	  34.780
821	 CA 	112	 -48.344	   2.200	  33.585
894	 CA 	116	 -55.700	   2.101	  36.001
1467	 CA 	151	 -38.666	   3.140	  -4.533
1477	 CA 	152	 -41.642	   3.488	  -6.844
1497	 CA 	153	 -40.224	   7.026	  -7.761
2201	 CA 	197	 -31.985	   7.655	  -8.321
2279	 CA 	202	 -31.790	   4.173	  -0.877
2324	 CA 	206	 -31.260	  -0.368	   2.607
2373	 CA 	209	 -23.182	  -0.092	  -2.359
2380	 CA 	210	 -21.588	   3.236	  -2.771
5325	 CA 	395	 -26.476	 -16.866	  21.215
5344	 CA 	396	 -25.952	 -14.679	  24.314
5356	 CA 	397	 -25.887	 -11.488	  22.193
5367	 CA 	398	 -22.616	 -10.369	  20.650
6370	 CA 	462	 -18.250	 -13.121	   3.627
6406	 CA 	465	 -19.492	 -17.076	   6.192
6933	 CA 	500	 -13.700	 -12.066	  14.997
6980	 CA 	503	 -15.006	 -13.146	  10.053
21341	CLA 	735	 -23.462	   3.009	   3.379
21342	CLA 	736	 -24.584	  -2.696	 -14.937
21344	CLA 	736	  31.732	   6.320	 -16.675
