786	 CA 	110	 -48.451	   2.497	  34.020
806	 CA 	111	 -50.538	   5.407	  35.325
821	 CA 	112	 -53.449	   6.407	  33.102
894	 CA 	116	 -60.025	   1.994	  34.515
1467	 CA 	151	 -38.561	   1.130	  -3.132
1477	 CA 	152	 -41.672	   1.709	  -5.344
1497	 CA 	153	 -40.896	   5.558	  -5.800
2201	 CA 	197	 -31.983	   5.956	  -7.157
2279	 CA 	202	 -30.898	   3.257	   0.844
2324	 CA 	206	 -29.886	  -1.257	   3.310
2373	 CA 	209	 -22.807	  -0.066	  -2.381
2380	 CA 	210	 -21.389	   3.443	  -2.515
5325	 CA 	395	 -20.200	 -20.777	  25.457
5344	 CA 	396	 -23.848	 -20.662	  24.482
5356	 CA 	397	 -24.332	 -17.494	  22.564
5367	 CA 	398	 -21.851	 -15.087	  20.743
6370	 CA 	462	 -16.659	 -12.890	   4.060
6406	 CA 	465	 -18.097	 -16.699	   6.664
6933	 CA 	500	 -11.835	 -12.498	  15.000
6980	 CA 	503	 -13.212	 -13.353	  10.251
21341	CLA 	735	 -19.460	   0.153	  -0.948
21342	CLA 	736	 -25.758	  -2.021	 -14.946
21344	CLA 	736	  29.795	   1.860	 -17.058
