786	 CA 	110	 -44.904	  -1.027	  33.279
806	 CA 	111	 -47.181	   1.930	  34.256
821	 CA 	112	 -49.144	   4.350	  31.939
894	 CA 	116	 -55.457	   4.310	  35.812
1467	 CA 	151	 -38.884	   1.756	  -3.709
1477	 CA 	152	 -41.812	   2.378	  -6.198
1497	 CA 	153	 -40.629	   5.898	  -6.782
2201	 CA 	197	 -32.341	   6.691	  -7.979
2279	 CA 	202	 -31.533	   2.843	  -0.445
2324	 CA 	206	 -30.803	  -1.409	   3.194
2373	 CA 	209	 -22.906	  -0.842	  -2.061
2380	 CA 	210	 -22.220	   2.806	  -3.057
5325	 CA 	395	 -26.821	 -18.301	  21.835
5344	 CA 	396	 -28.396	 -16.138	  24.515
5356	 CA 	397	 -27.156	 -12.718	  23.119
5367	 CA 	398	 -24.480	 -11.601	  20.714
6370	 CA 	462	 -18.089	 -12.808	   3.621
6406	 CA 	465	 -19.123	 -17.304	   6.081
6933	 CA 	500	 -14.292	 -12.550	  14.585
6980	 CA 	503	 -14.962	 -13.328	  10.019
21341	CLA 	735	 -21.901	   2.842	   1.775
21342	CLA 	736	 -24.998	  -3.203	 -14.511
21344	CLA 	736	  32.787	   5.521	 -10.779
