786	 CA 	110	 -48.617	  -0.636	  31.903
806	 CA 	111	 -50.615	   2.443	  32.782
821	 CA 	112	 -52.677	   5.010	  30.789
894	 CA 	116	 -57.664	   4.598	  34.919
1467	 CA 	151	 -38.733	   2.646	  -4.483
1477	 CA 	152	 -41.741	   3.357	  -6.867
1497	 CA 	153	 -40.206	   6.893	  -7.486
2201	 CA 	197	 -31.890	   7.375	  -8.139
2279	 CA 	202	 -31.318	   3.603	  -0.339
2324	 CA 	206	 -30.888	  -0.559	   3.557
2373	 CA 	209	 -22.937	  -0.483	  -2.195
2380	 CA 	210	 -22.065	   3.010	  -3.479
5325	 CA 	395	 -25.879	 -16.600	  20.389
5344	 CA 	396	 -25.954	 -15.448	  24.004
5356	 CA 	397	 -26.042	 -11.648	  23.067
5367	 CA 	398	 -23.320	  -9.004	  22.698
6370	 CA 	462	 -18.428	 -12.780	   4.392
6406	 CA 	465	 -19.404	 -16.867	   6.657
6933	 CA 	500	 -13.686	 -12.122	  15.220
6980	 CA 	503	 -15.040	 -13.231	  10.334
21341	CLA 	735	 -22.509	   3.455	   3.854
21342	CLA 	736	 -24.858	  -2.848	 -14.945
21344	CLA 	736	  34.408	   5.348	 -10.054
