786	 CA 	110	 -48.927	  -0.270	  32.480
806	 CA 	111	 -50.333	   3.297	  32.911
821	 CA 	112	 -52.890	   5.146	  30.869
894	 CA 	116	 -57.226	   4.323	  35.267
1467	 CA 	151	 -39.357	   2.174	  -4.435
1477	 CA 	152	 -42.181	   2.773	  -6.876
1497	 CA 	153	 -40.514	   6.244	  -7.496
2201	 CA 	197	 -32.393	   7.279	  -7.738
2279	 CA 	202	 -31.727	   3.171	  -0.198
2324	 CA 	206	 -31.005	  -1.715	   3.130
2373	 CA 	209	 -22.709	  -0.269	  -2.105
2380	 CA 	210	 -21.767	   3.235	  -3.215
5325	 CA 	395	 -24.784	 -18.399	  20.784
5344	 CA 	396	 -24.829	 -16.558	  24.109
5356	 CA 	397	 -25.293	 -13.433	  21.830
5367	 CA 	398	 -22.512	 -11.111	  20.539
6370	 CA 	462	 -17.613	 -12.571	   3.508
6406	 CA 	465	 -18.757	 -16.959	   5.711
6933	 CA 	500	 -13.931	 -12.513	  15.276
6980	 CA 	503	 -14.500	 -13.140	  10.128
21341	CLA 	735	 -23.070	   2.892	   3.705
21342	CLA 	736	 -24.765	  -2.279	 -15.426
21344	CLA 	736	  34.487	   5.430	 -10.751
