786	 CA 	110	 -43.324	  -3.395	  35.508
806	 CA 	111	 -45.819	  -0.473	  36.150
821	 CA 	112	 -47.517	   2.435	  34.414
894	 CA 	116	 -53.323	   1.955	  38.461
1467	 CA 	151	 -38.835	   2.637	  -3.218
1477	 CA 	152	 -41.626	   3.426	  -5.612
1497	 CA 	153	 -40.109	   6.823	  -6.629
2201	 CA 	197	 -32.239	   7.465	  -7.706
2279	 CA 	202	 -31.308	   3.596	   0.052
2324	 CA 	206	 -31.789	  -1.156	   2.688
2373	 CA 	209	 -23.221	  -0.335	  -2.324
2380	 CA 	210	 -21.870	   3.187	  -2.862
5325	 CA 	395	 -25.833	 -17.493	  21.086
5344	 CA 	396	 -26.645	 -14.644	  23.389
5356	 CA 	397	 -26.342	 -12.063	  20.592
5367	 CA 	398	 -22.849	 -10.901	  19.425
6370	 CA 	462	 -17.865	 -13.057	   3.781
6406	 CA 	465	 -19.023	 -17.091	   5.941
6933	 CA 	500	 -14.044	 -12.333	  14.839
6980	 CA 	503	 -14.877	 -13.319	  10.280
21341	CLA 	735	 -23.479	   3.341	   3.011
21342	CLA 	736	 -24.356	  -2.118	 -14.944
21344	CLA 	736	  34.255	   7.074	 -15.304
