786	 CA 	110	 -45.067	   3.452	  36.691
806	 CA 	111	 -47.784	   6.091	  36.945
821	 CA 	112	 -50.201	   7.051	  34.071
894	 CA 	116	 -56.652	   5.361	  37.282
1467	 CA 	151	 -38.924	   2.133	  -3.021
1477	 CA 	152	 -41.692	   2.603	  -5.710
1497	 CA 	153	 -40.237	   5.959	  -6.718
2201	 CA 	197	 -32.115	   6.184	  -7.239
2279	 CA 	202	 -31.259	   3.140	   0.667
2324	 CA 	206	 -30.828	  -1.204	   4.263
2373	 CA 	209	 -22.959	  -0.062	  -1.187
2380	 CA 	210	 -22.075	   3.133	  -3.096
5325	 CA 	395	 -24.464	 -16.253	  23.353
5344	 CA 	396	 -25.313	 -13.482	  25.813
5356	 CA 	397	 -24.558	 -10.472	  23.582
5367	 CA 	398	 -21.522	  -9.068	  21.821
6370	 CA 	462	 -17.786	 -12.574	   4.774
6406	 CA 	465	 -19.124	 -16.634	   7.330
6933	 CA 	500	 -13.225	 -11.758	  15.741
6980	 CA 	503	 -14.422	 -12.991	  10.836
21341	CLA 	735	 -22.408	   3.141	   4.364
21342	CLA 	736	 -24.425	  -3.380	 -14.286
21344	CLA 	736	  18.470	  34.174	 -38.577
