786	 CA 	110	 -46.717	   3.906	  36.077
806	 CA 	111	 -48.728	   6.656	  37.929
821	 CA 	112	 -51.515	   8.346	  35.860
894	 CA 	116	 -58.745	   4.785	  36.350
1467	 CA 	151	 -38.487	   1.703	  -2.375
1477	 CA 	152	 -41.606	   1.997	  -4.532
1497	 CA 	153	 -40.726	   5.588	  -5.630
2201	 CA 	197	 -32.191	   6.087	  -6.620
2279	 CA 	202	 -30.617	   3.119	   1.148
2324	 CA 	206	 -29.547	  -1.356	   3.937
2373	 CA 	209	 -22.270	  -0.053	  -2.163
2380	 CA 	210	 -21.351	   3.560	  -2.594
5325	 CA 	395	 -20.443	 -19.405	  26.560
5344	 CA 	396	 -23.915	 -20.198	  25.469
5356	 CA 	397	 -25.119	 -16.742	  24.083
5367	 CA 	398	 -22.518	 -14.236	  22.546
6370	 CA 	462	 -17.307	 -12.115	   5.091
6406	 CA 	465	 -18.123	 -16.124	   7.595
6933	 CA 	500	 -12.273	 -11.410	  15.845
6980	 CA 	503	 -13.446	 -12.741	  11.217
21341	CLA 	735	 -19.176	   0.690	  -0.714
21342	CLA 	736	 -25.523	  -2.253	 -14.775
21344	CLA 	736	  28.334	   0.834	 -16.086
