786	 CA 	110	 -45.759	  -1.446	  34.468
806	 CA 	111	 -48.073	   1.532	  35.329
821	 CA 	112	 -49.835	   4.057	  33.147
894	 CA 	116	 -54.835	   3.478	  37.011
1467	 CA 	151	 -39.037	   2.693	  -4.534
1477	 CA 	152	 -41.961	   3.220	  -6.949
1497	 CA 	153	 -40.763	   6.850	  -7.537
2201	 CA 	197	 -32.569	   7.484	  -8.327
2279	 CA 	202	 -32.099	   3.798	  -0.477
2324	 CA 	206	 -30.755	  -1.539	   2.904
2373	 CA 	209	 -23.036	  -0.030	  -2.352
2380	 CA 	210	 -21.478	   3.494	  -2.922
5325	 CA 	395	 -27.807	 -16.961	  20.898
5344	 CA 	396	 -28.193	 -14.807	  24.096
5356	 CA 	397	 -27.357	 -11.647	  22.094
5367	 CA 	398	 -23.840	 -11.035	  20.770
6370	 CA 	462	 -19.285	 -13.177	   3.721
6406	 CA 	465	 -20.564	 -17.213	   6.122
6933	 CA 	500	 -15.356	 -12.570	  15.385
6980	 CA 	503	 -15.645	 -13.188	  10.043
21341	CLA 	735	 -22.916	   3.543	   2.873
21342	CLA 	736	 -24.354	  -2.292	 -14.557
21344	CLA 	736	  32.435	   7.609	 -16.666
