786	 CA 	110	 -46.551	  -1.950	  32.166
806	 CA 	111	 -48.647	   1.066	  33.155
821	 CA 	112	 -50.613	   4.151	  31.819
894	 CA 	116	 -58.184	   3.618	  35.035
1467	 CA 	151	 -39.183	   1.516	  -4.482
1477	 CA 	152	 -42.041	   2.720	  -6.642
1497	 CA 	153	 -40.690	   6.356	  -6.909
2201	 CA 	197	 -31.692	   6.931	  -7.564
2279	 CA 	202	 -30.747	   3.056	   0.072
2324	 CA 	206	 -30.721	  -1.250	   3.285
2373	 CA 	209	 -22.856	  -0.265	  -1.791
2380	 CA 	210	 -22.276	   3.274	  -2.895
5325	 CA 	395	 -24.470	 -18.356	  23.867
5344	 CA 	396	 -28.240	 -17.708	  24.597
5356	 CA 	397	 -28.210	 -14.197	  23.216
5367	 CA 	398	 -25.765	 -12.169	  20.938
6370	 CA 	462	 -17.475	 -12.419	   4.561
6406	 CA 	465	 -19.215	 -16.590	   6.673
6933	 CA 	500	 -13.967	 -11.957	  15.411
6980	 CA 	503	 -14.783	 -12.916	  10.842
21341	CLA 	735	 -21.334	   2.961	   1.719
21342	CLA 	736	 -25.355	  -2.708	 -15.471
21344	CLA 	736	  33.080	   5.166	 -11.914
