786	 CA 	110	 -47.748	  -0.944	  33.233
806	 CA 	111	 -50.135	   2.034	  33.792
821	 CA 	112	 -51.639	   4.602	  31.445
894	 CA 	116	 -55.917	   4.465	  35.820
1467	 CA 	151	 -38.933	   2.494	  -4.539
1477	 CA 	152	 -42.033	   3.036	  -6.908
1497	 CA 	153	 -40.796	   6.602	  -7.724
2201	 CA 	197	 -32.436	   7.019	  -8.607
2279	 CA 	202	 -31.305	   3.917	  -0.754
2324	 CA 	206	 -31.404	  -1.037	   2.475
2373	 CA 	209	 -22.900	  -0.266	  -1.857
2380	 CA 	210	 -21.998	   3.110	  -3.448
5325	 CA 	395	 -26.959	 -16.142	  21.548
5344	 CA 	396	 -26.961	 -13.511	  24.208
5356	 CA 	397	 -26.719	 -10.651	  21.565
5367	 CA 	398	 -23.389	  -9.554	  19.827
6370	 CA 	462	 -18.363	 -12.118	   4.791
6406	 CA 	465	 -19.155	 -16.254	   6.797
6933	 CA 	500	 -14.802	 -11.458	  16.028
6980	 CA 	503	 -14.983	 -12.188	  10.758
21341	CLA 	735	 -23.615	   3.815	   2.753
21342	CLA 	736	 -24.765	  -2.984	 -14.874
21344	CLA 	736	  33.372	   6.378	 -11.254
