786	 CA 	110	 -48.546	   1.264	  31.715
806	 CA 	111	 -50.365	   4.624	  32.488
821	 CA 	112	 -52.354	   7.126	  30.521
894	 CA 	116	 -59.421	   7.235	  33.768
1467	 CA 	151	 -38.106	   3.108	  -4.383
1477	 CA 	152	 -41.080	   3.889	  -6.744
1497	 CA 	153	 -39.869	   7.418	  -7.436
2201	 CA 	197	 -31.184	   8.365	  -8.701
2279	 CA 	202	 -30.797	   4.316	  -0.491
2324	 CA 	206	 -31.043	   0.005	   2.946
2373	 CA 	209	 -23.201	   0.127	  -2.147
2380	 CA 	210	 -22.161	   3.580	  -3.278
5325	 CA 	395	 -26.731	 -15.453	  23.860
5344	 CA 	396	 -30.583	 -15.331	  24.299
5356	 CA 	397	 -30.178	 -11.639	  23.450
5367	 CA 	398	 -27.243	  -9.522	  22.582
6370	 CA 	462	 -18.814	 -11.916	   4.471
6406	 CA 	465	 -20.286	 -16.059	   6.701
6933	 CA 	500	 -15.641	 -12.180	  16.018
6980	 CA 	503	 -15.654	 -12.745	  10.926
21341	CLA 	735	 -21.576	   3.291	   2.029
21342	CLA 	736	 -25.273	  -3.156	 -14.935
21344	CLA 	736	  34.889	   4.840	  -9.372
