786	 CA 	110	 -44.764	  -3.140	  33.130
806	 CA 	111	 -46.408	  -0.761	  35.683
821	 CA 	112	 -47.898	   2.672	  34.522
894	 CA 	116	 -55.240	   3.312	  37.429
1467	 CA 	151	 -38.241	   2.723	  -3.392
1477	 CA 	152	 -41.257	   2.925	  -5.752
1497	 CA 	153	 -40.147	   6.521	  -6.556
2201	 CA 	197	 -31.797	   7.254	  -7.463
2279	 CA 	202	 -30.934	   3.722	   0.500
2324	 CA 	206	 -30.516	  -1.203	   3.217
2373	 CA 	209	 -22.418	  -0.376	  -1.978
2380	 CA 	210	 -21.242	   3.130	  -2.862
5325	 CA 	395	 -27.120	 -16.963	  20.784
5344	 CA 	396	 -27.690	 -14.336	  23.423
5356	 CA 	397	 -27.132	 -11.504	  20.818
5367	 CA 	398	 -23.672	 -10.185	  19.921
6370	 CA 	462	 -18.002	 -13.100	   3.786
6406	 CA 	465	 -19.320	 -17.365	   5.982
6933	 CA 	500	 -14.734	 -12.361	  15.246
6980	 CA 	503	 -15.085	 -12.831	  10.137
21341	CLA 	735	 -22.108	   3.695	   3.563
21342	CLA 	736	 -24.438	  -2.390	 -15.271
21344	CLA 	736	  33.961	   7.721	 -17.273
