786	 CA 	110	 -45.754	  -1.533	  32.950
806	 CA 	111	 -47.732	   1.677	  34.268
821	 CA 	112	 -49.668	   4.548	  32.625
894	 CA 	116	 -56.338	   4.720	  36.205
1467	 CA 	151	 -38.388	   1.702	  -3.601
1477	 CA 	152	 -41.593	   2.112	  -5.724
1497	 CA 	153	 -40.747	   5.785	  -6.153
2201	 CA 	197	 -32.233	   7.232	  -7.744
2279	 CA 	202	 -30.700	   3.675	   0.361
2324	 CA 	206	 -30.699	  -1.661	   3.508
2373	 CA 	209	 -22.546	  -0.321	  -1.904
2380	 CA 	210	 -21.887	   3.244	  -2.573
5325	 CA 	395	 -24.106	 -18.867	  24.009
5344	 CA 	396	 -27.903	 -18.601	  24.425
5356	 CA 	397	 -28.443	 -15.349	  22.315
5367	 CA 	398	 -26.328	 -13.296	  19.806
6370	 CA 	462	 -17.641	 -12.845	   4.250
6406	 CA 	465	 -18.827	 -17.133	   6.836
6933	 CA 	500	 -13.714	 -11.605	  15.121
6980	 CA 	503	 -14.319	 -13.076	  10.471
21341	CLA 	735	 -21.540	   3.593	   2.369
21342	CLA 	736	 -25.138	  -2.242	 -14.983
21344	CLA 	736	  31.712	   5.453	 -13.308
