786	 CA 	110	 -45.971	  -3.735	  32.820
806	 CA 	111	 -47.844	  -1.091	  34.728
821	 CA 	112	 -49.023	   2.211	  33.505
894	 CA 	116	 -55.517	   2.029	  37.177
1467	 CA 	151	 -39.120	   1.827	  -4.062
1477	 CA 	152	 -41.728	   2.815	  -6.695
1497	 CA 	153	 -40.246	   6.300	  -6.986
2201	 CA 	197	 -32.349	   7.527	  -8.470
2279	 CA 	202	 -31.494	   3.988	  -0.714
2324	 CA 	206	 -32.114	  -1.041	   2.490
2373	 CA 	209	 -23.225	  -0.646	  -2.043
2380	 CA 	210	 -21.916	   2.835	  -3.151
5325	 CA 	395	 -26.674	 -17.378	  20.856
5344	 CA 	396	 -27.375	 -14.996	  23.735
5356	 CA 	397	 -27.612	 -11.829	  21.584
5367	 CA 	398	 -24.311	 -10.594	  20.390
6370	 CA 	462	 -18.509	 -12.816	   4.120
6406	 CA 	465	 -19.652	 -17.023	   6.094
6933	 CA 	500	 -14.652	 -12.269	  14.791
6980	 CA 	503	 -15.436	 -13.262	  10.088
21341	CLA 	735	 -23.802	   3.307	   2.931
21342	CLA 	736	 -24.770	  -2.997	 -14.762
21344	CLA 	736	  36.446	   6.763	 -12.100
