786	 CA 	110	 -47.081	  -2.208	  33.283
806	 CA 	111	 -48.488	   1.238	  34.373
821	 CA 	112	 -51.060	   3.586	  32.655
894	 CA 	116	 -55.452	   2.343	  36.682
1467	 CA 	151	 -39.111	   1.977	  -4.762
1477	 CA 	152	 -42.089	   2.886	  -7.110
1497	 CA 	153	 -40.550	   6.371	  -7.658
2201	 CA 	197	 -32.195	   7.329	  -8.216
2279	 CA 	202	 -31.073	   3.581	  -0.542
2324	 CA 	206	 -30.579	  -1.602	   3.229
2373	 CA 	209	 -22.101	  -0.191	  -1.761
2380	 CA 	210	 -21.323	   3.292	  -3.252
5325	 CA 	395	 -24.679	 -17.451	  20.279
5344	 CA 	396	 -25.039	 -16.485	  24.020
5356	 CA 	397	 -25.199	 -12.779	  23.082
5367	 CA 	398	 -22.653	 -10.138	  22.234
6370	 CA 	462	 -18.089	 -12.642	   3.854
6406	 CA 	465	 -18.869	 -17.131	   6.104
6933	 CA 	500	 -13.384	 -12.645	  15.054
6980	 CA 	503	 -14.533	 -13.534	  10.539
21341	CLA 	735	 -22.793	   3.132	   3.961
21342	CLA 	736	 -24.565	  -2.672	 -15.034
21344	CLA 	736	  33.719	   4.456	 -10.203
