786	 CA 	110	 -47.705	  -1.441	  31.304
806	 CA 	111	 -50.192	   1.500	  32.110
821	 CA 	112	 -52.445	   4.089	  30.389
894	 CA 	116	 -57.085	   3.504	  34.865
1467	 CA 	151	 -39.008	   1.877	  -4.697
1477	 CA 	152	 -41.732	   2.457	  -7.377
1497	 CA 	153	 -40.521	   6.056	  -8.042
2201	 CA 	197	 -32.220	   7.466	  -8.573
2279	 CA 	202	 -31.758	   3.562	  -0.771
2324	 CA 	206	 -31.623	  -1.202	   2.515
2373	 CA 	209	 -22.977	  -0.381	  -2.449
2380	 CA 	210	 -21.888	   3.120	  -3.007
5325	 CA 	395	 -26.611	 -18.171	  20.332
5344	 CA 	396	 -26.156	 -16.979	  23.906
5356	 CA 	397	 -26.610	 -13.401	  22.536
5367	 CA 	398	 -24.001	 -10.703	  21.897
6370	 CA 	462	 -18.789	 -12.810	   3.524
6406	 CA 	465	 -19.729	 -17.011	   5.477
6933	 CA 	500	 -15.297	 -12.331	  14.846
6980	 CA 	503	 -15.845	 -13.281	   9.840
21341	CLA 	735	 -22.897	   1.973	   3.855
21342	CLA 	736	 -24.956	  -2.931	 -14.771
21344	CLA 	736	  34.211	   4.361	  -9.978
