786	 CA 	110	 -47.621	  -1.256	  32.747
806	 CA 	111	 -49.454	   2.026	  33.457
821	 CA 	112	 -51.042	   4.899	  31.545
894	 CA 	116	 -55.822	   3.940	  35.838
1467	 CA 	151	 -39.022	   2.385	  -4.357
1477	 CA 	152	 -41.737	   3.211	  -7.084
1497	 CA 	153	 -40.277	   6.730	  -7.456
2201	 CA 	197	 -32.367	   7.779	  -8.406
2279	 CA 	202	 -31.851	   3.931	  -0.640
2324	 CA 	206	 -30.860	  -0.823	   3.179
2373	 CA 	209	 -22.514	  -0.103	  -2.201
2380	 CA 	210	 -21.425	   3.375	  -3.300
5325	 CA 	395	 -26.165	 -17.377	  21.005
5344	 CA 	396	 -26.142	 -15.893	  24.504
5356	 CA 	397	 -26.243	 -12.426	  23.087
5367	 CA 	398	 -23.183	 -10.429	  22.167
6370	 CA 	462	 -18.252	 -12.426	   4.109
6406	 CA 	465	 -19.714	 -16.718	   6.119
6933	 CA 	500	 -14.357	 -11.568	  15.537
6980	 CA 	503	 -15.464	 -12.790	  10.414
21341	CLA 	735	 -22.858	   2.834	   4.406
21342	CLA 	736	 -25.047	  -2.898	 -14.923
21344	CLA 	736	  33.875	   4.365	  -9.736
