786	 CA 	110	 -49.842	  -0.835	  31.851
806	 CA 	111	 -51.818	   2.427	  32.263
821	 CA 	112	 -53.210	   5.023	  29.840
894	 CA 	116	 -58.950	   4.824	  34.182
1467	 CA 	151	 -38.995	   1.356	  -4.388
1477	 CA 	152	 -41.702	   2.062	  -7.016
1497	 CA 	153	 -40.616	   5.711	  -7.470
2201	 CA 	197	 -32.274	   7.206	  -8.349
2279	 CA 	202	 -31.739	   3.091	  -0.665
2324	 CA 	206	 -31.681	  -1.829	   2.278
2373	 CA 	209	 -23.054	  -0.343	  -2.473
2380	 CA 	210	 -21.967	   3.165	  -3.167
5325	 CA 	395	 -26.742	 -16.454	  20.568
5344	 CA 	396	 -26.900	 -14.067	  23.633
5356	 CA 	397	 -26.596	 -11.151	  21.257
5367	 CA 	398	 -23.132	  -9.801	  20.086
6370	 CA 	462	 -18.273	 -13.011	   3.964
6406	 CA 	465	 -19.452	 -17.050	   6.309
6933	 CA 	500	 -14.925	 -11.917	  15.385
6980	 CA 	503	 -15.222	 -12.890	  10.586
21341	CLA 	735	 -23.435	   3.319	   3.239
21342	CLA 	736	 -25.077	  -2.803	 -14.856
21344	CLA 	736	  34.490	   6.231	  -8.988
