786	 CA 	110	 -45.127	  -4.053	  35.019
806	 CA 	111	 -47.723	  -1.218	  35.022
821	 CA 	112	 -48.551	   1.850	  33.015
894	 CA 	116	 -55.459	   1.468	  36.615
1467	 CA 	151	 -38.824	   2.531	  -4.180
1477	 CA 	152	 -41.612	   3.119	  -6.808
1497	 CA 	153	 -40.345	   6.639	  -7.439
2201	 CA 	197	 -32.375	   7.626	  -8.209
2279	 CA 	202	 -31.772	   3.812	  -0.410
2324	 CA 	206	 -32.262	  -0.723	   2.930
2373	 CA 	209	 -23.391	  -0.319	  -2.218
2380	 CA 	210	 -22.167	   3.199	  -2.994
5325	 CA 	395	 -27.426	 -17.348	  20.718
5344	 CA 	396	 -27.116	 -14.822	  23.607
5356	 CA 	397	 -26.578	 -12.137	  20.844
5367	 CA 	398	 -23.338	 -10.780	  19.466
6370	 CA 	462	 -18.547	 -12.854	   4.302
6406	 CA 	465	 -19.873	 -16.967	   6.280
6933	 CA 	500	 -14.902	 -12.433	  15.334
6980	 CA 	503	 -15.753	 -13.470	  10.284
21341	CLA 	735	 -24.389	   3.370	   3.029
21342	CLA 	736	 -24.506	  -2.623	 -15.192
21344	CLA 	736	  35.570	   4.973	 -18.090
