786	 CA 	110	 -44.502	  -3.433	  34.622
806	 CA 	111	 -45.941	  -0.114	  35.517
821	 CA 	112	 -47.164	   2.872	  33.536
894	 CA 	116	 -53.018	   3.298	  36.196
1467	 CA 	151	 -38.419	   2.675	  -4.404
1477	 CA 	152	 -41.445	   3.336	  -6.700
1497	 CA 	153	 -40.013	   6.643	  -7.700
2201	 CA 	197	 -32.193	   7.844	  -8.476
2279	 CA 	202	 -31.482	   3.398	  -0.889
2324	 CA 	206	 -30.648	  -1.686	   2.232
2373	 CA 	209	 -22.808	  -0.174	  -2.717
2380	 CA 	210	 -21.543	   3.279	  -3.302
5325	 CA 	395	 -26.125	 -16.920	  21.572
5344	 CA 	396	 -26.119	 -15.072	  24.834
5356	 CA 	397	 -25.918	 -11.818	  22.704
5367	 CA 	398	 -22.798	 -10.277	  21.289
6370	 CA 	462	 -18.132	 -13.137	   3.865
6406	 CA 	465	 -19.712	 -17.187	   6.150
6933	 CA 	500	 -14.367	 -12.370	  14.895
6980	 CA 	503	 -15.061	 -13.606	   9.942
21341	CLA 	735	 -23.230	   3.392	   2.474
21342	CLA 	736	 -24.775	  -2.867	 -15.074
21344	CLA 	736	  32.593	   7.576	 -16.720
