786	 CA 	110	 -49.461	   0.483	  31.190
806	 CA 	111	 -51.624	   3.502	  31.675
821	 CA 	112	 -53.599	   6.238	  29.817
894	 CA 	116	 -60.530	   6.165	  32.484
1467	 CA 	151	 -38.754	   3.424	  -4.783
1477	 CA 	152	 -41.845	   4.211	  -6.800
1497	 CA 	153	 -40.511	   7.831	  -7.395
2201	 CA 	197	 -31.767	   7.953	  -8.741
2279	 CA 	202	 -31.114	   4.262	  -0.732
2324	 CA 	206	 -31.965	  -0.765	   2.217
2373	 CA 	209	 -23.133	  -0.279	  -2.311
2380	 CA 	210	 -21.963	   3.097	  -3.551
5325	 CA 	395	 -27.340	 -16.614	  24.377
5344	 CA 	396	 -30.975	 -15.286	  24.459
5356	 CA 	397	 -29.921	 -12.084	  22.642
5367	 CA 	398	 -26.630	 -10.650	  21.228
6370	 CA 	462	 -18.930	 -12.675	   3.782
6406	 CA 	465	 -20.814	 -16.710	   6.210
6933	 CA 	500	 -15.927	 -11.930	  15.243
6980	 CA 	503	 -16.012	 -13.027	  10.334
21341	CLA 	735	 -21.394	   3.250	   1.695
21342	CLA 	736	 -24.785	  -1.900	 -15.393
21344	CLA 	736	  34.759	   5.337	  -9.495
