786	 CA 	110	 -45.405	  -3.242	  35.059
806	 CA 	111	 -47.201	   0.074	  35.735
821	 CA 	112	 -48.896	   2.831	  33.750
894	 CA 	116	 -55.447	   1.853	  36.953
1467	 CA 	151	 -38.994	   2.669	  -3.286
1477	 CA 	152	 -41.726	   2.972	  -5.830
1497	 CA 	153	 -40.724	   6.574	  -6.443
2201	 CA 	197	 -32.671	   7.630	  -7.517
2279	 CA 	202	 -31.839	   3.824	   0.059
2324	 CA 	206	 -32.043	  -1.300	   2.762
2373	 CA 	209	 -23.460	  -0.266	  -2.509
2380	 CA 	210	 -21.921	   3.212	  -2.979
5325	 CA 	395	 -27.043	 -17.165	  20.548
5344	 CA 	396	 -27.061	 -14.570	  23.272
5356	 CA 	397	 -27.052	 -11.598	  20.751
5367	 CA 	398	 -23.595	 -10.355	  19.705
6370	 CA 	462	 -18.799	 -13.090	   3.487
6406	 CA 	465	 -19.846	 -16.962	   5.963
6933	 CA 	500	 -15.002	 -12.507	  14.601
6980	 CA 	503	 -15.338	 -13.498	   9.852
21341	CLA 	735	 -24.059	   3.268	   2.779
21342	CLA 	736	 -24.399	  -2.240	 -15.064
21344	CLA 	736	  34.771	   7.082	 -11.882
