786	 CA 	110	 -46.955	  -1.213	  31.466
806	 CA 	111	 -49.392	   1.221	  33.259
821	 CA 	112	 -51.320	   4.277	  32.021
894	 CA 	116	 -57.552	   3.131	  35.567
1467	 CA 	151	 -39.072	   2.183	  -4.735
1477	 CA 	152	 -41.754	   3.177	  -7.196
1497	 CA 	153	 -40.072	   6.583	  -7.607
2201	 CA 	197	 -32.251	   7.430	  -8.347
2279	 CA 	202	 -31.484	   3.482	  -0.504
2324	 CA 	206	 -31.349	  -1.143	   2.883
2373	 CA 	209	 -23.083	  -0.485	  -2.333
2380	 CA 	210	 -22.335	   3.080	  -3.158
5325	 CA 	395	 -26.604	 -17.951	  19.968
5344	 CA 	396	 -27.288	 -16.310	  23.427
5356	 CA 	397	 -26.722	 -12.726	  22.101
5367	 CA 	398	 -23.462	 -11.330	  20.978
6370	 CA 	462	 -18.293	 -12.912	   3.784
6406	 CA 	465	 -19.405	 -17.061	   6.057
6933	 CA 	500	 -14.915	 -12.993	  14.874
6980	 CA 	503	 -15.105	 -13.516	  10.520
21341	CLA 	735	 -22.168	   3.266	   2.363
21342	CLA 	736	 -24.759	  -2.255	 -15.238
21344	CLA 	736	  33.285	   6.317	 -10.845
