786	 CA 	110	 -47.373	  -1.203	  31.632
806	 CA 	111	 -49.943	   1.500	  32.603
821	 CA 	112	 -51.682	   4.242	  30.613
894	 CA 	116	 -57.557	   3.394	  35.160
1467	 CA 	151	 -39.076	   2.183	  -4.847
1477	 CA 	152	 -41.917	   2.853	  -7.173
1497	 CA 	153	 -40.621	   6.471	  -7.522
2201	 CA 	197	 -32.840	   7.509	  -8.224
2279	 CA 	202	 -31.689	   3.488	  -0.787
2324	 CA 	206	 -31.344	  -1.130	   2.745
2373	 CA 	209	 -23.406	  -0.424	  -2.667
2380	 CA 	210	 -22.388	   3.100	  -3.433
5325	 CA 	395	 -26.244	 -18.888	  20.240
5344	 CA 	396	 -25.500	 -17.834	  23.760
5356	 CA 	397	 -25.677	 -13.969	  22.803
5367	 CA 	398	 -23.252	 -11.561	  21.158
6370	 CA 	462	 -18.371	 -13.321	   3.811
6406	 CA 	465	 -19.846	 -17.248	   5.773
6933	 CA 	500	 -15.269	 -12.918	  15.067
6980	 CA 	503	 -15.627	 -13.210	  10.037
21341	CLA 	735	 -23.414	   3.594	   3.055
21342	CLA 	736	 -24.535	  -2.797	 -14.887
21344	CLA 	736	  34.965	   5.491	 -10.045
