786	 CA 	110	 -48.523	   0.161	  33.398
806	 CA 	111	 -50.669	   3.176	  33.570
821	 CA 	112	 -52.362	   5.522	  30.898
894	 CA 	116	 -56.717	   4.337	  34.692
1467	 CA 	151	 -38.916	   1.926	  -4.237
1477	 CA 	152	 -41.956	   2.683	  -6.670
1497	 CA 	153	 -40.500	   6.312	  -7.090
2201	 CA 	197	 -32.257	   7.434	  -7.930
2279	 CA 	202	 -31.373	   3.533	  -0.316
2324	 CA 	206	 -31.323	  -1.583	   3.385
2373	 CA 	209	 -22.878	   0.007	  -1.869
2380	 CA 	210	 -21.624	   3.466	  -3.087
5325	 CA 	395	 -26.162	 -17.023	  21.481
5344	 CA 	396	 -27.467	 -14.523	  24.015
5356	 CA 	397	 -27.027	 -11.492	  21.748
5367	 CA 	398	 -23.434	 -10.099	  21.308
6370	 CA 	462	 -18.504	 -12.956	   4.212
6406	 CA 	465	 -19.246	 -16.997	   6.605
6933	 CA 	500	 -14.508	 -11.931	  15.370
6980	 CA 	503	 -15.061	 -13.062	  10.488
21341	CLA 	735	 -23.433	   3.960	   3.538
21342	CLA 	736	 -25.216	  -2.666	 -14.449
21344	CLA 	736	  33.627	   6.656	 -10.451
