786	 CA 	110	 -45.273	  -1.767	  33.968
806	 CA 	111	 -47.767	   0.963	  34.706
821	 CA 	112	 -49.771	   3.477	  32.620
894	 CA 	116	 -55.258	   3.359	  36.915
1467	 CA 	151	 -39.002	   1.946	  -4.068
1477	 CA 	152	 -41.824	   2.502	  -6.694
1497	 CA 	153	 -40.776	   6.113	  -7.260
2201	 CA 	197	 -32.436	   6.562	  -7.451
2279	 CA 	202	 -31.314	   2.652	   0.199
2324	 CA 	206	 -30.775	  -1.740	   3.480
2373	 CA 	209	 -22.976	  -0.657	  -1.663
2380	 CA 	210	 -21.740	   2.749	  -3.117
5325	 CA 	395	 -25.813	 -17.083	  22.254
5344	 CA 	396	 -25.942	 -15.144	  25.554
5356	 CA 	397	 -25.733	 -11.834	  23.594
5367	 CA 	398	 -22.905	 -10.214	  21.529
6370	 CA 	462	 -17.826	 -13.135	   4.284
6406	 CA 	465	 -18.864	 -17.348	   6.815
6933	 CA 	500	 -14.411	 -12.284	  15.374
6980	 CA 	503	 -14.595	 -13.236	  10.736
21341	CLA 	735	 -23.194	   3.360	   3.534
21342	CLA 	736	 -23.990	  -2.494	 -15.288
21344	CLA 	736	  33.094	   8.942	 -16.059
