786	 CA 	110	 -48.277	   0.448	  33.967
806	 CA 	111	 -50.739	   3.309	  34.924
821	 CA 	112	 -53.089	   5.598	  32.877
894	 CA 	116	 -59.711	   3.876	  35.882
1467	 CA 	151	 -39.032	   1.768	  -3.371
1477	 CA 	152	 -42.186	   2.404	  -5.563
1497	 CA 	153	 -40.908	   5.909	  -6.337
2201	 CA 	197	 -32.389	   7.219	  -7.443
2279	 CA 	202	 -30.615	   3.926	   0.457
2324	 CA 	206	 -30.455	  -0.986	   4.095
2373	 CA 	209	 -22.244	  -0.582	  -1.858
2380	 CA 	210	 -21.408	   2.995	  -2.792
5325	 CA 	395	 -23.004	 -18.059	  25.801
5344	 CA 	396	 -26.810	 -18.203	  26.348
5356	 CA 	397	 -28.095	 -15.131	  24.661
5367	 CA 	398	 -25.706	 -13.945	  22.010
6370	 CA 	462	 -17.663	 -12.345	   4.338
6406	 CA 	465	 -18.717	 -16.666	   6.531
6933	 CA 	500	 -13.544	 -11.933	  15.279
6980	 CA 	503	 -14.362	 -12.811	  10.817
21341	CLA 	735	 -22.368	   3.276	   3.364
21342	CLA 	736	 -24.854	  -1.805	 -15.668
21344	CLA 	736	  30.080	   0.943	 -13.202
