786	 CA 	110	 -45.397	  -0.890	  33.438
806	 CA 	111	 -47.330	   2.309	  34.195
821	 CA 	112	 -49.051	   5.193	  32.346
894	 CA 	116	 -54.935	   6.037	  36.907
1467	 CA 	151	 -38.743	   2.496	  -4.084
1477	 CA 	152	 -41.663	   3.087	  -6.581
1497	 CA 	153	 -40.389	   6.656	  -7.403
2201	 CA 	197	 -31.912	   7.524	  -8.281
2279	 CA 	202	 -31.438	   3.595	  -0.527
2324	 CA 	206	 -31.339	  -1.489	   3.130
2373	 CA 	209	 -23.394	  -0.446	  -1.867
2380	 CA 	210	 -22.602	   3.150	  -3.096
5325	 CA 	395	 -27.127	 -16.990	  22.170
5344	 CA 	396	 -28.661	 -15.613	  25.445
5356	 CA 	397	 -27.721	 -12.005	  24.585
5367	 CA 	398	 -25.282	 -10.480	  22.070
6370	 CA 	462	 -18.369	 -12.689	   3.645
6406	 CA 	465	 -19.448	 -17.139	   6.129
6933	 CA 	500	 -15.049	 -12.559	  15.252
6980	 CA 	503	 -15.331	 -13.289	  10.310
21341	CLA 	735	 -21.457	   2.657	   2.091
21342	CLA 	736	 -25.109	  -2.654	 -14.797
21344	CLA 	736	  31.510	   3.934	 -12.497
