786	 CA 	110	 -49.453	  -1.555	  31.969
806	 CA 	111	 -51.927	   1.402	  32.180
821	 CA 	112	 -53.307	   3.959	  29.657
894	 CA 	116	 -58.857	   4.596	  33.221
1467	 CA 	151	 -39.220	   2.357	  -5.383
1477	 CA 	152	 -42.057	   3.278	  -7.916
1497	 CA 	153	 -40.489	   6.727	  -8.588
2201	 CA 	197	 -32.231	   7.515	  -8.678
2279	 CA 	202	 -31.872	   3.531	  -0.933
2324	 CA 	206	 -31.967	  -1.455	   2.921
2373	 CA 	209	 -23.314	  -0.761	  -2.406
2380	 CA 	210	 -22.510	   2.724	  -3.437
5325	 CA 	395	 -26.972	 -17.356	  20.620
5344	 CA 	396	 -27.435	 -15.106	  23.742
5356	 CA 	397	 -27.013	 -12.130	  21.388
5367	 CA 	398	 -23.560	 -10.742	  20.545
6370	 CA 	462	 -18.448	 -13.123	   4.027
6406	 CA 	465	 -19.607	 -17.055	   6.152
6933	 CA 	500	 -15.162	 -12.340	  15.312
6980	 CA 	503	 -15.637	 -13.315	  10.462
21341	CLA 	735	 -23.994	   3.213	   2.746
21342	CLA 	736	 -24.423	  -2.490	 -15.029
21344	CLA 	736	  34.542	   5.219	  -9.771
