786	 CA 	110	 -50.011	   1.785	  33.877
806	 CA 	111	 -52.103	   4.703	  35.304
821	 CA 	112	 -53.788	   6.763	  32.494
894	 CA 	116	 -60.960	   4.721	  34.214
1467	 CA 	151	 -38.652	   1.813	  -3.387
1477	 CA 	152	 -41.755	   2.326	  -5.701
1497	 CA 	153	 -40.752	   5.980	  -6.466
2201	 CA 	197	 -32.293	   6.651	  -7.137
2279	 CA 	202	 -31.116	   3.492	   1.030
2324	 CA 	206	 -30.921	  -1.178	   3.368
2373	 CA 	209	 -22.727	  -0.389	  -2.449
2380	 CA 	210	 -21.764	   3.326	  -2.894
5325	 CA 	395	 -23.860	 -18.837	  25.194
5344	 CA 	396	 -27.527	 -18.931	  24.076
5356	 CA 	397	 -27.942	 -15.561	  22.105
5367	 CA 	398	 -25.580	 -13.589	  20.211
6370	 CA 	462	 -18.077	 -12.306	   4.015
6406	 CA 	465	 -19.825	 -15.986	   6.218
6933	 CA 	500	 -13.614	 -12.414	  15.065
6980	 CA 	503	 -14.199	 -13.718	  10.248
21341	CLA 	735	 -22.461	   2.604	   3.348
21342	CLA 	736	 -24.644	  -1.936	 -15.038
21344	CLA 	736	  28.591	   1.451	 -14.440
