786	 CA 	110	 -47.845	  -0.635	  33.605
806	 CA 	111	 -50.111	   2.615	  33.977
821	 CA 	112	 -51.753	   5.250	  31.671
894	 CA 	116	 -56.756	   5.349	  36.452
1467	 CA 	151	 -38.603	   1.902	  -3.587
1477	 CA 	152	 -41.663	   2.456	  -5.728
1497	 CA 	153	 -40.379	   5.983	  -6.646
2201	 CA 	197	 -32.013	   7.028	  -7.400
2279	 CA 	202	 -31.229	   3.033	  -0.056
2324	 CA 	206	 -31.342	  -1.979	   3.080
2373	 CA 	209	 -23.171	  -0.701	  -2.588
2380	 CA 	210	 -22.423	   3.132	  -2.849
5325	 CA 	395	 -25.162	 -17.362	  21.317
5344	 CA 	396	 -25.793	 -15.072	  24.424
5356	 CA 	397	 -25.640	 -11.776	  22.327
5367	 CA 	398	 -22.269	 -10.700	  20.894
6370	 CA 	462	 -17.771	 -12.781	   3.725
6406	 CA 	465	 -18.826	 -16.983	   6.066
6933	 CA 	500	 -13.574	 -12.192	  15.079
6980	 CA 	503	 -14.187	 -13.104	  10.207
21341	CLA 	735	 -22.949	   1.589	   3.013
21342	CLA 	736	 -24.878	  -2.843	 -14.453
21344	CLA 	736	  34.265	   6.079	 -11.294
