786	 CA 	110	 -44.631	  -3.734	  33.385
806	 CA 	111	 -46.497	  -0.550	  34.728
821	 CA 	112	 -47.845	   2.714	  33.342
894	 CA 	116	 -53.335	   2.122	  36.527
1467	 CA 	151	 -38.808	   1.870	  -5.020
1477	 CA 	152	 -41.748	   2.563	  -7.556
1497	 CA 	153	 -40.238	   6.077	  -8.127
2201	 CA 	197	 -32.484	   6.780	  -8.678
2279	 CA 	202	 -32.203	   2.877	  -0.816
2324	 CA 	206	 -30.715	  -2.099	   2.108
2373	 CA 	209	 -22.783	  -0.579	  -2.430
2380	 CA 	210	 -21.762	   3.032	  -3.029
5325	 CA 	395	 -26.689	 -17.706	  20.795
5344	 CA 	396	 -26.143	 -15.665	  24.014
5356	 CA 	397	 -26.155	 -12.376	  22.171
5367	 CA 	398	 -22.667	 -11.341	  20.817
6370	 CA 	462	 -17.948	 -12.756	   3.669
6406	 CA 	465	 -18.899	 -16.950	   5.554
6933	 CA 	500	 -14.697	 -13.039	  14.778
6980	 CA 	503	 -14.713	 -13.747	  10.116
21341	CLA 	735	 -23.432	   2.776	   2.833
21342	CLA 	736	 -24.818	  -2.994	 -15.116
21344	CLA 	736	  31.700	  12.957	 -17.588
