786	 CA 	110	 -45.915	  -3.444	  32.864
806	 CA 	111	 -47.821	  -0.441	  34.384
821	 CA 	112	 -49.261	   2.722	  32.880
894	 CA 	116	 -56.364	   3.632	  36.051
1467	 CA 	151	 -38.593	   1.228	  -3.865
1477	 CA 	152	 -41.686	   1.803	  -6.057
1497	 CA 	153	 -40.780	   5.527	  -6.549
2201	 CA 	197	 -32.028	   6.781	  -7.987
2279	 CA 	202	 -31.066	   2.986	   0.085
2324	 CA 	206	 -30.744	  -2.076	   3.497
2373	 CA 	209	 -22.727	  -0.288	  -1.982
2380	 CA 	210	 -22.085	   3.362	  -3.120
5325	 CA 	395	 -23.723	 -18.088	  24.204
5344	 CA 	396	 -27.436	 -17.315	  24.733
5356	 CA 	397	 -27.088	 -14.068	  22.683
5367	 CA 	398	 -24.539	 -12.334	  20.362
6370	 CA 	462	 -17.396	 -12.146	   4.612
6406	 CA 	465	 -18.544	 -16.483	   6.902
6933	 CA 	500	 -13.028	 -11.517	  15.801
6980	 CA 	503	 -14.250	 -12.644	  11.285
21341	CLA 	735	 -21.400	   3.259	   2.191
21342	CLA 	736	 -24.360	  -2.947	 -14.717
21344	CLA 	736	  35.338	   5.145	 -12.984
