786	 CA 	110	 -46.375	  -1.419	  34.587
806	 CA 	111	 -48.381	   1.684	  35.586
821	 CA 	112	 -49.952	   4.393	  33.276
894	 CA 	116	 -55.572	   4.741	  36.494
1467	 CA 	151	 -38.789	   3.238	  -4.325
1477	 CA 	152	 -41.845	   3.332	  -6.558
1497	 CA 	153	 -40.917	   6.861	  -7.811
2201	 CA 	197	 -32.322	   7.254	  -7.971
2279	 CA 	202	 -31.848	   3.265	  -0.430
2324	 CA 	206	 -31.027	  -2.165	   2.603
2373	 CA 	209	 -23.014	  -0.112	  -2.349
2380	 CA 	210	 -21.466	   3.310	  -2.684
5325	 CA 	395	 -27.616	 -16.977	  20.927
5344	 CA 	396	 -27.536	 -14.941	  24.150
5356	 CA 	397	 -26.558	 -11.509	  22.764
5367	 CA 	398	 -23.029	 -10.943	  21.413
6370	 CA 	462	 -18.747	 -13.090	   3.583
6406	 CA 	465	 -19.804	 -17.181	   6.080
6933	 CA 	500	 -14.395	 -12.546	  15.269
6980	 CA 	503	 -15.381	 -13.407	  10.210
21341	CLA 	735	 -23.312	   3.477	   2.800
21342	CLA 	736	 -24.419	  -3.235	 -14.327
21344	CLA 	736	  34.184	   8.323	 -16.658
