786	 CA 	110	 -46.863	  -1.021	  32.021
806	 CA 	111	 -49.288	   1.688	  33.398
821	 CA 	112	 -50.854	   4.687	  31.670
894	 CA 	116	 -57.082	   4.491	  35.840
1467	 CA 	151	 -38.340	   2.743	  -4.207
1477	 CA 	152	 -41.468	   2.980	  -6.548
1497	 CA 	153	 -40.132	   6.436	  -7.594
2201	 CA 	197	 -31.974	   7.922	  -8.198
2279	 CA 	202	 -31.215	   4.053	  -0.663
2324	 CA 	206	 -31.263	  -0.663	   2.840
2373	 CA 	209	 -23.350	  -0.501	  -2.212
2380	 CA 	210	 -22.385	   3.089	  -3.080
5325	 CA 	395	 -26.628	 -18.642	  21.074
5344	 CA 	396	 -27.227	 -16.631	  24.284
5356	 CA 	397	 -26.812	 -13.221	  22.326
5367	 CA 	398	 -23.419	 -11.634	  21.253
6370	 CA 	462	 -18.421	 -12.605	   3.735
6406	 CA 	465	 -19.878	 -17.080	   6.415
6933	 CA 	500	 -14.892	 -12.611	  14.891
6980	 CA 	503	 -15.127	 -13.511	   9.887
21341	CLA 	735	 -23.006	   2.947	   2.815
21342	CLA 	736	 -24.356	  -2.541	 -14.946
21344	CLA 	736	  33.518	   5.216	  -9.432
