786	 CA 	110	 -45.511	   3.439	  35.916
806	 CA 	111	 -48.762	   4.211	  37.839
821	 CA 	112	 -51.975	   6.289	  37.626
894	 CA 	116	 -55.615	   3.840	  42.492
1467	 CA 	151	 -39.147	   1.972	  -3.558
1477	 CA 	152	 -42.249	   2.824	  -5.804
1497	 CA 	153	 -40.788	   6.309	  -6.558
2201	 CA 	197	 -32.347	   5.886	  -7.151
2279	 CA 	202	 -30.960	   2.624	   1.049
2324	 CA 	206	 -30.654	  -1.811	   4.529
2373	 CA 	209	 -23.022	  -0.361	  -1.164
2380	 CA 	210	 -22.020	   2.554	  -3.241
5325	 CA 	395	 -23.801	 -17.864	  23.060
5344	 CA 	396	 -22.898	 -16.009	  26.329
5356	 CA 	397	 -24.074	 -12.656	  24.807
5367	 CA 	398	 -21.923	 -10.480	  22.597
6370	 CA 	462	 -17.538	 -12.851	   4.723
6406	 CA 	465	 -19.162	 -16.502	   7.277
6933	 CA 	500	 -13.370	 -12.241	  15.056
6980	 CA 	503	 -14.299	 -13.098	  10.519
21341	CLA 	735	 -22.982	   2.688	   4.343
21342	CLA 	736	 -24.065	  -3.013	 -14.798
21344	CLA 	736	  13.093	 -66.071	 -30.999
