786	 CA 	110	 -47.554	  -1.033	  32.075
806	 CA 	111	 -49.742	   1.961	  33.143
821	 CA 	112	 -51.948	   4.547	  31.212
894	 CA 	116	 -56.041	   3.734	  35.372
1467	 CA 	151	 -38.538	   1.945	  -4.306
1477	 CA 	152	 -41.605	   2.618	  -6.650
1497	 CA 	153	 -40.399	   6.257	  -7.492
2201	 CA 	197	 -32.388	   7.507	  -8.153
2279	 CA 	202	 -31.079	   3.536	  -0.488
2324	 CA 	206	 -30.882	  -0.873	   3.323
2373	 CA 	209	 -22.907	  -0.466	  -1.972
2380	 CA 	210	 -22.054	   2.932	  -3.355
5325	 CA 	395	 -26.019	 -16.948	  20.267
5344	 CA 	396	 -26.293	 -15.736	  23.865
5356	 CA 	397	 -26.568	 -12.017	  22.874
5367	 CA 	398	 -23.491	  -9.900	  22.459
6370	 CA 	462	 -18.083	 -12.347	   3.940
6406	 CA 	465	 -19.510	 -16.510	   6.171
6933	 CA 	500	 -14.268	 -12.050	  14.789
6980	 CA 	503	 -14.876	 -13.153	  10.232
21341	CLA 	735	 -22.469	   2.917	   4.226
21342	CLA 	736	 -24.813	  -2.424	 -14.717
21344	CLA 	736	  34.508	   4.926	 -11.016
