786	 CA 	110	 -45.335	  -2.149	  33.469
806	 CA 	111	 -47.659	   0.630	  34.598
821	 CA 	112	 -49.637	   3.499	  33.025
894	 CA 	116	 -55.815	   2.817	  37.328
1467	 CA 	151	 -38.615	   2.469	  -4.124
1477	 CA 	152	 -41.489	   3.046	  -6.563
1497	 CA 	153	 -40.163	   6.524	  -7.266
2201	 CA 	197	 -32.187	   7.424	  -8.096
2279	 CA 	202	 -30.847	   3.884	  -0.358
2324	 CA 	206	 -31.057	  -1.374	   2.867
2373	 CA 	209	 -22.928	  -0.361	  -1.962
2380	 CA 	210	 -21.992	   3.152	  -3.172
5325	 CA 	395	 -25.550	 -18.874	  21.821
5344	 CA 	396	 -27.590	 -16.973	  24.411
5356	 CA 	397	 -27.167	 -13.486	  22.681
5367	 CA 	398	 -24.245	 -12.266	  20.586
6370	 CA 	462	 -18.073	 -13.150	   3.496
6406	 CA 	465	 -19.097	 -17.309	   5.794
6933	 CA 	500	 -14.629	 -12.517	  15.071
6980	 CA 	503	 -15.097	 -13.624	  10.265
21341	CLA 	735	 -21.447	   2.610	   1.009
21342	CLA 	736	 -25.229	  -2.900	 -15.200
21344	CLA 	736	  33.652	   4.542	 -10.324
