786	 CA 	110	 -45.286	  -0.168	  35.436
806	 CA 	111	 -46.938	   3.216	  36.520
821	 CA 	112	 -49.030	   5.695	  34.527
894	 CA 	116	 -56.995	   4.071	  36.244
1467	 CA 	151	 -38.708	   2.836	  -4.006
1477	 CA 	152	 -41.570	   3.387	  -6.413
1497	 CA 	153	 -40.458	   7.002	  -7.250
2201	 CA 	197	 -31.538	   6.895	  -7.014
2279	 CA 	202	 -31.297	   3.399	   1.144
2324	 CA 	206	 -30.336	  -1.172	   4.637
2373	 CA 	209	 -22.647	  -0.275	  -0.766
2380	 CA 	210	 -22.299	   2.984	  -2.732
5325	 CA 	395	 -25.084	 -15.891	  23.335
5344	 CA 	396	 -25.605	 -13.200	  26.005
5356	 CA 	397	 -25.227	 -10.209	  23.541
5367	 CA 	398	 -21.724	  -9.319	  22.423
6370	 CA 	462	 -17.724	 -13.175	   4.288
6406	 CA 	465	 -19.490	 -16.986	   7.119
6933	 CA 	500	 -13.496	 -12.484	  14.948
6980	 CA 	503	 -14.577	 -13.329	  10.465
21341	CLA 	735	 -23.084	   4.095	   4.849
21342	CLA 	736	 -24.114	  -2.805	 -14.272
21344	CLA 	736	  20.799	  23.304	 -44.489
