786	 CA 	110	 -44.859	  -5.598	  33.442
806	 CA 	111	 -46.141	  -2.872	  35.848
821	 CA 	112	 -47.620	   0.626	  34.763
894	 CA 	116	 -54.999	   0.983	  38.162
1467	 CA 	151	 -38.447	   2.639	  -3.411
1477	 CA 	152	 -41.515	   2.735	  -5.811
1497	 CA 	153	 -40.718	   6.351	  -6.884
2201	 CA 	197	 -32.256	   6.783	  -7.810
2279	 CA 	202	 -31.469	   3.157	  -0.018
2324	 CA 	206	 -31.423	  -1.352	   3.168
2373	 CA 	209	 -22.862	  -0.542	  -2.272
2380	 CA 	210	 -22.015	   3.141	  -3.061
5325	 CA 	395	 -25.541	 -18.293	  20.878
5344	 CA 	396	 -26.086	 -15.946	  23.871
5356	 CA 	397	 -26.082	 -13.056	  21.168
5367	 CA 	398	 -22.893	 -11.421	  19.649
6370	 CA 	462	 -18.388	 -13.537	   3.240
6406	 CA 	465	 -19.455	 -17.502	   5.623
6933	 CA 	500	 -14.145	 -12.859	  14.571
6980	 CA 	503	 -14.915	 -13.605	   9.698
21341	CLA 	735	 -23.393	   2.417	   3.012
21342	CLA 	736	 -24.817	  -3.129	 -14.857
21344	CLA 	736	  35.345	   6.759	 -16.133
