786	 CA 	110	 -47.817	  -1.828	  33.135
806	 CA 	111	 -50.037	   1.045	  34.441
821	 CA 	112	 -52.038	   3.501	  32.258
894	 CA 	116	 -58.026	   3.434	  36.702
1467	 CA 	151	 -38.914	   1.540	  -3.615
1477	 CA 	152	 -41.670	   2.156	  -6.094
1497	 CA 	153	 -40.576	   5.801	  -6.747
2201	 CA 	197	 -32.536	   7.097	  -7.796
2279	 CA 	202	 -31.466	   3.101	  -0.385
2324	 CA 	206	 -31.385	  -2.173	   2.465
2373	 CA 	209	 -22.806	  -0.248	  -1.955
2380	 CA 	210	 -21.496	   3.213	  -2.813
5325	 CA 	395	 -25.633	 -17.191	  20.807
5344	 CA 	396	 -25.846	 -14.821	  23.849
5356	 CA 	397	 -25.987	 -12.032	  21.097
5367	 CA 	398	 -22.772	 -10.453	  19.518
6370	 CA 	462	 -17.518	 -13.020	   3.460
6406	 CA 	465	 -18.578	 -17.278	   5.923
6933	 CA 	500	 -14.000	 -12.126	  15.270
6980	 CA 	503	 -14.584	 -13.209	  10.192
21341	CLA 	735	 -23.562	   3.981	   3.124
21342	CLA 	736	 -24.594	  -2.815	 -14.855
21344	CLA 	736	  34.973	   6.672	 -12.829
