786	 CA 	110	 -47.405	  -1.940	  33.110
806	 CA 	111	 -49.927	   0.816	  33.655
821	 CA 	112	 -51.568	   3.549	  31.533
894	 CA 	116	 -57.611	   3.392	  34.320
1467	 CA 	151	 -39.217	   2.362	  -5.599
1477	 CA 	152	 -42.112	   3.045	  -7.922
1497	 CA 	153	 -40.786	   6.692	  -8.833
2201	 CA 	197	 -32.216	   7.045	  -8.714
2279	 CA 	202	 -31.911	   3.003	  -0.639
2324	 CA 	206	 -31.106	  -1.877	   2.446
2373	 CA 	209	 -23.538	  -0.302	  -2.661
2380	 CA 	210	 -21.903	   3.002	  -3.065
5325	 CA 	395	 -27.449	 -17.249	  21.246
5344	 CA 	396	 -27.137	 -15.033	  24.385
5356	 CA 	397	 -26.585	 -11.856	  22.247
5367	 CA 	398	 -23.448	 -10.642	  20.454
6370	 CA 	462	 -18.736	 -12.531	   3.919
6406	 CA 	465	 -20.275	 -16.623	   6.283
6933	 CA 	500	 -15.269	 -12.616	  14.972
6980	 CA 	503	 -15.570	 -13.194	  10.151
21341	CLA 	735	 -24.086	   3.500	   2.700
21342	CLA 	736	 -24.122	  -2.734	 -15.337
21344	CLA 	736	  34.341	   8.038	 -13.016
