786	 CA 	110	 -48.512	  -0.472	  32.120
806	 CA 	111	 -50.832	   2.149	  33.657
821	 CA 	112	 -52.831	   4.956	  31.991
894	 CA 	116	 -59.820	   6.572	  35.580
1467	 CA 	151	 -38.771	   2.724	  -3.885
1477	 CA 	152	 -41.703	   3.715	  -6.147
1497	 CA 	153	 -40.145	   7.121	  -6.876
2201	 CA 	197	 -32.235	   7.731	  -7.698
2279	 CA 	202	 -31.388	   3.828	   0.183
2324	 CA 	206	 -31.457	  -1.240	   2.895
2373	 CA 	209	 -22.760	  -0.033	  -1.776
2380	 CA 	210	 -21.854	   3.308	  -3.246
5325	 CA 	395	 -27.018	 -16.220	  20.573
5344	 CA 	396	 -27.132	 -13.327	  23.190
5356	 CA 	397	 -27.094	 -10.652	  20.363
5367	 CA 	398	 -23.553	  -9.472	  19.260
6370	 CA 	462	 -18.496	 -12.627	   3.936
6406	 CA 	465	 -19.548	 -16.763	   6.322
6933	 CA 	500	 -14.977	 -12.048	  14.890
6980	 CA 	503	 -15.249	 -13.240	  10.286
21341	CLA 	735	 -22.801	   3.780	   3.192
21342	CLA 	736	 -24.962	  -3.210	 -14.077
21344	CLA 	736	  35.601	   3.095	 -12.266
