786	 CA 	110	 -44.628	  -1.411	  34.599
806	 CA 	111	 -46.208	   2.016	  35.308
821	 CA 	112	 -48.146	   4.154	  32.919
894	 CA 	116	 -53.849	   2.901	  36.222
1467	 CA 	151	 -38.453	   1.733	  -4.318
1477	 CA 	152	 -41.157	   1.946	  -6.969
1497	 CA 	153	 -40.487	   5.680	  -7.713
2201	 CA 	197	 -32.247	   6.504	  -8.233
2279	 CA 	202	 -31.235	   2.872	  -0.396
2324	 CA 	206	 -30.836	  -2.174	   3.360
2373	 CA 	209	 -23.106	  -0.863	  -2.275
2380	 CA 	210	 -22.375	   2.901	  -2.699
5325	 CA 	395	 -25.867	 -17.984	  21.056
5344	 CA 	396	 -26.648	 -15.867	  24.263
5356	 CA 	397	 -26.371	 -12.593	  22.077
5367	 CA 	398	 -22.994	 -11.379	  21.054
6370	 CA 	462	 -18.110	 -13.371	   3.727
6406	 CA 	465	 -19.245	 -17.228	   6.207
6933	 CA 	500	 -14.341	 -12.818	  14.990
6980	 CA 	503	 -14.920	 -13.510	  10.321
21341	CLA 	735	 -24.028	   3.045	   2.952
21342	CLA 	736	 -24.182	  -3.092	 -14.702
21344	CLA 	736	  37.995	  -0.913	 -25.940
