786	 CA 	110	 -45.591	  -2.263	  33.742
806	 CA 	111	 -47.504	   0.696	  35.220
821	 CA 	112	 -49.790	   3.645	  33.820
894	 CA 	116	 -56.414	   2.123	  36.721
1467	 CA 	151	 -38.101	   0.473	  -3.321
1477	 CA 	152	 -41.203	   1.170	  -5.432
1497	 CA 	153	 -40.373	   4.616	  -6.615
2201	 CA 	197	 -32.197	   6.541	  -7.337
2279	 CA 	202	 -30.643	   3.457	   0.179
2324	 CA 	206	 -30.662	  -1.860	   3.959
2373	 CA 	209	 -22.786	   0.225	  -1.199
2380	 CA 	210	 -22.177	   3.674	  -2.845
5325	 CA 	395	 -22.916	 -19.423	  23.975
5344	 CA 	396	 -26.600	 -18.792	  24.666
5356	 CA 	397	 -27.046	 -15.806	  22.500
5367	 CA 	398	 -24.899	 -13.547	  20.284
6370	 CA 	462	 -17.376	 -13.389	   4.362
6406	 CA 	465	 -18.489	 -17.353	   6.948
6933	 CA 	500	 -13.146	 -12.166	  15.170
6980	 CA 	503	 -14.053	 -13.274	  10.679
21341	CLA 	735	 -21.697	   3.829	   2.607
21342	CLA 	736	 -24.521	  -2.932	 -14.613
21344	CLA 	736	  32.322	   7.019	 -13.472
