786	 CA 	110	 -47.531	  -1.736	  32.440
806	 CA 	111	 -49.231	   1.345	  33.794
821	 CA 	112	 -51.016	   4.061	  31.915
894	 CA 	116	 -58.287	   4.566	  34.631
1467	 CA 	151	 -39.066	   1.219	  -4.327
1477	 CA 	152	 -41.883	   1.997	  -6.726
1497	 CA 	153	 -40.563	   5.593	  -7.155
2201	 CA 	197	 -32.231	   7.023	  -8.025
2279	 CA 	202	 -30.982	   3.462	  -0.291
2324	 CA 	206	 -31.419	  -1.134	   2.809
2373	 CA 	209	 -22.836	  -0.297	  -2.022
2380	 CA 	210	 -22.051	   3.321	  -3.208
5325	 CA 	395	 -24.761	 -17.864	  23.748
5344	 CA 	396	 -28.289	 -16.954	  24.612
5356	 CA 	397	 -28.818	 -13.839	  22.460
5367	 CA 	398	 -26.536	 -11.949	  20.002
6370	 CA 	462	 -18.473	 -12.607	   4.583
6406	 CA 	465	 -19.439	 -16.143	   7.025
6933	 CA 	500	 -14.265	 -11.603	  15.389
6980	 CA 	503	 -14.688	 -12.713	  10.831
21341	CLA 	735	 -21.823	   3.436	   1.887
21342	CLA 	736	 -24.858	  -2.799	 -14.900
21344	CLA 	736	  32.213	   7.320	 -13.114
