786	 CA 	110	 -45.746	   4.937	  35.774
806	 CA 	111	 -48.483	   7.016	  37.171
821	 CA 	112	 -51.196	   8.922	  35.132
894	 CA 	116	 -58.661	   5.711	  36.137
1467	 CA 	151	 -38.391	   2.259	  -2.184
1477	 CA 	152	 -41.525	   2.715	  -4.323
1497	 CA 	153	 -40.515	   6.392	  -4.991
2201	 CA 	197	 -31.777	   6.821	  -6.735
2279	 CA 	202	 -30.323	   4.206	   1.268
2324	 CA 	206	 -30.135	  -0.384	   3.724
2373	 CA 	209	 -22.209	   0.066	  -2.290
2380	 CA 	210	 -21.383	   3.756	  -2.508
5325	 CA 	395	 -20.838	 -19.538	  25.391
5344	 CA 	396	 -24.406	 -20.010	  23.972
5356	 CA 	397	 -25.777	 -16.764	  22.683
5367	 CA 	398	 -23.524	 -14.123	  21.190
6370	 CA 	462	 -17.489	 -12.530	   4.368
6406	 CA 	465	 -18.779	 -16.154	   7.294
6933	 CA 	500	 -12.613	 -11.057	  15.337
6980	 CA 	503	 -13.747	 -12.676	  10.892
21341	CLA 	735	 -19.245	   0.733	  -0.267
21342	CLA 	736	 -25.042	  -2.107	 -15.086
21344	CLA 	736	  29.479	   1.808	 -17.153
