786	 CA 	110	 -43.504	  -3.020	  33.709
806	 CA 	111	 -45.598	  -0.181	  35.079
821	 CA 	112	 -47.235	   2.958	  33.587
894	 CA 	116	 -52.261	   3.343	  36.807
1467	 CA 	151	 -38.821	   2.679	  -4.213
1477	 CA 	152	 -41.678	   3.246	  -6.703
1497	 CA 	153	 -40.267	   6.641	  -7.749
2201	 CA 	197	 -31.852	   6.924	  -8.482
2279	 CA 	202	 -31.466	   3.432	  -0.457
2324	 CA 	206	 -31.091	  -1.907	   1.954
2373	 CA 	209	 -22.948	  -0.391	  -2.807
2380	 CA 	210	 -21.653	   3.224	  -2.924
5325	 CA 	395	 -25.835	 -17.254	  21.339
5344	 CA 	396	 -25.919	 -15.275	  24.569
5356	 CA 	397	 -26.424	 -11.996	  22.785
5367	 CA 	398	 -22.966	 -10.927	  21.533
6370	 CA 	462	 -18.254	 -12.744	   4.013
6406	 CA 	465	 -19.645	 -17.155	   6.297
6933	 CA 	500	 -14.687	 -12.559	  15.537
6980	 CA 	503	 -15.190	 -13.188	  10.288
21341	CLA 	735	 -22.948	   2.580	   2.939
21342	CLA 	736	 -24.958	  -3.137	 -15.190
21344	CLA 	736	  32.049	  10.527	 -19.068
