786	 CA 	110	 -46.250	  -4.804	  34.425
806	 CA 	111	 -47.833	  -2.268	  36.618
821	 CA 	112	 -48.721	   1.336	  35.440
894	 CA 	116	 -55.720	   3.648	  37.304
1467	 CA 	151	 -38.513	   2.296	  -3.260
1477	 CA 	152	 -41.597	   2.687	  -5.489
1497	 CA 	153	 -40.263	   6.194	  -6.294
2201	 CA 	197	 -31.890	   6.893	  -6.908
2279	 CA 	202	 -31.488	   3.132	   0.574
2324	 CA 	206	 -30.864	  -2.279	   2.870
2373	 CA 	209	 -22.654	  -0.426	  -2.089
2380	 CA 	210	 -21.219	   3.154	  -2.622
5325	 CA 	395	 -26.351	 -16.981	  20.909
5344	 CA 	396	 -26.602	 -14.364	  23.747
5356	 CA 	397	 -26.750	 -11.612	  21.092
5367	 CA 	398	 -23.626	 -10.330	  19.236
6370	 CA 	462	 -17.761	 -13.409	   3.294
6406	 CA 	465	 -19.051	 -17.640	   5.920
6933	 CA 	500	 -13.852	 -12.792	  14.595
6980	 CA 	503	 -14.447	 -13.856	   9.682
21341	CLA 	735	 -22.960	   2.712	   3.074
21342	CLA 	736	 -24.222	  -2.468	 -14.761
21344	CLA 	736	  34.488	   7.495	 -16.248
