786	 CA 	110	 -48.871	  -0.841	  32.521
806	 CA 	111	 -50.237	   2.724	  32.813
821	 CA 	112	 -53.426	   4.221	  31.379
894	 CA 	116	 -57.991	   4.375	  36.049
1467	 CA 	151	 -38.861	   2.062	  -3.628
1477	 CA 	152	 -41.624	   2.659	  -6.157
1497	 CA 	153	 -40.402	   6.127	  -7.216
2201	 CA 	197	 -32.348	   6.667	  -8.128
2279	 CA 	202	 -31.597	   3.476	   0.018
2324	 CA 	206	 -31.109	  -1.722	   3.566
2373	 CA 	209	 -22.725	  -0.390	  -1.692
2380	 CA 	210	 -22.114	   2.985	  -3.446
5325	 CA 	395	 -25.296	 -18.260	  21.357
5344	 CA 	396	 -25.607	 -16.119	  24.576
5356	 CA 	397	 -25.635	 -12.684	  22.620
5367	 CA 	398	 -22.549	 -10.894	  21.134
6370	 CA 	462	 -17.722	 -12.718	   4.245
6406	 CA 	465	 -18.851	 -16.895	   6.529
6933	 CA 	500	 -13.906	 -11.957	  15.194
6980	 CA 	503	 -14.471	 -12.778	  10.231
21341	CLA 	735	 -23.013	   2.541	   3.929
21342	CLA 	736	 -24.356	  -2.776	 -15.185
21344	CLA 	736	  33.788	   6.271	 -11.231
