786	 CA 	110	 -46.527	   4.190	  36.030
806	 CA 	111	 -49.969	   5.722	  36.519
821	 CA 	112	 -52.567	   7.657	  34.450
894	 CA 	116	 -58.346	   4.685	  37.844
1467	 CA 	151	 -38.647	   2.464	  -3.493
1477	 CA 	152	 -41.527	   2.761	  -5.884
1497	 CA 	153	 -40.131	   6.253	  -6.797
2201	 CA 	197	 -32.028	   6.727	  -7.098
2279	 CA 	202	 -31.023	   3.472	   1.006
2324	 CA 	206	 -30.623	  -1.232	   4.392
2373	 CA 	209	 -22.948	  -0.421	  -0.901
2380	 CA 	210	 -21.987	   2.688	  -3.016
5325	 CA 	395	 -24.586	 -16.588	  23.614
5344	 CA 	396	 -24.683	 -14.095	  26.458
5356	 CA 	397	 -24.491	 -10.951	  24.004
5367	 CA 	398	 -21.747	  -9.190	  21.890
6370	 CA 	462	 -17.826	 -12.345	   5.278
6406	 CA 	465	 -19.423	 -16.365	   7.938
6933	 CA 	500	 -13.114	 -11.927	  15.550
6980	 CA 	503	 -14.474	 -12.940	  11.014
21341	CLA 	735	 -22.733	   3.038	   4.888
21342	CLA 	736	 -24.493	  -2.929	 -15.008
21344	CLA 	736	  25.452	  52.521	 -37.324
