786	 CA 	110	 -46.340	  -0.148	  36.357
806	 CA 	111	 -49.527	   1.358	  37.778
821	 CA 	112	 -51.696	   4.245	  36.379
894	 CA 	116	 -56.591	   2.414	  39.628
1467	 CA 	151	 -39.164	   1.372	  -3.294
1477	 CA 	152	 -42.118	   2.210	  -5.533
1497	 CA 	153	 -40.866	   5.749	  -6.285
2201	 CA 	197	 -32.307	   6.301	  -6.764
2279	 CA 	202	 -31.409	   2.788	   1.095
2324	 CA 	206	 -31.125	  -1.583	   4.737
2373	 CA 	209	 -22.911	  -0.379	  -0.918
2380	 CA 	210	 -21.835	   2.833	  -2.840
5325	 CA 	395	 -23.416	 -17.619	  23.370
5344	 CA 	396	 -22.836	 -15.363	  26.390
5356	 CA 	397	 -23.529	 -12.053	  24.369
5367	 CA 	398	 -21.096	 -10.489	  22.001
6370	 CA 	462	 -17.463	 -12.854	   4.530
6406	 CA 	465	 -18.762	 -16.655	   7.188
6933	 CA 	500	 -12.824	 -12.244	  15.129
6980	 CA 	503	 -13.949	 -13.223	  10.681
21341	CLA 	735	 -23.398	   2.965	   4.404
21342	CLA 	736	 -24.054	  -2.935	 -14.957
21344	CLA 	736	  23.568	 -64.423	 -27.756
