786	 CA 	110	 -45.456	   4.221	  34.919
806	 CA 	111	 -48.143	   5.803	  37.036
821	 CA 	112	 -50.962	   8.148	  35.621
894	 CA 	116	 -56.251	   5.921	  39.618
1467	 CA 	151	 -38.554	   3.265	  -3.663
1477	 CA 	152	 -41.773	   3.608	  -5.798
1497	 CA 	153	 -40.427	   7.020	  -7.032
2201	 CA 	197	 -31.924	   6.592	  -7.453
2279	 CA 	202	 -31.214	   3.450	   0.584
2324	 CA 	206	 -30.932	  -1.558	   4.183
2373	 CA 	209	 -23.358	  -0.569	  -1.234
2380	 CA 	210	 -22.330	   2.787	  -2.793
5325	 CA 	395	 -23.504	 -18.046	  22.667
5344	 CA 	396	 -22.030	 -16.085	  25.575
5356	 CA 	397	 -23.635	 -12.808	  24.147
5367	 CA 	398	 -22.150	 -10.566	  21.513
6370	 CA 	462	 -17.830	 -12.659	   4.442
6406	 CA 	465	 -19.257	 -16.565	   7.126
6933	 CA 	500	 -13.227	 -11.645	  15.390
6980	 CA 	503	 -14.426	 -12.640	  10.495
21341	CLA 	735	 -23.273	   2.809	   4.281
21342	CLA 	736	 -24.420	  -2.792	 -14.553
21344	CLA 	736	  15.367	  64.561	 -30.120
