786	 CA 	110	 -47.091	  -1.460	  33.451
806	 CA 	111	 -49.423	   1.278	  34.490
821	 CA 	112	 -51.288	   3.696	  32.171
894	 CA 	116	 -55.513	   3.221	  36.551
1467	 CA 	151	 -38.495	   1.844	  -4.567
1477	 CA 	152	 -41.571	   2.256	  -6.690
1497	 CA 	153	 -40.550	   5.853	  -7.649
2201	 CA 	197	 -32.592	   6.960	  -8.536
2279	 CA 	202	 -31.466	   3.472	  -0.722
2324	 CA 	206	 -30.798	  -1.508	   2.690
2373	 CA 	209	 -22.611	  -0.437	  -2.379
2380	 CA 	210	 -21.665	   3.233	  -2.648
5325	 CA 	395	 -26.380	 -15.585	  21.015
5344	 CA 	396	 -26.835	 -12.901	  23.703
5356	 CA 	397	 -26.004	 -10.233	  21.024
5367	 CA 	398	 -22.572	  -8.830	  20.101
6370	 CA 	462	 -17.697	 -12.547	   4.236
6406	 CA 	465	 -19.015	 -16.700	   6.160
6933	 CA 	500	 -14.199	 -11.654	  15.111
6980	 CA 	503	 -14.767	 -12.777	  10.373
21341	CLA 	735	 -23.354	   3.668	   3.066
21342	CLA 	736	 -25.110	  -3.162	 -14.743
21344	CLA 	736	  34.783	   6.161	 -10.420
