786	 CA 	110	 -47.655	  -0.716	  33.092
806	 CA 	111	 -49.903	   2.056	  34.481
821	 CA 	112	 -51.996	   4.474	  32.403
894	 CA 	116	 -58.870	   3.238	  35.183
1467	 CA 	151	 -39.010	   1.594	  -3.534
1477	 CA 	152	 -41.985	   2.434	  -5.840
1497	 CA 	153	 -40.843	   6.053	  -6.396
2201	 CA 	197	 -31.868	   7.066	  -7.692
2279	 CA 	202	 -30.815	   3.452	   0.265
2324	 CA 	206	 -30.769	  -1.111	   3.490
2373	 CA 	209	 -22.128	  -0.631	  -1.665
2380	 CA 	210	 -21.769	   2.982	  -2.876
5325	 CA 	395	 -23.146	 -18.621	  25.753
5344	 CA 	396	 -26.985	 -18.320	  26.020
5356	 CA 	397	 -27.408	 -14.996	  24.322
5367	 CA 	398	 -24.630	 -13.655	  21.983
6370	 CA 	462	 -17.518	 -12.797	   4.294
6406	 CA 	465	 -18.812	 -16.728	   6.795
6933	 CA 	500	 -13.376	 -12.330	  15.213
6980	 CA 	503	 -14.261	 -13.252	  10.561
21341	CLA 	735	 -22.515	   3.087	   3.463
21342	CLA 	736	 -24.424	  -2.210	 -15.194
21344	CLA 	736	  34.158	   2.755	 -14.013
