786	 CA 	110	 -44.348	  -2.611	  33.202
806	 CA 	111	 -46.744	   0.230	  34.130
821	 CA 	112	 -48.602	   3.318	  32.703
894	 CA 	116	 -54.019	   2.404	  37.636
1467	 CA 	151	 -38.722	   1.903	  -4.081
1477	 CA 	152	 -41.570	   1.936	  -6.555
1497	 CA 	153	 -40.501	   5.576	  -7.436
2201	 CA 	197	 -32.545	   7.080	  -8.252
2279	 CA 	202	 -31.673	   3.512	  -0.491
2324	 CA 	206	 -31.093	  -1.245	   2.618
2373	 CA 	209	 -23.123	  -0.499	  -1.924
2380	 CA 	210	 -22.481	   3.116	  -3.188
5325	 CA 	395	 -25.422	 -17.499	  22.559
5344	 CA 	396	 -27.169	 -15.770	  25.492
5356	 CA 	397	 -26.148	 -12.456	  23.963
5367	 CA 	398	 -23.911	 -11.187	  21.038
6370	 CA 	462	 -17.951	 -12.883	   4.272
6406	 CA 	465	 -19.246	 -16.871	   6.797
6933	 CA 	500	 -13.882	 -11.768	  15.739
6980	 CA 	503	 -14.985	 -12.833	  10.955
21341	CLA 	735	 -21.428	   2.231	   0.875
21342	CLA 	736	 -25.639	  -3.501	 -13.961
21344	CLA 	736	  33.482	   6.055	 -12.327
