786	 CA 	110	 -46.466	  -2.545	  32.837
806	 CA 	111	 -49.006	  -0.155	  34.273
821	 CA 	112	 -51.189	   2.783	  33.158
894	 CA 	116	 -58.304	   3.080	  36.136
1467	 CA 	151	 -39.072	   0.546	  -3.862
1477	 CA 	152	 -42.138	   1.535	  -6.006
1497	 CA 	153	 -40.950	   5.034	  -6.640
2201	 CA 	197	 -32.162	   6.836	  -8.060
2279	 CA 	202	 -30.805	   3.631	  -0.070
2324	 CA 	206	 -30.529	  -1.291	   3.504
2373	 CA 	209	 -22.604	  -0.389	  -1.766
2380	 CA 	210	 -22.130	   3.242	  -2.980
5325	 CA 	395	 -23.747	 -18.719	  25.183
5344	 CA 	396	 -27.435	 -18.632	  24.655
5356	 CA 	397	 -28.995	 -15.343	  23.440
5367	 CA 	398	 -26.920	 -13.633	  20.696
6370	 CA 	462	 -17.306	 -13.080	   4.317
6406	 CA 	465	 -18.938	 -16.757	   6.629
6933	 CA 	500	 -14.036	 -11.770	  14.739
6980	 CA 	503	 -14.569	 -12.834	  10.265
21341	CLA 	735	 -21.219	   3.689	   2.279
21342	CLA 	736	 -24.778	  -2.155	 -15.812
21344	CLA 	736	  32.105	   6.952	 -11.502
