786	 CA 	110	 -45.493	  -2.210	  33.203
806	 CA 	111	 -47.044	   0.774	  34.928
821	 CA 	112	 -48.485	   4.021	  33.608
894	 CA 	116	 -54.737	   4.841	  38.268
1467	 CA 	151	 -38.774	   2.128	  -3.963
1477	 CA 	152	 -41.555	   2.613	  -6.391
1497	 CA 	153	 -40.351	   6.171	  -7.243
2201	 CA 	197	 -32.204	   6.859	  -7.685
2279	 CA 	202	 -31.301	   3.351	  -0.018
2324	 CA 	206	 -30.897	  -1.616	   3.548
2373	 CA 	209	 -22.940	  -0.097	  -1.584
2380	 CA 	210	 -22.057	   3.413	  -2.699
5325	 CA 	395	 -26.365	 -17.972	  22.062
5344	 CA 	396	 -26.641	 -15.587	  24.975
5356	 CA 	397	 -26.504	 -12.645	  22.567
5367	 CA 	398	 -23.255	 -10.889	  21.567
6370	 CA 	462	 -17.846	 -13.006	   4.423
6406	 CA 	465	 -19.062	 -16.903	   6.928
6933	 CA 	500	 -14.326	 -12.261	  15.512
6980	 CA 	503	 -14.756	 -13.143	  10.659
21341	CLA 	735	 -22.995	   1.546	   4.631
21342	CLA 	736	 -24.434	  -3.007	 -14.494
21344	CLA 	736	  32.639	   0.913	 -35.160
