786	 CA 	110	 -46.150	  -3.506	  32.602
806	 CA 	111	 -47.914	  -0.311	  33.797
821	 CA 	112	 -49.418	   2.636	  31.724
894	 CA 	116	 -55.315	   2.021	  36.393
1467	 CA 	151	 -38.826	   1.660	  -4.677
1477	 CA 	152	 -41.642	   2.299	  -7.245
1497	 CA 	153	 -40.557	   5.954	  -7.606
2201	 CA 	197	 -32.469	   7.049	  -8.562
2279	 CA 	202	 -31.547	   3.189	  -1.126
2324	 CA 	206	 -31.141	  -1.787	   2.493
2373	 CA 	209	 -22.937	  -0.476	  -1.989
2380	 CA 	210	 -22.594	   3.143	  -3.069
5325	 CA 	395	 -25.697	 -19.120	  22.091
5344	 CA 	396	 -27.617	 -17.193	  24.736
5356	 CA 	397	 -26.799	 -13.569	  23.995
5367	 CA 	398	 -24.408	 -12.243	  21.340
6370	 CA 	462	 -18.327	 -12.898	   3.504
6406	 CA 	465	 -18.270	 -17.295	   5.994
6933	 CA 	500	 -14.653	 -12.615	  15.330
6980	 CA 	503	 -14.694	 -13.298	  10.347
21341	CLA 	735	 -21.460	   2.411	   1.630
21342	CLA 	736	 -24.537	  -2.896	 -14.764
21344	CLA 	736	  34.219	   5.873	 -10.434
