786	 CA 	110	 -47.084	  -0.248	  33.508
806	 CA 	111	 -49.071	   2.903	  34.214
821	 CA 	112	 -51.337	   5.113	  32.018
894	 CA 	116	 -58.460	   4.805	  35.542
1467	 CA 	151	 -38.647	   1.959	  -3.993
1477	 CA 	152	 -41.715	   2.616	  -6.319
1497	 CA 	153	 -40.449	   6.294	  -6.856
2201	 CA 	197	 -31.964	   7.115	  -7.674
2279	 CA 	202	 -31.020	   3.491	   0.187
2324	 CA 	206	 -31.243	  -0.731	   3.230
2373	 CA 	209	 -22.719	   0.094	  -1.454
2380	 CA 	210	 -21.328	   3.218	  -3.089
5325	 CA 	395	 -25.024	 -17.823	  22.856
5344	 CA 	396	 -28.829	 -17.605	  23.497
5356	 CA 	397	 -28.682	 -13.961	  22.169
5367	 CA 	398	 -25.938	 -11.854	  20.537
6370	 CA 	462	 -18.121	 -12.835	   4.711
6406	 CA 	465	 -19.616	 -16.800	   6.929
6933	 CA 	500	 -14.304	 -11.530	  15.856
6980	 CA 	503	 -15.231	 -12.992	  10.957
21341	CLA 	735	 -21.434	   3.460	   1.457
21342	CLA 	736	 -24.754	  -2.935	 -14.770
21344	CLA 	736	  33.259	   6.061	 -10.584
