786	 CA 	110	 -48.493	  -2.299	  32.153
806	 CA 	111	 -50.678	   0.566	  33.295
821	 CA 	112	 -51.968	   3.518	  31.177
894	 CA 	116	 -58.385	   3.899	  34.830
1467	 CA 	151	 -39.326	   2.051	  -4.695
1477	 CA 	152	 -42.346	   2.754	  -7.070
1497	 CA 	153	 -41.040	   6.300	  -7.669
2201	 CA 	197	 -32.062	   7.098	  -8.774
2279	 CA 	202	 -31.298	   3.710	  -0.925
2324	 CA 	206	 -31.698	  -1.468	   2.628
2373	 CA 	209	 -23.243	  -0.196	  -2.364
2380	 CA 	210	 -22.309	   3.303	  -3.456
5325	 CA 	395	 -26.389	 -18.448	  22.783
5344	 CA 	396	 -29.521	 -16.692	  24.141
5356	 CA 	397	 -27.747	 -13.342	  23.512
5367	 CA 	398	 -24.848	 -12.222	  21.336
6370	 CA 	462	 -18.773	 -12.508	   3.703
6406	 CA 	465	 -20.349	 -16.724	   6.203
6933	 CA 	500	 -14.986	 -12.440	  15.346
6980	 CA 	503	 -15.799	 -12.938	  10.606
21341	CLA 	735	 -22.032	   3.182	   1.788
21342	CLA 	736	 -24.644	  -2.668	 -14.739
21344	CLA 	736	  34.872	   5.266	  -9.188
