786	 CA 	110	 -48.112	  -1.678	  32.581
806	 CA 	111	 -50.575	   1.235	  32.996
821	 CA 	112	 -52.018	   4.188	  31.021
894	 CA 	116	 -58.230	   3.471	  35.210
1467	 CA 	151	 -38.663	   2.170	  -4.302
1477	 CA 	152	 -41.668	   2.777	  -6.664
1497	 CA 	153	 -40.552	   6.353	  -7.072
2201	 CA 	197	 -32.610	   7.467	  -8.126
2279	 CA 	202	 -31.483	   3.355	  -0.404
2324	 CA 	206	 -31.007	  -1.161	   3.429
2373	 CA 	209	 -23.191	  -0.658	  -2.180
2380	 CA 	210	 -22.206	   2.985	  -2.908
5325	 CA 	395	 -25.421	 -18.900	  20.010
5344	 CA 	396	 -25.407	 -17.274	  23.468
5356	 CA 	397	 -26.448	 -13.865	  22.196
5367	 CA 	398	 -23.800	 -11.521	  20.796
6370	 CA 	462	 -18.047	 -12.445	   3.460
6406	 CA 	465	 -19.117	 -16.682	   5.768
6933	 CA 	500	 -14.047	 -12.400	  14.814
6980	 CA 	503	 -14.954	 -13.143	   9.905
21341	CLA 	735	 -22.851	   2.542	   4.007
21342	CLA 	736	 -24.400	  -2.542	 -15.167
21344	CLA 	736	  34.445	   4.855	 -10.199
