786	 CA 	110	 -46.701	  -1.496	  32.652
806	 CA 	111	 -48.399	   1.428	  34.278
821	 CA 	112	 -49.905	   4.387	  32.520
894	 CA 	116	 -56.292	   3.756	  36.306
1467	 CA 	151	 -38.850	   1.730	  -4.039
1477	 CA 	152	 -41.716	   2.225	  -6.469
1497	 CA 	153	 -40.504	   5.755	  -7.333
2201	 CA 	197	 -32.774	   6.964	  -8.171
2279	 CA 	202	 -31.635	   3.234	  -0.624
2324	 CA 	206	 -31.126	  -1.423	   3.025
2373	 CA 	209	 -23.023	  -0.623	  -2.078
2380	 CA 	210	 -22.170	   2.999	  -3.061
5325	 CA 	395	 -25.562	 -18.878	  20.760
5344	 CA 	396	 -26.156	 -17.197	  24.156
5356	 CA 	397	 -25.887	 -13.817	  22.296
5367	 CA 	398	 -22.773	 -11.851	  21.211
6370	 CA 	462	 -18.027	 -13.057	   4.154
6406	 CA 	465	 -19.429	 -17.184	   6.095
6933	 CA 	500	 -14.194	 -12.740	  14.625
6980	 CA 	503	 -14.803	 -13.431	   9.904
21341	CLA 	735	 -22.627	   2.659	   2.899
21342	CLA 	736	 -24.673	  -2.750	 -15.035
21344	CLA 	736	  33.532	   6.245	 -10.444
