786	 CA 	110	 -48.532	  -2.327	  31.403
806	 CA 	111	 -50.939	   0.487	  32.335
821	 CA 	112	 -53.127	   3.036	  30.426
894	 CA 	116	 -58.166	   1.855	  34.084
1467	 CA 	151	 -39.065	   1.766	  -4.141
1477	 CA 	152	 -41.710	   2.332	  -6.801
1497	 CA 	153	 -40.590	   6.010	  -7.284
2201	 CA 	197	 -32.542	   7.172	  -7.975
2279	 CA 	202	 -31.901	   2.792	  -0.585
2324	 CA 	206	 -31.839	  -2.116	   2.805
2373	 CA 	209	 -23.488	  -1.090	  -2.498
2380	 CA 	210	 -22.582	   2.614	  -3.321
5325	 CA 	395	 -25.988	 -19.428	  19.712
5344	 CA 	396	 -25.251	 -18.046	  23.276
5356	 CA 	397	 -26.441	 -14.459	  22.284
5367	 CA 	398	 -24.087	 -12.007	  20.670
6370	 CA 	462	 -18.573	 -13.579	   3.269
6406	 CA 	465	 -19.710	 -17.602	   5.635
6933	 CA 	500	 -15.097	 -12.864	  14.910
6980	 CA 	503	 -15.559	 -13.702	   9.843
21341	CLA 	735	 -23.455	   2.689	   3.502
21342	CLA 	736	 -24.561	  -2.695	 -14.991
21344	CLA 	736	  34.040	   4.892	  -9.236
