786	 CA 	110	 -49.229	  -1.558	  31.954
806	 CA 	111	 -50.996	   1.617	  32.992
821	 CA 	112	 -53.836	   3.630	  31.285
894	 CA 	116	 -60.551	   2.920	  34.704
1467	 CA 	151	 -38.649	   1.949	  -4.433
1477	 CA 	152	 -41.489	   2.442	  -6.977
1497	 CA 	153	 -40.329	   6.083	  -7.406
2201	 CA 	197	 -31.889	   7.285	  -7.890
2279	 CA 	202	 -31.334	   3.455	  -0.351
2324	 CA 	206	 -31.476	  -1.153	   2.658
2373	 CA 	209	 -23.139	  -0.374	  -2.181
2380	 CA 	210	 -21.735	   3.066	  -3.181
5325	 CA 	395	 -25.133	 -18.180	  23.707
5344	 CA 	396	 -28.956	 -17.586	  23.917
5356	 CA 	397	 -29.308	 -14.510	  21.667
5367	 CA 	398	 -26.903	 -11.971	  19.887
6370	 CA 	462	 -18.574	 -12.758	   3.793
6406	 CA 	465	 -19.713	 -17.202	   6.219
6933	 CA 	500	 -14.814	 -11.829	  15.214
6980	 CA 	503	 -15.575	 -13.068	  10.502
21341	CLA 	735	 -21.977	   2.846	   2.369
21342	CLA 	736	 -24.586	  -2.400	 -15.184
21344	CLA 	736	  33.661	   4.552	 -13.529
