786	 CA 	110	 -47.349	  -0.337	  31.585
806	 CA 	111	 -49.300	   2.601	  33.151
821	 CA 	112	 -51.091	   5.779	  31.865
894	 CA 	116	 -56.464	   4.959	  37.208
1467	 CA 	151	 -39.877	   2.498	  -4.665
1477	 CA 	152	 -42.790	   3.201	  -7.043
1497	 CA 	153	 -41.340	   6.726	  -7.727
2201	 CA 	197	 -32.478	   7.639	  -8.706
2279	 CA 	202	 -32.164	   4.206	  -0.577
2324	 CA 	206	 -32.282	  -0.278	   3.142
2373	 CA 	209	 -23.852	  -0.460	  -1.577
2380	 CA 	210	 -22.595	   2.901	  -2.891
5325	 CA 	395	 -26.140	 -18.264	  22.918
5344	 CA 	396	 -29.692	 -17.105	  23.722
5356	 CA 	397	 -28.751	 -13.542	  22.639
5367	 CA 	398	 -25.820	 -11.672	  21.063
6370	 CA 	462	 -18.827	 -12.718	   3.789
6406	 CA 	465	 -20.506	 -16.614	   6.317
6933	 CA 	500	 -15.535	 -12.120	  14.895
6980	 CA 	503	 -15.753	 -13.246	  10.242
21341	CLA 	735	 -22.064	   2.732	   1.635
21342	CLA 	736	 -25.239	  -2.697	 -14.820
21344	CLA 	736	  34.149	   5.359	 -10.236
