786	 CA 	110	 -50.375	   3.445	  33.438
806	 CA 	111	 -52.483	   6.601	  34.388
821	 CA 	112	 -55.118	   7.884	  31.985
894	 CA 	116	 -60.982	   3.903	  34.520
1467	 CA 	151	 -38.597	   1.330	  -3.280
1477	 CA 	152	 -41.692	   1.800	  -5.441
1497	 CA 	153	 -40.649	   5.355	  -6.201
2201	 CA 	197	 -32.167	   6.204	  -7.283
2279	 CA 	202	 -30.879	   2.947	   0.406
2324	 CA 	206	 -30.492	  -2.171	   3.199
2373	 CA 	209	 -22.412	  -1.055	  -2.277
2380	 CA 	210	 -21.526	   2.579	  -2.822
5325	 CA 	395	 -22.041	 -19.341	  25.924
5344	 CA 	396	 -25.713	 -19.020	  24.985
5356	 CA 	397	 -26.555	 -15.427	  23.933
5367	 CA 	398	 -24.135	 -14.125	  21.355
6370	 CA 	462	 -17.409	 -12.440	   4.090
6406	 CA 	465	 -18.709	 -16.833	   6.355
6933	 CA 	500	 -12.466	 -12.717	  14.903
6980	 CA 	503	 -13.301	 -13.876	  10.375
21341	CLA 	735	 -22.438	   2.346	   3.714
21342	CLA 	736	 -25.134	  -2.258	 -15.136
21344	CLA 	736	  29.263	   3.802	 -15.121
