786	 CA 	110	 -45.868	   3.565	  37.368
806	 CA 	111	 -49.150	   5.283	  37.855
821	 CA 	112	 -51.036	   7.715	  35.653
894	 CA 	116	 -57.268	   4.930	  38.534
1467	 CA 	151	 -38.481	   2.204	  -3.653
1477	 CA 	152	 -41.439	   2.934	  -6.016
1497	 CA 	153	 -40.010	   6.466	  -6.619
2201	 CA 	197	 -31.936	   6.929	  -7.570
2279	 CA 	202	 -30.825	   3.402	   0.343
2324	 CA 	206	 -30.502	  -0.804	   3.959
2373	 CA 	209	 -22.558	   0.048	  -0.985
2380	 CA 	210	 -21.820	   3.021	  -3.255
5325	 CA 	395	 -24.160	 -15.944	  23.029
5344	 CA 	396	 -23.268	 -13.725	  25.909
5356	 CA 	397	 -23.316	 -10.378	  24.007
5367	 CA 	398	 -21.184	  -8.949	  21.168
6370	 CA 	462	 -17.633	 -12.065	   4.955
6406	 CA 	465	 -19.368	 -16.201	   7.241
6933	 CA 	500	 -12.780	 -10.990	  15.391
6980	 CA 	503	 -14.408	 -11.937	  10.727
21341	CLA 	735	 -22.761	   3.371	   3.011
21342	CLA 	736	 -24.531	  -2.831	 -14.483
21344	CLA 	736	  22.725	  41.539	 -38.535
