786	 CA 	110	 -48.848	   0.617	  32.536
806	 CA 	111	 -51.202	   3.444	  33.865
821	 CA 	112	 -53.492	   5.814	  32.034
894	 CA 	116	 -60.111	   4.565	  34.658
1467	 CA 	151	 -38.553	   2.212	  -3.860
1477	 CA 	152	 -41.726	   2.641	  -6.031
1497	 CA 	153	 -40.425	   6.182	  -6.968
2201	 CA 	197	 -31.909	   7.284	  -7.791
2279	 CA 	202	 -30.763	   3.640	   0.164
2324	 CA 	206	 -30.628	  -1.042	   3.154
2373	 CA 	209	 -22.469	  -0.359	  -2.011
2380	 CA 	210	 -21.537	   3.108	  -3.169
5325	 CA 	395	 -24.121	 -18.792	  25.682
5344	 CA 	396	 -27.845	 -18.027	  25.985
5356	 CA 	397	 -28.320	 -14.532	  24.410
5367	 CA 	398	 -25.117	 -13.515	  22.539
6370	 CA 	462	 -18.128	 -12.407	   4.207
6406	 CA 	465	 -19.526	 -16.487	   6.823
6933	 CA 	500	 -13.929	 -11.768	  15.491
6980	 CA 	503	 -14.583	 -13.026	  10.563
21341	CLA 	735	 -22.541	   3.267	   3.185
21342	CLA 	736	 -24.321	  -2.005	 -15.498
21344	CLA 	736	  34.959	   2.571	 -14.671
