786	 CA 	110	 -44.555	  -2.466	  34.991
806	 CA 	111	 -47.282	   0.164	  35.868
821	 CA 	112	 -49.416	   2.709	  34.057
894	 CA 	116	 -54.978	   2.506	  36.166
1467	 CA 	151	 -39.091	   2.292	  -4.221
1477	 CA 	152	 -41.826	   2.856	  -6.959
1497	 CA 	153	 -40.512	   6.293	  -7.940
2201	 CA 	197	 -32.156	   6.663	  -7.988
2279	 CA 	202	 -31.889	   2.950	  -0.231
2324	 CA 	206	 -30.954	  -2.172	   2.929
2373	 CA 	209	 -23.039	  -0.502	  -2.287
2380	 CA 	210	 -21.796	   3.038	  -3.088
5325	 CA 	395	 -25.289	 -17.134	  21.875
5344	 CA 	396	 -25.818	 -14.545	  24.736
5356	 CA 	397	 -25.306	 -11.174	  22.811
5367	 CA 	398	 -22.059	 -10.746	  20.881
6370	 CA 	462	 -18.471	 -12.895	   4.059
6406	 CA 	465	 -19.677	 -17.083	   6.139
6933	 CA 	500	 -14.519	 -12.314	  14.942
6980	 CA 	503	 -15.177	 -13.183	  10.092
21341	CLA 	735	 -23.567	   2.888	   2.788
21342	CLA 	736	 -24.689	  -2.961	 -14.637
21344	CLA 	736	  35.216	   8.469	 -21.131
