786	 CA 	110	 -49.604	  -1.779	  31.152
806	 CA 	111	 -51.852	   1.335	  31.624
821	 CA 	112	 -53.515	   3.893	  29.356
894	 CA 	116	 -58.323	   3.424	  33.043
1467	 CA 	151	 -39.233	   1.911	  -5.186
1477	 CA 	152	 -42.033	   2.924	  -7.656
1497	 CA 	153	 -40.487	   6.414	  -7.998
2201	 CA 	197	 -32.752	   7.222	  -8.092
2279	 CA 	202	 -31.762	   3.061	  -0.551
2324	 CA 	206	 -31.664	  -1.865	   2.967
2373	 CA 	209	 -22.883	  -0.290	  -1.996
2380	 CA 	210	 -21.771	   3.227	  -3.005
5325	 CA 	395	 -26.375	 -16.991	  20.604
5344	 CA 	396	 -27.172	 -15.210	  23.947
5356	 CA 	397	 -26.728	 -11.741	  22.591
5367	 CA 	398	 -23.236	 -10.349	  21.646
6370	 CA 	462	 -18.483	 -12.418	   4.111
6406	 CA 	465	 -19.512	 -16.772	   6.074
6933	 CA 	500	 -14.935	 -12.031	  15.364
6980	 CA 	503	 -15.497	 -13.181	  10.528
21341	CLA 	735	 -23.397	   2.956	   2.920
21342	CLA 	736	 -24.814	  -2.752	 -14.849
21344	CLA 	736	  33.993	   6.347	  -9.400
