786	 CA 	110	 -45.270	  -2.777	  33.225
806	 CA 	111	 -48.209	  -0.329	  33.771
821	 CA 	112	 -50.004	   2.348	  31.637
894	 CA 	116	 -55.495	   2.607	  36.821
1467	 CA 	151	 -38.759	   2.563	  -4.494
1477	 CA 	152	 -41.597	   3.098	  -7.041
1497	 CA 	153	 -40.264	   6.524	  -7.861
2201	 CA 	197	 -32.495	   6.885	  -8.500
2279	 CA 	202	 -31.743	   3.333	  -0.931
2324	 CA 	206	 -31.613	  -1.108	   2.593
2373	 CA 	209	 -23.192	  -0.555	  -2.205
2380	 CA 	210	 -22.233	   3.009	  -3.228
5325	 CA 	395	 -26.356	 -18.167	  22.063
5344	 CA 	396	 -28.134	 -16.099	  24.726
5356	 CA 	397	 -26.683	 -12.658	  23.526
5367	 CA 	398	 -23.774	 -11.373	  21.477
6370	 CA 	462	 -18.159	 -12.592	   3.574
6406	 CA 	465	 -18.920	 -17.103	   5.931
6933	 CA 	500	 -14.800	 -12.751	  15.072
6980	 CA 	503	 -15.050	 -13.420	  10.178
21341	CLA 	735	 -21.702	   2.326	   1.374
21342	CLA 	736	 -24.728	  -2.780	 -14.771
21344	CLA 	736	  33.690	   5.745	 -11.272
