786	 CA 	110	 -44.940	  -1.058	  36.098
806	 CA 	111	 -47.227	   2.005	  35.662
821	 CA 	112	 -48.528	   4.572	  33.240
894	 CA 	116	 -55.165	   4.687	  35.616
1467	 CA 	151	 -38.183	   2.714	  -3.841
1477	 CA 	152	 -41.143	   2.671	  -6.344
1497	 CA 	153	 -40.192	   6.090	  -7.769
2201	 CA 	197	 -31.922	   6.706	  -7.775
2279	 CA 	202	 -31.485	   2.985	   0.215
2324	 CA 	206	 -30.857	  -1.723	   3.355
2373	 CA 	209	 -23.013	  -0.682	  -1.917
2380	 CA 	210	 -21.664	   2.787	  -2.946
5325	 CA 	395	 -25.759	 -18.059	  21.791
5344	 CA 	396	 -25.964	 -15.722	  24.856
5356	 CA 	397	 -26.172	 -12.519	  22.595
5367	 CA 	398	 -22.919	 -11.402	  21.008
6370	 CA 	462	 -17.804	 -13.266	   4.035
6406	 CA 	465	 -19.148	 -17.325	   6.722
6933	 CA 	500	 -14.419	 -12.441	  15.137
6980	 CA 	503	 -14.940	 -13.484	  10.534
21341	CLA 	735	 -23.466	   3.149	   3.243
21342	CLA 	736	 -25.103	  -3.531	 -15.067
21344	CLA 	736	  30.390	 -10.304	 -32.347
