786	 CA 	110	 -48.829	   0.867	  32.144
806	 CA 	111	 -51.090	   3.728	  33.281
821	 CA 	112	 -53.344	   6.064	  31.355
894	 CA 	116	 -59.585	   4.791	  34.468
1467	 CA 	151	 -38.868	   1.988	  -4.226
1477	 CA 	152	 -41.911	   2.480	  -6.534
1497	 CA 	153	 -40.981	   6.141	  -7.160
2201	 CA 	197	 -32.160	   7.090	  -7.934
2279	 CA 	202	 -30.837	   3.756	  -0.103
2324	 CA 	206	 -31.351	  -0.683	   2.844
2373	 CA 	209	 -22.605	   0.004	  -1.447
2380	 CA 	210	 -22.153	   3.286	  -3.389
5325	 CA 	395	 -24.470	 -18.668	  24.958
5344	 CA 	396	 -28.221	 -18.317	  24.607
5356	 CA 	397	 -29.089	 -14.938	  22.992
5367	 CA 	398	 -26.527	 -13.220	  20.656
6370	 CA 	462	 -18.125	 -12.507	   4.398
6406	 CA 	465	 -19.720	 -16.552	   6.284
6933	 CA 	500	 -14.448	 -11.876	  15.246
6980	 CA 	503	 -14.895	 -13.095	  10.315
21341	CLA 	735	 -21.190	   2.642	   1.585
21342	CLA 	736	 -24.520	  -2.228	 -15.592
21344	CLA 	736	  34.381	   4.206	 -13.782
