786	 CA 	110	 -49.524	  -1.800	  32.782
806	 CA 	111	 -51.660	   1.326	  33.554
821	 CA 	112	 -53.167	   4.041	  31.373
894	 CA 	116	 -58.325	   3.971	  35.017
1467	 CA 	151	 -38.647	   1.691	  -4.163
1477	 CA 	152	 -41.693	   2.453	  -6.542
1497	 CA 	153	 -40.119	   6.005	  -7.239
2201	 CA 	197	 -32.242	   7.001	  -8.412
2279	 CA 	202	 -31.583	   3.047	  -0.697
2324	 CA 	206	 -31.725	  -2.145	   2.495
2373	 CA 	209	 -22.905	  -0.664	  -2.190
2380	 CA 	210	 -22.297	   3.116	  -2.855
5325	 CA 	395	 -25.647	 -18.159	  20.375
5344	 CA 	396	 -26.063	 -16.038	  23.568
5356	 CA 	397	 -25.892	 -12.631	  21.697
5367	 CA 	398	 -22.650	 -10.923	  20.623
6370	 CA 	462	 -18.143	 -12.906	   3.585
6406	 CA 	465	 -19.284	 -17.185	   5.808
6933	 CA 	500	 -14.633	 -12.528	  15.147
6980	 CA 	503	 -15.216	 -13.516	  10.051
21341	CLA 	735	 -23.683	   1.671	   3.184
21342	CLA 	736	 -24.851	  -2.641	 -14.873
21344	CLA 	736	  34.503	   5.376	 -10.696
