786	 CA 	110	 -47.275	  -0.687	  31.538
806	 CA 	111	 -49.993	   1.632	  32.981
821	 CA 	112	 -52.274	   4.337	  31.599
894	 CA 	116	 -57.241	   3.593	  36.509
1467	 CA 	151	 -38.738	   2.560	  -4.803
1477	 CA 	152	 -41.539	   2.663	  -7.396
1497	 CA 	153	 -40.684	   6.195	  -8.306
2201	 CA 	197	 -32.481	   7.542	  -8.881
2279	 CA 	202	 -31.404	   4.148	  -1.096
2324	 CA 	206	 -31.032	  -1.205	   3.043
2373	 CA 	209	 -22.909	  -0.345	  -1.964
2380	 CA 	210	 -22.286	   3.196	  -3.259
5325	 CA 	395	 -25.783	 -17.557	  22.949
5344	 CA 	396	 -28.367	 -15.985	  25.390
5356	 CA 	397	 -27.767	 -12.750	  23.552
5367	 CA 	398	 -25.199	 -11.546	  20.842
6370	 CA 	462	 -18.107	 -12.267	   4.385
6406	 CA 	465	 -19.546	 -16.498	   6.959
6933	 CA 	500	 -14.689	 -11.638	  15.514
6980	 CA 	503	 -15.428	 -12.632	  10.814
21341	CLA 	735	 -21.856	   3.288	   1.208
21342	CLA 	736	 -25.151	  -3.163	 -14.524
21344	CLA 	736	  34.582	   5.553	 -11.103
