786	 CA 	110	 -48.402	   3.209	  34.542
806	 CA 	111	 -50.045	   6.413	  35.809
821	 CA 	112	 -52.846	   7.501	  33.412
894	 CA 	116	 -60.009	   3.922	  34.987
1467	 CA 	151	 -38.592	   1.593	  -2.494
1477	 CA 	152	 -41.609	   2.456	  -4.548
1497	 CA 	153	 -40.414	   5.970	  -5.356
2201	 CA 	197	 -31.982	   6.941	  -6.738
2279	 CA 	202	 -30.776	   3.950	   1.172
2324	 CA 	206	 -30.480	  -1.234	   3.118
2373	 CA 	209	 -22.147	  -0.284	  -2.176
2380	 CA 	210	 -21.160	   3.256	  -3.177
5325	 CA 	395	 -22.328	 -19.932	  25.220
5344	 CA 	396	 -26.017	 -19.432	  25.326
5356	 CA 	397	 -26.848	 -16.160	  23.525
5367	 CA 	398	 -24.616	 -13.781	  21.418
6370	 CA 	462	 -17.791	 -12.805	   3.847
6406	 CA 	465	 -19.102	 -16.770	   6.104
6933	 CA 	500	 -12.851	 -12.890	  14.754
6980	 CA 	503	 -13.824	 -13.816	  10.169
21341	CLA 	735	 -20.429	   3.124	   2.809
21342	CLA 	736	 -24.535	  -2.235	 -14.528
21344	CLA 	736	  29.823	   2.212	 -15.948
