786	 CA 	110	 -47.686	  -1.770	  31.616
806	 CA 	111	 -50.314	   0.514	  33.060
821	 CA 	112	 -52.593	   3.485	  32.158
894	 CA 	116	 -60.474	   3.144	  34.848
1467	 CA 	151	 -38.702	   2.813	  -4.722
1477	 CA 	152	 -41.634	   3.268	  -7.072
1497	 CA 	153	 -40.603	   6.954	  -7.752
2201	 CA 	197	 -32.214	   7.676	  -8.046
2279	 CA 	202	 -31.361	   3.370	  -0.585
2324	 CA 	206	 -31.435	  -0.852	   2.824
2373	 CA 	209	 -23.042	  -0.017	  -1.953
2380	 CA 	210	 -21.616	   3.229	  -3.241
5325	 CA 	395	 -26.748	 -16.861	  22.626
5344	 CA 	396	 -30.546	 -16.373	  22.763
5356	 CA 	397	 -29.859	 -12.898	  21.124
5367	 CA 	398	 -26.708	 -11.198	  19.757
6370	 CA 	462	 -18.269	 -13.369	   3.479
6406	 CA 	465	 -19.689	 -17.704	   6.023
6933	 CA 	500	 -15.448	 -12.744	  14.830
6980	 CA 	503	 -15.578	 -13.896	  10.005
21341	CLA 	735	 -21.639	   3.179	   1.698
21342	CLA 	736	 -24.369	  -2.574	 -14.857
21344	CLA 	736	  34.591	   6.617	  -8.633
