786	 CA 	110	 -48.002	  -1.146	  32.835
806	 CA 	111	 -49.497	   2.418	  33.157
821	 CA 	112	 -52.738	   3.825	  31.656
894	 CA 	116	 -57.050	   3.277	  36.725
1467	 CA 	151	 -38.987	   1.831	  -4.367
1477	 CA 	152	 -41.880	   2.379	  -6.800
1497	 CA 	153	 -40.665	   5.906	  -7.536
2201	 CA 	197	 -32.647	   6.940	  -8.514
2279	 CA 	202	 -31.679	   2.942	  -0.670
2324	 CA 	206	 -30.704	  -1.823	   3.393
2373	 CA 	209	 -22.671	  -0.746	  -1.723
2380	 CA 	210	 -21.794	   2.737	  -3.292
5325	 CA 	395	 -24.978	 -18.332	  20.939
5344	 CA 	396	 -25.392	 -16.398	  24.261
5356	 CA 	397	 -25.579	 -13.036	  22.227
5367	 CA 	398	 -22.270	 -11.336	  21.363
6370	 CA 	462	 -17.368	 -13.323	   3.930
6406	 CA 	465	 -18.476	 -17.525	   6.351
6933	 CA 	500	 -13.602	 -12.875	  15.200
6980	 CA 	503	 -14.237	 -13.508	  10.209
21341	CLA 	735	 -22.944	   2.418	   3.426
21342	CLA 	736	 -24.578	  -2.945	 -15.030
21344	CLA 	736	  33.764	   7.002	 -11.597
