786	 CA 	110	 -46.709	  -2.287	  32.139
806	 CA 	111	 -49.146	   0.512	  32.856
821	 CA 	112	 -51.424	   2.975	  31.257
894	 CA 	116	 -55.291	   2.041	  35.606
1467	 CA 	151	 -38.765	   1.845	  -4.689
1477	 CA 	152	 -41.590	   2.455	  -7.196
1497	 CA 	153	 -40.248	   5.977	  -7.785
2201	 CA 	197	 -32.142	   7.275	  -8.167
2279	 CA 	202	 -31.235	   3.414	  -0.637
2324	 CA 	206	 -30.671	  -1.641	   2.727
2373	 CA 	209	 -22.938	  -0.524	  -2.504
2380	 CA 	210	 -22.008	   3.129	  -2.985
5325	 CA 	395	 -24.934	 -18.874	  20.426
5344	 CA 	396	 -24.345	 -17.716	  23.957
5356	 CA 	397	 -25.212	 -14.006	  22.949
5367	 CA 	398	 -22.939	 -11.370	  21.585
6370	 CA 	462	 -18.216	 -13.056	   4.035
6406	 CA 	465	 -19.012	 -17.256	   6.126
6933	 CA 	500	 -13.585	 -12.633	  14.775
6980	 CA 	503	 -14.693	 -13.636	  10.163
21341	CLA 	735	 -22.269	   1.938	   3.569
21342	CLA 	736	 -24.805	  -2.510	 -15.346
21344	CLA 	736	  34.367	   4.977	 -11.459
