786	 CA 	110	 -44.487	   4.001	  37.106
806	 CA 	111	 -47.892	   5.066	  38.484
821	 CA 	112	 -50.532	   7.470	  37.283
894	 CA 	116	 -53.272	   4.338	  41.449
1467	 CA 	151	 -38.363	   2.337	  -3.087
1477	 CA 	152	 -41.490	   3.142	  -5.228
1497	 CA 	153	 -39.922	   6.544	  -6.191
2201	 CA 	197	 -31.849	   6.478	  -6.807
2279	 CA 	202	 -31.082	   2.966	   1.231
2324	 CA 	206	 -30.577	  -1.850	   4.586
2373	 CA 	209	 -22.509	  -0.347	  -0.821
2380	 CA 	210	 -21.783	   2.779	  -2.802
5325	 CA 	395	 -22.357	 -17.022	  23.490
5344	 CA 	396	 -21.314	 -15.008	  26.531
5356	 CA 	397	 -22.484	 -11.772	  24.890
5367	 CA 	398	 -20.624	  -9.737	  22.189
6370	 CA 	462	 -17.454	 -12.634	   5.028
6406	 CA 	465	 -18.801	 -16.360	   7.532
6933	 CA 	500	 -12.843	 -11.518	  15.299
6980	 CA 	503	 -13.735	 -12.639	  10.877
21341	CLA 	735	 -22.692	   2.851	   4.226
21342	CLA 	736	 -24.449	  -3.079	 -14.436
21344	CLA 	736	  17.880	  62.547	 -33.281
