786	 CA 	110	 -46.361	   1.775	  36.033
806	 CA 	111	 -49.370	   3.755	  37.366
821	 CA 	112	 -51.976	   5.714	  35.229
894	 CA 	116	 -59.304	   5.417	  37.209
1467	 CA 	151	 -39.160	   3.187	  -3.305
1477	 CA 	152	 -41.797	   3.598	  -5.950
1497	 CA 	153	 -40.355	   7.160	  -6.799
2201	 CA 	197	 -32.191	   7.116	  -6.867
2279	 CA 	202	 -31.670	   3.747	   1.226
2324	 CA 	206	 -31.063	  -0.867	   4.875
2373	 CA 	209	 -23.175	   0.167	  -0.748
2380	 CA 	210	 -22.009	   3.228	  -2.769
5325	 CA 	395	 -23.563	 -16.965	  23.495
5344	 CA 	396	 -22.836	 -14.500	  26.328
5356	 CA 	397	 -24.017	 -11.479	  24.136
5367	 CA 	398	 -21.660	  -9.378	  21.945
6370	 CA 	462	 -18.058	 -12.540	   4.969
6406	 CA 	465	 -19.449	 -16.291	   7.929
6933	 CA 	500	 -12.842	 -11.297	  15.565
6980	 CA 	503	 -14.011	 -12.284	  11.125
21341	CLA 	735	 -23.773	   3.609	   4.546
21342	CLA 	736	 -24.312	  -2.961	 -14.474
21344	CLA 	736	  25.265	  56.462	 -26.186
