786	 CA 	110	 -44.420	  -2.787	  34.815
806	 CA 	111	 -46.728	   0.142	  35.913
821	 CA 	112	 -48.275	   3.343	  34.479
894	 CA 	116	 -54.630	   2.263	  38.162
1467	 CA 	151	 -38.597	   2.320	  -3.522
1477	 CA 	152	 -41.318	   3.169	  -6.196
1497	 CA 	153	 -39.937	   6.707	  -6.574
2201	 CA 	197	 -31.874	   7.890	  -7.877
2279	 CA 	202	 -31.383	   4.032	   0.175
2324	 CA 	206	 -32.285	  -0.374	   3.195
2373	 CA 	209	 -23.159	  -0.403	  -1.511
2380	 CA 	210	 -22.038	   2.818	  -3.162
5325	 CA 	395	 -26.220	 -16.853	  21.446
5344	 CA 	396	 -26.476	 -14.334	  24.315
5356	 CA 	397	 -26.627	 -11.784	  21.434
5367	 CA 	398	 -23.390	  -9.851	  20.527
6370	 CA 	462	 -18.478	 -12.878	   3.880
6406	 CA 	465	 -19.666	 -16.885	   6.188
6933	 CA 	500	 -14.903	 -12.216	  14.820
6980	 CA 	503	 -15.377	 -13.007	  10.033
21341	CLA 	735	 -23.324	   3.778	   3.708
21342	CLA 	736	 -24.784	  -3.102	 -14.386
21344	CLA 	736	  35.689	   8.032	 -12.673
