786	 CA 	110	 -46.557	   2.230	  35.393
806	 CA 	111	 -48.587	   4.971	  37.135
821	 CA 	112	 -51.838	   6.494	  35.750
894	 CA 	116	 -58.690	   2.161	  36.426
1467	 CA 	151	 -38.178	   1.458	  -2.818
1477	 CA 	152	 -41.501	   1.742	  -4.662
1497	 CA 	153	 -40.481	   5.361	  -5.513
2201	 CA 	197	 -32.329	   6.051	  -6.966
2279	 CA 	202	 -30.445	   3.027	   0.836
2324	 CA 	206	 -29.242	  -1.434	   3.748
2373	 CA 	209	 -22.096	  -0.074	  -2.166
2380	 CA 	210	 -21.113	   3.573	  -2.639
5325	 CA 	395	 -19.569	 -19.095	  25.777
5344	 CA 	396	 -23.014	 -19.386	  24.705
5356	 CA 	397	 -23.868	 -16.280	  22.582
5367	 CA 	398	 -21.706	 -13.642	  20.830
6370	 CA 	462	 -17.236	 -11.807	   4.630
6406	 CA 	465	 -18.636	 -16.189	   6.727
6933	 CA 	500	 -11.839	 -11.870	  15.101
6980	 CA 	503	 -13.077	 -12.941	  10.601
21341	CLA 	735	 -18.907	   0.624	  -0.720
21342	CLA 	736	 -24.904	  -1.630	 -15.264
21344	CLA 	736	  28.286	   2.176	 -16.515
