786	 CA 	110	 -46.196	   5.402	  35.723
806	 CA 	111	 -48.896	   7.022	  37.776
821	 CA 	112	 -51.532	   9.510	  36.505
894	 CA 	116	 -56.391	   6.547	  40.136
1467	 CA 	151	 -38.826	   2.367	  -3.687
1477	 CA 	152	 -41.856	   3.432	  -5.820
1497	 CA 	153	 -40.375	   6.799	  -6.755
2201	 CA 	197	 -32.051	   6.565	  -7.176
2279	 CA 	202	 -31.117	   3.454	   1.019
2324	 CA 	206	 -30.346	  -0.766	   4.652
2373	 CA 	209	 -22.600	  -0.324	  -1.088
2380	 CA 	210	 -21.738	   3.018	  -3.020
5325	 CA 	395	 -23.186	 -17.066	  23.396
5344	 CA 	396	 -21.185	 -15.549	  26.290
5356	 CA 	397	 -22.612	 -12.148	  25.292
5367	 CA 	398	 -21.493	  -9.835	  22.493
6370	 CA 	462	 -17.561	 -12.175	   4.885
6406	 CA 	465	 -19.532	 -16.179	   7.412
6933	 CA 	500	 -13.850	 -11.884	  15.712
6980	 CA 	503	 -14.438	 -12.820	  10.744
21341	CLA 	735	 -22.966	   3.449	   4.236
21342	CLA 	736	 -24.559	  -2.866	 -14.689
21344	CLA 	736	  15.865	  64.031	 -30.259
