786	 CA 	110	 -47.990	  -2.648	  33.734
806	 CA 	111	 -49.778	   0.462	  35.204
821	 CA 	112	 -50.683	   3.899	  34.184
894	 CA 	116	 -57.687	   5.365	  36.745
1467	 CA 	151	 -38.741	   3.159	  -3.752
1477	 CA 	152	 -41.526	   3.546	  -6.384
1497	 CA 	153	 -40.387	   7.182	  -7.012
2201	 CA 	197	 -32.229	   7.137	  -7.589
2279	 CA 	202	 -31.881	   3.205	   0.055
2324	 CA 	206	 -31.092	  -2.095	   2.348
2373	 CA 	209	 -22.732	  -0.173	  -2.224
2380	 CA 	210	 -21.141	   3.294	  -2.518
5325	 CA 	395	 -27.339	 -17.435	  20.760
5344	 CA 	396	 -28.670	 -14.780	  23.159
5356	 CA 	397	 -27.778	 -11.377	  21.441
5367	 CA 	398	 -25.418	 -10.078	  18.821
6370	 CA 	462	 -18.407	 -13.053	   3.811
6406	 CA 	465	 -19.502	 -17.097	   6.110
6933	 CA 	500	 -14.758	 -12.572	  14.868
6980	 CA 	503	 -15.204	 -13.205	  10.369
21341	CLA 	735	 -22.649	   3.521	   3.468
21342	CLA 	736	 -24.544	  -2.773	 -14.745
21344	CLA 	736	  36.673	   5.069	 -13.603
