786	 CA 	110	 -46.912	  -2.033	  31.453
806	 CA 	111	 -49.032	   0.779	  32.873
821	 CA 	112	 -51.134	   3.613	  31.475
894	 CA 	116	 -56.360	   1.883	  36.742
1467	 CA 	151	 -38.692	   2.053	  -4.392
1477	 CA 	152	 -41.557	   2.159	  -7.069
1497	 CA 	153	 -40.649	   5.821	  -7.801
2201	 CA 	197	 -32.253	   7.205	  -8.851
2279	 CA 	202	 -31.205	   3.969	  -0.909
2324	 CA 	206	 -31.609	  -1.158	   3.154
2373	 CA 	209	 -23.399	  -0.467	  -1.909
2380	 CA 	210	 -22.743	   2.941	  -3.509
5325	 CA 	395	 -26.309	 -18.862	  22.913
5344	 CA 	396	 -28.703	 -17.489	  25.595
5356	 CA 	397	 -27.859	 -13.929	  24.264
5367	 CA 	398	 -25.825	 -12.321	  21.402
6370	 CA 	462	 -18.692	 -13.148	   4.142
6406	 CA 	465	 -19.757	 -17.252	   6.530
6933	 CA 	500	 -14.808	 -12.502	  15.399
6980	 CA 	503	 -15.664	 -13.323	  10.667
21341	CLA 	735	 -22.009	   2.824	   2.497
21342	CLA 	736	 -24.993	  -2.976	 -14.421
21344	CLA 	736	  34.663	   5.892	 -10.249
