786	 CA 	110	 -45.241	  -2.692	  33.686
806	 CA 	111	 -46.842	   0.139	  35.641
821	 CA 	112	 -48.086	   3.241	  33.863
894	 CA 	116	 -55.032	   3.799	  37.690
1467	 CA 	151	 -38.680	   3.198	  -3.941
1477	 CA 	152	 -41.416	   3.762	  -6.615
1497	 CA 	153	 -40.195	   7.193	  -7.625
2201	 CA 	197	 -32.077	   7.585	  -8.241
2279	 CA 	202	 -31.728	   4.044	  -0.136
2324	 CA 	206	 -31.526	  -0.487	   2.475
2373	 CA 	209	 -23.354	  -0.234	  -2.484
2380	 CA 	210	 -21.759	   3.142	  -3.435
5325	 CA 	395	 -26.987	 -16.185	  21.696
5344	 CA 	396	 -27.245	 -13.480	  24.314
5356	 CA 	397	 -27.496	 -10.480	  21.972
5367	 CA 	398	 -24.059	  -9.458	  20.476
6370	 CA 	462	 -18.511	 -12.955	   3.740
6406	 CA 	465	 -19.996	 -17.263	   6.188
6933	 CA 	500	 -14.628	 -11.770	  15.317
6980	 CA 	503	 -15.518	 -13.002	  10.400
21341	CLA 	735	 -23.985	   3.590	   3.221
21342	CLA 	736	 -24.964	  -2.741	 -15.102
21344	CLA 	736	  31.759	   7.526	 -14.975
