786	 CA 	110	 -48.871	  -4.103	  33.165
806	 CA 	111	 -51.375	  -1.175	  33.558
821	 CA 	112	 -52.504	   1.685	  31.192
894	 CA 	116	 -58.529	   2.456	  35.381
1467	 CA 	151	 -38.879	   1.742	  -3.626
1477	 CA 	152	 -41.583	   2.464	  -6.143
1497	 CA 	153	 -40.240	   5.968	  -6.562
2201	 CA 	197	 -32.497	   7.046	  -8.066
2279	 CA 	202	 -31.741	   3.558	  -0.147
2324	 CA 	206	 -31.975	  -0.951	   3.568
2373	 CA 	209	 -23.437	  -0.670	  -1.773
2380	 CA 	210	 -22.318	   2.791	  -2.712
5325	 CA 	395	 -26.094	 -17.444	  21.358
5344	 CA 	396	 -25.424	 -14.668	  23.804
5356	 CA 	397	 -25.974	 -12.031	  21.036
5367	 CA 	398	 -22.833	 -10.035	  19.577
6370	 CA 	462	 -18.151	 -13.024	   4.033
6406	 CA 	465	 -19.348	 -17.139	   6.194
6933	 CA 	500	 -14.377	 -11.907	  15.145
6980	 CA 	503	 -14.764	 -13.075	  10.599
21341	CLA 	735	 -23.915	   2.839	   3.263
21342	CLA 	736	 -24.586	  -2.935	 -14.282
21344	CLA 	736	  34.731	   4.873	 -12.255
