786	 CA 	110	 -49.029	  -0.897	  32.346
806	 CA 	111	 -51.581	   1.615	  33.592
821	 CA 	112	 -53.167	   4.535	  31.720
894	 CA 	116	 -58.952	   4.036	  35.277
1467	 CA 	151	 -38.809	   2.295	  -3.961
1477	 CA 	152	 -41.665	   2.873	  -6.362
1497	 CA 	153	 -40.441	   6.572	  -7.009
2201	 CA 	197	 -32.324	   7.181	  -8.175
2279	 CA 	202	 -31.408	   3.322	  -0.655
2324	 CA 	206	 -31.384	  -1.557	   2.265
2373	 CA 	209	 -23.143	  -0.241	  -2.353
2380	 CA 	210	 -21.493	   3.136	  -3.203
5325	 CA 	395	 -27.232	 -16.859	  20.415
5344	 CA 	396	 -26.624	 -14.442	  23.221
5356	 CA 	397	 -26.529	 -11.536	  20.536
5367	 CA 	398	 -23.322	 -10.076	  19.061
6370	 CA 	462	 -18.352	 -12.506	   3.805
6406	 CA 	465	 -19.280	 -16.890	   5.970
6933	 CA 	500	 -15.234	 -12.232	  15.331
6980	 CA 	503	 -15.530	 -13.225	  10.329
21341	CLA 	735	 -22.938	   3.599	   3.077
21342	CLA 	736	 -24.158	  -2.081	 -15.445
21344	CLA 	736	  35.518	   4.364	 -11.550
