786	 CA 	110	 -48.954	  -4.409	  31.573
806	 CA 	111	 -50.881	  -1.341	  32.920
821	 CA 	112	 -52.558	   1.102	  30.520
894	 CA 	116	 -57.295	   0.373	  34.542
1467	 CA 	151	 -39.392	   0.906	  -4.717
1477	 CA 	152	 -42.373	   1.632	  -7.263
1497	 CA 	153	 -40.990	   5.248	  -7.572
2201	 CA 	197	 -32.708	   6.505	  -8.091
2279	 CA 	202	 -31.719	   2.823	  -0.315
2324	 CA 	206	 -31.495	  -2.160	   2.418
2373	 CA 	209	 -22.616	  -0.543	  -2.297
2380	 CA 	210	 -22.129	   3.003	  -3.241
5325	 CA 	395	 -26.407	 -17.106	  20.076
5344	 CA 	396	 -26.335	 -14.605	  23.058
5356	 CA 	397	 -25.856	 -11.649	  20.742
5367	 CA 	398	 -22.377	 -10.522	  19.556
6370	 CA 	462	 -17.355	 -12.471	   3.638
6406	 CA 	465	 -18.851	 -17.065	   5.449
6933	 CA 	500	 -14.209	 -12.768	  14.407
6980	 CA 	503	 -14.719	 -13.365	   9.752
21341	CLA 	735	 -23.210	   2.514	   2.866
21342	CLA 	736	 -24.379	  -2.930	 -15.091
21344	CLA 	736	  33.737	   7.606	  -9.708
