786	 CA 	110	 -47.830	  -2.173	  33.349
806	 CA 	111	 -49.968	   0.951	  33.803
821	 CA 	112	 -51.321	   3.639	  31.414
894	 CA 	116	 -57.561	   4.115	  35.716
1467	 CA 	151	 -38.585	   2.241	  -3.670
1477	 CA 	152	 -41.684	   2.758	  -6.040
1497	 CA 	153	 -40.607	   6.383	  -6.873
2201	 CA 	197	 -32.726	   7.155	  -7.865
2279	 CA 	202	 -31.454	   3.461	  -0.166
2324	 CA 	206	 -31.053	  -1.104	   3.219
2373	 CA 	209	 -23.272	  -0.371	  -2.286
2380	 CA 	210	 -22.339	   3.139	  -3.488
5325	 CA 	395	 -26.234	 -17.419	  20.528
5344	 CA 	396	 -26.003	 -14.975	  23.405
5356	 CA 	397	 -25.964	 -12.085	  20.878
5367	 CA 	398	 -22.784	 -10.602	  19.302
6370	 CA 	462	 -18.345	 -12.843	   3.947
6406	 CA 	465	 -19.451	 -16.942	   6.098
6933	 CA 	500	 -14.593	 -12.423	  15.500
6980	 CA 	503	 -15.140	 -13.279	  10.324
21341	CLA 	735	 -23.448	   3.461	   3.270
21342	CLA 	736	 -25.238	  -2.513	 -15.260
21344	CLA 	736	  34.821	   5.300	 -12.935
