786	 CA 	110	 -43.562	  -0.998	  34.858
806	 CA 	111	 -45.699	   2.080	  35.551
821	 CA 	112	 -47.300	   5.046	  33.545
894	 CA 	116	 -53.409	   5.014	  36.437
1467	 CA 	151	 -38.169	   2.928	  -4.331
1477	 CA 	152	 -41.258	   2.553	  -6.455
1497	 CA 	153	 -40.567	   6.154	  -7.747
2201	 CA 	197	 -32.401	   7.238	  -8.102
2279	 CA 	202	 -32.093	   3.828	  -0.264
2324	 CA 	206	 -31.343	  -1.362	   3.370
2373	 CA 	209	 -23.613	   0.112	  -2.401
2380	 CA 	210	 -22.733	   3.787	  -2.855
5325	 CA 	395	 -26.411	 -17.492	  21.178
5344	 CA 	396	 -26.528	 -15.411	  24.178
5356	 CA 	397	 -26.606	 -12.176	  22.111
5367	 CA 	398	 -23.215	 -11.056	  20.729
6370	 CA 	462	 -17.866	 -12.204	   4.029
6406	 CA 	465	 -18.977	 -16.692	   6.206
6933	 CA 	500	 -14.028	 -12.641	  15.343
6980	 CA 	503	 -14.646	 -12.888	  10.460
21341	CLA 	735	 -23.951	   3.330	   2.795
21342	CLA 	736	 -24.173	  -3.287	 -14.804
21344	CLA 	736	  34.415	  -1.283	 -22.314
