786	 CA 	110	 -43.478	   2.559	  37.269
806	 CA 	111	 -47.043	   3.741	  37.664
821	 CA 	112	 -49.310	   6.039	  35.565
894	 CA 	116	 -56.570	   5.538	  38.022
1467	 CA 	151	 -38.566	   3.046	  -3.143
1477	 CA 	152	 -41.445	   3.965	  -5.455
1497	 CA 	153	 -39.853	   7.464	  -6.095
2201	 CA 	197	 -31.722	   7.645	  -7.026
2279	 CA 	202	 -30.929	   3.448	   0.882
2324	 CA 	206	 -30.245	  -0.406	   4.124
2373	 CA 	209	 -22.525	  -0.326	  -1.192
2380	 CA 	210	 -21.895	   2.977	  -2.958
5325	 CA 	395	 -24.296	 -16.634	  23.019
5344	 CA 	396	 -23.226	 -14.570	  26.128
5356	 CA 	397	 -23.446	 -11.476	  23.821
5367	 CA 	398	 -20.778	  -9.788	  21.802
6370	 CA 	462	 -17.937	 -12.570	   4.293
6406	 CA 	465	 -19.265	 -16.779	   7.003
6933	 CA 	500	 -12.955	 -12.461	  15.105
6980	 CA 	503	 -13.985	 -13.175	  10.328
21341	CLA 	735	 -22.879	   3.817	   3.898
21342	CLA 	736	 -25.249	  -2.784	 -14.942
21344	CLA 	736	  22.511	  40.589	 -38.780
