786	 CA 	110	 -46.795	  -2.830	  31.254
806	 CA 	111	 -48.885	  -0.251	  33.069
821	 CA 	112	 -50.801	   2.887	  31.661
894	 CA 	116	 -56.425	   1.891	  36.530
1467	 CA 	151	 -38.912	   2.229	  -4.673
1477	 CA 	152	 -41.884	   2.645	  -7.072
1497	 CA 	153	 -40.739	   6.299	  -7.647
2201	 CA 	197	 -32.128	   7.315	  -8.844
2279	 CA 	202	 -31.641	   3.941	  -0.870
2324	 CA 	206	 -32.028	  -0.863	   2.637
2373	 CA 	209	 -23.383	  -0.607	  -2.776
2380	 CA 	210	 -22.756	   3.095	  -3.831
5325	 CA 	395	 -25.805	 -19.367	  22.697
5344	 CA 	396	 -28.301	 -17.662	  25.072
5356	 CA 	397	 -27.523	 -14.188	  23.673
5367	 CA 	398	 -24.985	 -12.590	  21.313
6370	 CA 	462	 -18.417	 -12.756	   4.044
6406	 CA 	465	 -19.258	 -17.036	   6.220
6933	 CA 	500	 -14.838	 -12.312	  16.102
6980	 CA 	503	 -15.472	 -13.405	  10.906
21341	CLA 	735	 -21.932	   2.677	   1.357
21342	CLA 	736	 -25.361	  -3.082	 -14.496
21344	CLA 	736	  34.521	   5.186	 -10.560
