786	 CA 	110	 -44.648	  -3.079	  33.968
806	 CA 	111	 -46.353	   0.140	  35.276
821	 CA 	112	 -47.360	   3.515	  33.717
894	 CA 	116	 -52.970	   3.677	  38.039
1467	 CA 	151	 -38.343	   3.561	  -4.151
1477	 CA 	152	 -41.475	   4.079	  -6.389
1497	 CA 	153	 -40.000	   7.597	  -7.334
2201	 CA 	197	 -31.794	   7.750	  -8.006
2279	 CA 	202	 -31.335	   4.422	   0.042
2324	 CA 	206	 -31.214	   0.245	   2.861
2373	 CA 	209	 -22.668	   0.022	  -2.288
2380	 CA 	210	 -21.707	   3.519	  -3.002
5325	 CA 	395	 -26.919	 -15.451	  22.030
5344	 CA 	396	 -27.088	 -12.474	  24.373
5356	 CA 	397	 -26.485	 -10.121	  21.481
5367	 CA 	398	 -23.088	  -9.468	  19.804
6370	 CA 	462	 -18.236	 -12.596	   4.306
6406	 CA 	465	 -19.919	 -16.656	   6.674
6933	 CA 	500	 -14.842	 -11.951	  15.428
6980	 CA 	503	 -15.535	 -12.773	  10.694
21341	CLA 	735	 -22.105	   4.037	   3.144
21342	CLA 	736	 -24.126	  -2.674	 -14.976
21344	CLA 	736	  32.003	   6.060	 -14.986
