786	 CA 	110	 -48.790	   2.366	  33.676
806	 CA 	111	 -51.072	   5.183	  35.223
821	 CA 	112	 -53.852	   6.600	  32.886
894	 CA 	116	 -61.193	   3.089	  33.952
1467	 CA 	151	 -38.955	   0.889	  -3.028
1477	 CA 	152	 -42.116	   1.636	  -5.129
1497	 CA 	153	 -41.127	   5.274	  -5.751
2201	 CA 	197	 -32.401	   6.046	  -6.746
2279	 CA 	202	 -31.169	   2.737	   0.934
2324	 CA 	206	 -30.503	  -1.576	   3.532
2373	 CA 	209	 -22.999	  -0.215	  -1.765
2380	 CA 	210	 -21.692	   3.461	  -2.154
5325	 CA 	395	 -21.143	 -19.031	  26.298
5344	 CA 	396	 -24.946	 -19.031	  25.391
5356	 CA 	397	 -25.822	 -15.825	  23.313
5367	 CA 	398	 -23.164	 -13.588	  21.363
6370	 CA 	462	 -16.995	 -13.572	   4.293
6406	 CA 	465	 -18.157	 -17.313	   6.884
6933	 CA 	500	 -12.659	 -12.118	  15.034
6980	 CA 	503	 -13.400	 -13.609	  10.319
21341	CLA 	735	 -21.078	   0.767	   1.324
21342	CLA 	736	 -25.579	  -1.697	 -15.407
21344	CLA 	736	  30.097	   3.193	 -15.729
