786	 CA 	110	 -45.778	   4.408	  35.271
806	 CA 	111	 -49.026	   5.806	  36.693
821	 CA 	112	 -51.437	   7.812	  34.463
894	 CA 	116	 -57.603	   5.521	  37.474
1467	 CA 	151	 -38.101	   3.750	  -4.114
1477	 CA 	152	 -41.315	   4.340	  -6.166
1497	 CA 	153	 -40.077	   7.840	  -7.002
2201	 CA 	197	 -31.680	   7.282	  -7.729
2279	 CA 	202	 -31.234	   3.797	   0.132
2324	 CA 	206	 -30.685	  -0.850	   3.696
2373	 CA 	209	 -22.832	  -0.341	  -1.258
2380	 CA 	210	 -22.071	   2.931	  -3.068
5325	 CA 	395	 -24.284	 -16.283	  22.368
5344	 CA 	396	 -23.590	 -14.293	  25.642
5356	 CA 	397	 -23.932	 -11.194	  23.418
5367	 CA 	398	 -21.446	  -8.968	  21.519
6370	 CA 	462	 -18.177	 -12.302	   4.648
6406	 CA 	465	 -19.553	 -16.302	   7.256
6933	 CA 	500	 -12.782	 -11.656	  15.686
6980	 CA 	503	 -14.580	 -12.269	  10.852
21341	CLA 	735	 -23.075	   3.361	   3.237
21342	CLA 	736	 -24.835	  -3.223	 -14.540
21344	CLA 	736	  19.807	  46.528	 -43.279
