786	 CA 	110	 -43.815	  -3.236	  34.556
806	 CA 	111	 -46.073	  -0.564	  36.041
821	 CA 	112	 -47.360	   2.902	  34.992
894	 CA 	116	 -53.751	   2.691	  37.753
1467	 CA 	151	 -38.826	   2.463	  -4.388
1477	 CA 	152	 -41.791	   3.385	  -6.541
1497	 CA 	153	 -40.191	   6.711	  -7.291
2201	 CA 	197	 -31.947	   7.490	  -8.344
2279	 CA 	202	 -31.455	   3.916	  -0.605
2324	 CA 	206	 -31.775	  -0.754	   3.017
2373	 CA 	209	 -23.211	  -0.624	  -2.347
2380	 CA 	210	 -22.235	   2.877	  -3.466
5325	 CA 	395	 -26.098	 -17.299	  21.480
5344	 CA 	396	 -26.382	 -14.618	  24.313
5356	 CA 	397	 -26.750	 -11.614	  21.766
5367	 CA 	398	 -23.275	 -10.275	  20.642
6370	 CA 	462	 -18.420	 -12.845	   3.796
6406	 CA 	465	 -19.832	 -16.951	   6.358
6933	 CA 	500	 -14.982	 -12.250	  14.784
6980	 CA 	503	 -15.000	 -13.109	   9.824
21341	CLA 	735	 -23.412	   3.129	   3.385
21342	CLA 	736	 -24.544	  -2.937	 -14.605
21344	CLA 	736	  35.253	   6.324	 -13.603
