786	 CA 	110	 -45.761	  -2.498	  32.768
806	 CA 	111	 -48.040	   0.181	  34.032
821	 CA 	112	 -49.118	   3.497	  32.343
894	 CA 	116	 -56.043	   5.176	  35.721
1467	 CA 	151	 -38.422	   2.320	  -4.720
1477	 CA 	152	 -41.460	   2.850	  -7.030
1497	 CA 	153	 -40.319	   6.520	  -7.634
2201	 CA 	197	 -32.198	   7.018	  -8.092
2279	 CA 	202	 -31.040	   3.477	  -0.133
2324	 CA 	206	 -30.890	  -1.136	   3.479
2373	 CA 	209	 -22.742	  -0.186	  -2.178
2380	 CA 	210	 -21.907	   3.367	  -3.401
5325	 CA 	395	 -26.940	 -17.345	  20.852
5344	 CA 	396	 -27.504	 -15.322	  23.975
5356	 CA 	397	 -26.972	 -11.917	  22.133
5367	 CA 	398	 -23.782	 -10.340	  20.639
6370	 CA 	462	 -18.030	 -12.326	   4.051
6406	 CA 	465	 -19.577	 -16.974	   6.242
6933	 CA 	500	 -13.799	 -12.506	  14.866
6980	 CA 	503	 -14.422	 -13.411	  10.329
21341	CLA 	735	 -23.660	   2.539	   3.593
21342	CLA 	736	 -24.911	  -3.314	 -14.795
21344	CLA 	736	  34.298	  -1.342	 -36.125
