786	 CA 	110	 -49.696	   0.324	  30.564
806	 CA 	111	 -51.556	   3.624	  31.561
821	 CA 	112	 -53.602	   6.106	  29.518
894	 CA 	116	 -61.402	   5.419	  32.213
1467	 CA 	151	 -38.929	   2.504	  -4.793
1477	 CA 	152	 -42.083	   3.274	  -6.960
1497	 CA 	153	 -40.602	   6.832	  -7.517
2201	 CA 	197	 -32.441	   7.849	  -8.153
2279	 CA 	202	 -31.647	   3.874	  -0.666
2324	 CA 	206	 -31.819	  -1.178	   2.186
2373	 CA 	209	 -23.217	  -0.258	  -2.297
2380	 CA 	210	 -22.020	   3.220	  -3.268
5325	 CA 	395	 -26.710	 -16.935	  23.799
5344	 CA 	396	 -30.407	 -16.005	  24.033
5356	 CA 	397	 -29.337	 -12.737	  22.224
5367	 CA 	398	 -25.866	 -11.243	  21.530
6370	 CA 	462	 -19.189	 -12.360	   3.866
6406	 CA 	465	 -20.580	 -16.450	   6.226
6933	 CA 	500	 -15.372	 -12.027	  15.322
6980	 CA 	503	 -15.842	 -12.941	  10.519
21341	CLA 	735	 -21.364	   3.079	   1.724
21342	CLA 	736	 -24.877	  -2.705	 -15.011
21344	CLA 	736	  34.342	   5.723	 -10.807
