786	 CA 	110	 -44.561	  -1.743	  34.734
806	 CA 	111	 -46.458	   1.429	  35.174
821	 CA 	112	 -48.016	   3.561	  32.528
894	 CA 	116	 -54.579	   4.015	  34.561
1467	 CA 	151	 -38.691	   1.698	  -4.240
1477	 CA 	152	 -41.637	   1.673	  -6.729
1497	 CA 	153	 -40.765	   5.179	  -7.737
2201	 CA 	197	 -32.574	   6.093	  -8.333
2279	 CA 	202	 -31.728	   2.985	  -0.246
2324	 CA 	206	 -30.809	  -2.022	   2.939
2373	 CA 	209	 -23.150	  -0.321	  -2.182
2380	 CA 	210	 -22.298	   3.302	  -3.062
5325	 CA 	395	 -25.663	 -18.076	  20.817
5344	 CA 	396	 -25.728	 -16.114	  24.111
5356	 CA 	397	 -26.229	 -12.764	  22.349
5367	 CA 	398	 -23.084	 -11.064	  21.030
6370	 CA 	462	 -17.644	 -13.340	   3.737
6406	 CA 	465	 -19.176	 -17.299	   6.263
6933	 CA 	500	 -14.145	 -12.433	  15.143
6980	 CA 	503	 -14.910	 -13.413	  10.380
21341	CLA 	735	 -23.847	   3.131	   2.711
21342	CLA 	736	 -24.606	  -3.674	 -14.859
21344	CLA 	736	  34.623	   0.959	 -25.042
