786	 CA 	110	 -48.216	  -2.253	  30.902
806	 CA 	111	 -50.445	   0.646	  32.151
821	 CA 	112	 -51.795	   3.624	  30.172
894	 CA 	116	 -58.321	   3.385	  34.514
1467	 CA 	151	 -38.931	   2.437	  -4.998
1477	 CA 	152	 -41.915	   3.066	  -7.326
1497	 CA 	153	 -40.727	   6.743	  -8.000
2201	 CA 	197	 -31.790	   7.767	  -8.595
2279	 CA 	202	 -31.252	   4.071	  -0.784
2324	 CA 	206	 -31.133	  -1.043	   2.550
2373	 CA 	209	 -22.946	  -0.331	  -2.177
2380	 CA 	210	 -21.985	   3.258	  -3.036
5325	 CA 	395	 -27.037	 -18.707	  22.658
5344	 CA 	396	 -30.256	 -17.296	  24.360
5356	 CA 	397	 -29.279	 -13.747	  23.543
5367	 CA 	398	 -26.396	 -12.830	  21.201
6370	 CA 	462	 -18.980	 -12.824	   3.851
6406	 CA 	465	 -20.454	 -16.920	   6.201
6933	 CA 	500	 -15.976	 -12.604	  15.260
6980	 CA 	503	 -16.386	 -13.486	  10.539
21341	CLA 	735	 -21.776	   2.978	   2.181
21342	CLA 	736	 -24.867	  -2.837	 -14.543
21344	CLA 	736	  34.958	   5.733	  -9.139
