786	 CA 	110	 -49.083	   3.318	  33.731
806	 CA 	111	 -51.237	   6.243	  35.014
821	 CA 	112	 -54.137	   7.417	  33.022
894	 CA 	116	 -60.610	   3.089	  33.887
1467	 CA 	151	 -38.481	   1.653	  -3.110
1477	 CA 	152	 -41.647	   2.281	  -5.221
1497	 CA 	153	 -40.689	   5.930	  -5.955
2201	 CA 	197	 -32.043	   6.617	  -7.009
2279	 CA 	202	 -30.794	   3.258	   0.573
2324	 CA 	206	 -30.113	  -0.940	   3.381
2373	 CA 	209	 -22.637	   0.132	  -2.350
2380	 CA 	210	 -21.382	   3.704	  -2.600
5325	 CA 	395	 -21.200	 -19.902	  25.575
5344	 CA 	396	 -24.776	 -20.205	  24.059
5356	 CA 	397	 -25.010	 -16.898	  22.166
5367	 CA 	398	 -22.697	 -14.220	  20.789
6370	 CA 	462	 -17.420	 -12.525	   4.048
6406	 CA 	465	 -18.473	 -16.490	   6.755
6933	 CA 	500	 -12.938	 -12.347	  15.079
6980	 CA 	503	 -13.708	 -12.772	  10.543
21341	CLA 	735	 -19.511	   0.874	  -0.392
21342	CLA 	736	 -24.458	  -1.456	 -15.276
21344	CLA 	736	  30.414	   2.888	 -15.377
