786	 CA 	110	 -45.287	  -0.033	  33.715
806	 CA 	111	 -47.239	   3.161	  34.528
821	 CA 	112	 -49.219	   5.717	  32.508
894	 CA 	116	 -54.536	   5.418	  37.441
1467	 CA 	151	 -38.697	   2.561	  -3.741
1477	 CA 	152	 -41.716	   3.129	  -5.963
1497	 CA 	153	 -40.182	   6.559	  -6.953
2201	 CA 	197	 -32.105	   7.302	  -7.868
2279	 CA 	202	 -31.393	   3.315	  -0.335
2324	 CA 	206	 -31.356	  -1.698	   2.835
2373	 CA 	209	 -23.094	  -0.608	  -1.886
2380	 CA 	210	 -22.292	   2.907	  -2.961
5325	 CA 	395	 -27.012	 -17.710	  21.848
5344	 CA 	396	 -28.587	 -15.601	  24.719
5356	 CA 	397	 -27.510	 -12.153	  23.469
5367	 CA 	398	 -24.640	 -10.951	  21.158
6370	 CA 	462	 -18.335	 -12.821	   3.769
6406	 CA 	465	 -19.331	 -16.879	   5.814
6933	 CA 	500	 -14.505	 -12.311	  14.895
6980	 CA 	503	 -15.126	 -13.364	  10.089
21341	CLA 	735	 -21.615	   2.542	   2.469
21342	CLA 	736	 -24.866	  -2.868	 -14.580
21344	CLA 	736	  33.400	   4.352	 -10.832
