786	 CA 	110	 -48.525	  -2.571	  33.429
806	 CA 	111	 -50.907	   0.413	  34.300
821	 CA 	112	 -52.745	   3.114	  32.338
894	 CA 	116	 -57.185	   2.562	  36.916
1467	 CA 	151	 -39.214	   1.578	  -3.986
1477	 CA 	152	 -41.960	   2.182	  -6.578
1497	 CA 	153	 -40.624	   5.725	  -7.161
2201	 CA 	197	 -32.713	   7.257	  -8.111
2279	 CA 	202	 -31.560	   3.816	  -0.233
2324	 CA 	206	 -31.494	  -1.137	   2.889
2373	 CA 	209	 -22.985	   0.138	  -1.902
2380	 CA 	210	 -22.017	   3.597	  -3.024
5325	 CA 	395	 -26.922	 -17.279	  20.445
5344	 CA 	396	 -26.772	 -14.760	  23.316
5356	 CA 	397	 -26.598	 -11.634	  20.866
5367	 CA 	398	 -23.314	  -9.857	  19.944
6370	 CA 	462	 -18.336	 -12.302	   4.210
6406	 CA 	465	 -19.488	 -16.666	   6.117
6933	 CA 	500	 -15.071	 -12.704	  15.135
6980	 CA 	503	 -15.285	 -13.021	  10.688
21341	CLA 	735	 -23.548	   3.846	   3.281
21342	CLA 	736	 -25.103	  -2.883	 -14.671
21344	CLA 	736	  34.731	   6.112	 -11.164
