786	 CA 	110	 -48.506	  -1.837	  31.806
806	 CA 	111	 -50.752	   1.193	  31.907
821	 CA 	112	 -52.783	   3.855	  30.065
894	 CA 	116	 -57.599	   4.070	  35.587
1467	 CA 	151	 -39.062	   1.636	  -4.622
1477	 CA 	152	 -41.880	   2.457	  -7.059
1497	 CA 	153	 -40.416	   5.995	  -7.779
2201	 CA 	197	 -32.269	   7.319	  -7.964
2279	 CA 	202	 -31.756	   3.021	  -0.635
2324	 CA 	206	 -31.677	  -2.198	   2.308
2373	 CA 	209	 -23.055	  -0.264	  -2.337
2380	 CA 	210	 -21.951	   3.270	  -2.963
5325	 CA 	395	 -27.835	 -16.611	  21.038
5344	 CA 	396	 -27.420	 -14.088	  23.807
5356	 CA 	397	 -27.068	 -11.175	  21.351
5367	 CA 	398	 -23.840	 -10.052	  19.796
6370	 CA 	462	 -18.631	 -12.888	   3.934
6406	 CA 	465	 -20.071	 -16.980	   6.291
6933	 CA 	500	 -15.089	 -12.306	  15.441
6980	 CA 	503	 -15.550	 -13.039	  10.486
21341	CLA 	735	 -23.607	   3.440	   2.621
21342	CLA 	736	 -25.217	  -2.740	 -14.833
21344	CLA 	736	  33.712	   5.412	  -9.313
