786	 CA 	110	 -45.967	  -4.709	  32.857
806	 CA 	111	 -47.623	  -1.838	  34.966
821	 CA 	112	 -48.423	   1.732	  33.980
894	 CA 	116	 -55.150	   2.251	  37.644
1467	 CA 	151	 -39.141	   2.639	  -3.863
1477	 CA 	152	 -42.169	   3.361	  -6.286
1497	 CA 	153	 -40.663	   6.696	  -7.428
2201	 CA 	197	 -32.379	   7.267	  -8.178
2279	 CA 	202	 -31.618	   3.854	  -0.256
2324	 CA 	206	 -31.502	  -1.209	   2.909
2373	 CA 	209	 -22.954	  -0.293	  -2.118
2380	 CA 	210	 -21.664	   3.325	  -2.847
5325	 CA 	395	 -26.505	 -17.804	  21.054
5344	 CA 	396	 -26.837	 -15.044	  23.684
5356	 CA 	397	 -26.969	 -12.330	  20.989
5367	 CA 	398	 -23.559	 -10.978	  19.812
6370	 CA 	462	 -17.837	 -12.659	   3.566
6406	 CA 	465	 -19.180	 -16.762	   5.747
6933	 CA 	500	 -14.514	 -11.991	  14.858
6980	 CA 	503	 -15.140	 -12.934	   9.838
21341	CLA 	735	 -23.693	   3.067	   2.134
21342	CLA 	736	 -24.139	  -2.607	 -14.916
21344	CLA 	736	  34.068	   8.018	 -13.994
