786	 CA 	110	 -45.345	   2.172	  35.511
806	 CA 	111	 -48.226	   2.504	  38.003
821	 CA 	112	 -51.291	   4.607	  36.835
894	 CA 	116	 -54.818	   1.565	  39.936
1467	 CA 	151	 -38.137	   2.620	  -3.083
1477	 CA 	152	 -41.123	   2.911	  -5.400
1497	 CA 	153	 -40.268	   6.569	  -6.241
2201	 CA 	197	 -31.432	   6.149	  -6.641
2279	 CA 	202	 -30.447	   2.912	   1.359
2324	 CA 	206	 -29.898	  -1.850	   4.545
2373	 CA 	209	 -22.282	  -0.639	  -1.171
2380	 CA 	210	 -21.693	   2.665	  -2.677
5325	 CA 	395	 -22.401	 -18.488	  22.458
5344	 CA 	396	 -21.527	 -16.251	  25.517
5356	 CA 	397	 -22.492	 -13.114	  23.776
5367	 CA 	398	 -20.446	 -10.772	  21.656
6370	 CA 	462	 -17.252	 -12.869	   4.430
6406	 CA 	465	 -18.783	 -16.909	   6.772
6933	 CA 	500	 -12.322	 -12.291	  14.634
6980	 CA 	503	 -13.602	 -13.219	  10.466
21341	CLA 	735	 -21.909	   2.117	   4.585
21342	CLA 	736	 -24.469	  -3.208	 -14.656
21344	CLA 	736	  19.022	  63.785	 -29.833
