786	 CA 	110	 -46.667	   0.279	  31.878
806	 CA 	111	 -49.173	   2.908	  33.140
821	 CA 	112	 -51.314	   5.422	  31.457
894	 CA 	116	 -56.654	   5.249	  36.164
1467	 CA 	151	 -38.556	   2.819	  -4.746
1477	 CA 	152	 -41.470	   3.094	  -7.355
1497	 CA 	153	 -40.312	   6.671	  -8.274
2201	 CA 	197	 -31.874	   7.547	  -9.166
2279	 CA 	202	 -31.071	   5.010	  -0.989
2324	 CA 	206	 -31.696	  -0.474	   2.489
2373	 CA 	209	 -23.196	  -0.417	  -2.166
2380	 CA 	210	 -22.469	   3.099	  -3.167
5325	 CA 	395	 -26.089	 -17.625	  23.329
5344	 CA 	396	 -29.326	 -15.965	  24.780
5356	 CA 	397	 -27.917	 -12.569	  23.528
5367	 CA 	398	 -24.945	 -11.721	  21.371
6370	 CA 	462	 -18.546	 -12.078	   4.159
6406	 CA 	465	 -20.297	 -16.344	   6.980
6933	 CA 	500	 -14.980	 -11.810	  15.554
6980	 CA 	503	 -15.543	 -12.494	  10.859
21341	CLA 	735	 -21.815	   3.112	   1.301
21342	CLA 	736	 -25.144	  -3.004	 -14.781
21344	CLA 	736	  35.030	   4.124	 -10.952
