786	 CA 	110	 -45.761	  -1.455	  32.171
806	 CA 	111	 -48.109	   1.370	  33.338
821	 CA 	112	 -49.908	   4.318	  31.965
894	 CA 	116	 -55.402	   3.718	  36.921
1467	 CA 	151	 -38.405	   2.869	  -4.090
1477	 CA 	152	 -41.324	   3.293	  -6.727
1497	 CA 	153	 -39.993	   6.822	  -7.491
2201	 CA 	197	 -31.904	   7.402	  -8.543
2279	 CA 	202	 -31.153	   3.761	  -0.883
2324	 CA 	206	 -31.000	  -1.212	   2.879
2373	 CA 	209	 -22.995	  -0.301	  -2.417
2380	 CA 	210	 -22.039	   3.316	  -3.245
5325	 CA 	395	 -25.340	 -18.288	  23.459
5344	 CA 	396	 -27.606	 -16.030	  25.491
5356	 CA 	397	 -26.558	 -12.652	  23.857
5367	 CA 	398	 -23.952	 -11.264	  21.488
6370	 CA 	462	 -18.364	 -12.457	   4.354
6406	 CA 	465	 -19.803	 -16.489	   6.868
6933	 CA 	500	 -14.492	 -12.048	  15.601
6980	 CA 	503	 -15.116	 -12.923	  10.814
21341	CLA 	735	 -22.397	   2.919	   2.168
21342	CLA 	736	 -25.257	  -2.889	 -14.327
21344	CLA 	736	  34.197	   4.542	 -11.939
