786	 CA 	110	 -47.259	  -2.745	  32.297
806	 CA 	111	 -49.908	  -0.295	  33.708
821	 CA 	112	 -51.726	   2.845	  32.570
894	 CA 	116	 -59.860	   3.468	  34.329
1467	 CA 	151	 -39.253	   2.070	  -4.507
1477	 CA 	152	 -42.201	   2.862	  -6.957
1497	 CA 	153	 -40.698	   6.328	  -7.152
2201	 CA 	197	 -32.004	   7.337	  -8.304
2279	 CA 	202	 -31.286	   3.513	  -0.651
2324	 CA 	206	 -31.013	  -1.756	   2.972
2373	 CA 	209	 -22.764	  -0.444	  -2.316
2380	 CA 	210	 -21.804	   3.098	  -3.219
5325	 CA 	395	 -25.390	 -17.601	  22.782
5344	 CA 	396	 -29.205	 -17.131	  23.084
5356	 CA 	397	 -28.722	 -14.012	  20.731
5367	 CA 	398	 -25.625	 -11.986	  19.513
6370	 CA 	462	 -18.121	 -12.822	   3.653
6406	 CA 	465	 -19.604	 -17.076	   5.874
6933	 CA 	500	 -14.711	 -13.203	  14.740
6980	 CA 	503	 -15.234	 -13.784	  10.002
21341	CLA 	735	 -21.711	   3.112	   1.916
21342	CLA 	736	 -24.833	  -2.847	 -14.716
21344	CLA 	736	  33.663	   7.198	 -10.270
