786	 CA 	110	 -48.525	  -2.200	  32.694
806	 CA 	111	 -50.956	   0.567	  33.297
821	 CA 	112	 -53.029	   3.288	  31.410
894	 CA 	116	 -58.716	   2.669	  35.345
1467	 CA 	151	 -39.149	   1.618	  -4.657
1477	 CA 	152	 -41.862	   2.427	  -7.363
1497	 CA 	153	 -40.643	   6.063	  -7.671
2201	 CA 	197	 -32.907	   7.437	  -8.450
2279	 CA 	202	 -31.820	   3.064	  -0.901
2324	 CA 	206	 -31.545	  -1.507	   2.435
2373	 CA 	209	 -23.685	  -0.810	  -2.373
2380	 CA 	210	 -22.945	   2.732	  -3.722
5325	 CA 	395	 -26.002	 -18.169	  20.023
5344	 CA 	396	 -25.586	 -16.616	  23.515
5356	 CA 	397	 -26.457	 -13.054	  22.166
5367	 CA 	398	 -24.096	 -10.858	  20.160
6370	 CA 	462	 -18.358	 -13.163	   3.790
6406	 CA 	465	 -19.816	 -17.248	   6.028
6933	 CA 	500	 -15.008	 -12.496	  14.695
6980	 CA 	503	 -15.447	 -13.340	  10.053
21341	CLA 	735	 -22.971	   2.456	   3.163
21342	CLA 	736	 -24.250	  -2.602	 -15.080
21344	CLA 	736	  34.021	   5.765	 -10.218
