786	 CA 	110	 -47.698	   2.975	  35.240
806	 CA 	111	 -50.081	   5.287	  37.281
821	 CA 	112	 -52.771	   7.299	  35.312
894	 CA 	116	 -60.067	   3.055	  35.537
1467	 CA 	151	 -38.569	   1.106	  -2.142
1477	 CA 	152	 -41.610	   1.889	  -4.470
1497	 CA 	153	 -40.571	   5.561	  -5.121
2201	 CA 	197	 -31.658	   6.494	  -6.916
2279	 CA 	202	 -30.498	   3.046	   0.859
2324	 CA 	206	 -29.971	  -1.378	   3.774
2373	 CA 	209	 -22.257	  -0.049	  -2.163
2380	 CA 	210	 -21.337	   3.690	  -2.495
5325	 CA 	395	 -20.082	 -19.662	  25.951
5344	 CA 	396	 -23.555	 -20.771	  24.939
5356	 CA 	397	 -24.959	 -17.778	  23.015
5367	 CA 	398	 -22.749	 -15.484	  20.906
6370	 CA 	462	 -16.670	 -12.343	   4.623
6406	 CA 	465	 -18.279	 -16.368	   7.211
6933	 CA 	500	 -12.319	 -11.910	  14.880
6980	 CA 	503	 -13.284	 -12.927	  10.534
21341	CLA 	735	 -18.928	   1.006	  -0.712
21342	CLA 	736	 -24.839	  -2.153	 -15.218
21344	CLA 	736	  29.476	   2.939	 -16.031
