786	 CA 	110	 -49.590	  -1.554	  30.815
806	 CA 	111	 -51.491	   1.613	  31.913
821	 CA 	112	 -52.446	   4.988	  30.305
894	 CA 	116	 -59.133	   4.129	  33.667
1467	 CA 	151	 -39.605	   3.577	  -5.278
1477	 CA 	152	 -42.492	   4.399	  -7.691
1497	 CA 	153	 -41.009	   7.908	  -8.217
2201	 CA 	197	 -32.065	   8.054	  -8.679
2279	 CA 	202	 -31.492	   4.261	  -0.852
2324	 CA 	206	 -31.688	  -0.239	   2.477
2373	 CA 	209	 -23.354	  -0.137	  -2.226
2380	 CA 	210	 -22.125	   3.305	  -3.331
5325	 CA 	395	 -28.281	 -17.156	  23.239
5344	 CA 	396	 -32.010	 -15.779	  23.537
5356	 CA 	397	 -30.578	 -12.476	  22.279
5367	 CA 	398	 -27.046	 -11.701	  20.952
6370	 CA 	462	 -19.511	 -12.554	   3.888
6406	 CA 	465	 -21.175	 -16.418	   6.118
6933	 CA 	500	 -16.065	 -12.255	  15.111
6980	 CA 	503	 -16.480	 -13.186	  10.468
21341	CLA 	735	 -21.500	   2.361	   0.964
21342	CLA 	736	 -24.363	  -1.776	 -15.228
21344	CLA 	736	  33.470	   3.850	  -9.159
