786	 CA 	110	 -43.988	   0.323	  34.421
806	 CA 	111	 -45.907	   3.567	  35.439
821	 CA 	112	 -48.797	   5.256	  33.754
894	 CA 	116	 -53.889	   3.865	  37.250
1467	 CA 	151	 -38.646	   2.132	  -4.072
1477	 CA 	152	 -41.682	   2.337	  -6.477
1497	 CA 	153	 -40.547	   5.791	  -7.635
2201	 CA 	197	 -32.485	   7.096	  -7.908
2279	 CA 	202	 -31.519	   3.390	  -0.194
2324	 CA 	206	 -31.157	  -1.807	   3.403
2373	 CA 	209	 -23.217	  -0.379	  -1.892
2380	 CA 	210	 -22.544	   3.111	  -3.211
5325	 CA 	395	 -26.161	 -17.916	  22.042
5344	 CA 	396	 -25.788	 -15.803	  25.090
5356	 CA 	397	 -26.211	 -12.611	  22.917
5367	 CA 	398	 -23.463	 -10.684	  21.235
6370	 CA 	462	 -17.759	 -13.352	   3.870
6406	 CA 	465	 -19.449	 -17.332	   6.587
6933	 CA 	500	 -14.531	 -12.379	  15.340
6980	 CA 	503	 -14.797	 -13.141	  10.727
21341	CLA 	735	 -23.965	   3.332	   3.376
21342	CLA 	736	 -24.789	  -2.971	 -14.785
21344	CLA 	736	  38.195	  -0.867	 -27.119
