786	 CA 	110	 -47.047	  -3.883	  33.252
806	 CA 	111	 -49.170	  -0.855	  34.223
821	 CA 	112	 -50.455	   2.293	  32.481
894	 CA 	116	 -57.905	   2.881	  35.136
1467	 CA 	151	 -39.015	   2.157	  -4.610
1477	 CA 	152	 -41.959	   2.479	  -7.014
1497	 CA 	153	 -40.952	   6.224	  -7.722
2201	 CA 	197	 -32.492	   6.997	  -8.077
2279	 CA 	202	 -32.164	   3.204	  -0.180
2324	 CA 	206	 -30.368	  -1.676	   2.986
2373	 CA 	209	 -22.966	  -0.440	  -2.590
2380	 CA 	210	 -21.605	   3.009	  -3.137
5325	 CA 	395	 -27.601	 -17.599	  19.672
5344	 CA 	396	 -28.357	 -15.422	  22.797
5356	 CA 	397	 -27.431	 -12.095	  21.004
5367	 CA 	398	 -24.962	 -10.608	  18.459
6370	 CA 	462	 -18.393	 -13.555	   3.299
6406	 CA 	465	 -19.721	 -18.133	   5.583
6933	 CA 	500	 -15.154	 -13.704	  14.697
6980	 CA 	503	 -15.490	 -14.780	   9.854
21341	CLA 	735	 -22.420	   3.221	   3.154
21342	CLA 	736	 -24.471	  -2.555	 -15.330
21344	CLA 	736	  35.496	   7.648	 -13.515
