786	 CA 	110	 -45.775	  -0.283	  31.798
806	 CA 	111	 -47.498	   2.547	  33.639
821	 CA 	112	 -49.426	   5.616	  32.377
894	 CA 	116	 -55.046	   4.947	  37.408
1467	 CA 	151	 -39.301	   2.642	  -4.136
1477	 CA 	152	 -42.017	   3.212	  -6.773
1497	 CA 	153	 -40.987	   6.842	  -7.220
2201	 CA 	197	 -32.240	   7.707	  -8.230
2279	 CA 	202	 -31.746	   4.116	  -0.460
2324	 CA 	206	 -31.323	  -0.634	   3.512
2373	 CA 	209	 -23.135	  -0.171	  -1.412
2380	 CA 	210	 -22.285	   3.315	  -2.860
5325	 CA 	395	 -25.661	 -18.039	  23.710
5344	 CA 	396	 -29.102	 -16.630	  24.739
5356	 CA 	397	 -28.242	 -13.066	  23.779
5367	 CA 	398	 -25.230	 -11.574	  21.725
6370	 CA 	462	 -18.622	 -12.556	   4.031
6406	 CA 	465	 -19.985	 -16.499	   6.744
6933	 CA 	500	 -14.895	 -11.880	  15.353
6980	 CA 	503	 -15.335	 -12.778	  10.537
21341	CLA 	735	 -21.750	   3.133	   1.297
21342	CLA 	736	 -25.115	  -2.803	 -14.494
21344	CLA 	736	  34.114	   5.058	 -11.336
