786	 CA 	110	 -47.904	  -2.020	  32.228
806	 CA 	111	 -50.283	   0.785	  33.205
821	 CA 	112	 -52.017	   3.547	  31.262
894	 CA 	116	 -57.785	   3.020	  35.731
1467	 CA 	151	 -38.710	   1.396	  -4.154
1477	 CA 	152	 -41.566	   2.147	  -6.540
1497	 CA 	153	 -40.310	   5.683	  -7.171
2201	 CA 	197	 -32.314	   6.760	  -8.032
2279	 CA 	202	 -31.303	   3.241	  -0.272
2324	 CA 	206	 -30.984	  -1.658	   2.908
2373	 CA 	209	 -22.779	  -0.564	  -2.114
2380	 CA 	210	 -22.071	   3.043	  -3.235
5325	 CA 	395	 -26.439	 -17.647	  20.280
5344	 CA 	396	 -26.056	 -15.025	  23.144
5356	 CA 	397	 -25.857	 -12.389	  20.336
5367	 CA 	398	 -22.628	 -10.974	  19.165
6370	 CA 	462	 -17.993	 -13.092	   3.999
6406	 CA 	465	 -19.453	 -17.447	   6.008
6933	 CA 	500	 -14.578	 -12.911	  15.313
6980	 CA 	503	 -15.035	 -13.423	  10.249
21341	CLA 	735	 -23.681	   3.960	   4.514
21342	CLA 	736	 -24.927	  -2.999	 -15.203
21344	CLA 	736	  34.965	   6.028	 -12.647
