786	 CA 	110	 -45.620	  -4.418	  33.956
806	 CA 	111	 -48.044	  -1.799	  35.442
821	 CA 	112	 -49.556	   1.536	  34.202
894	 CA 	116	 -56.411	   1.847	  37.692
1467	 CA 	151	 -38.790	   2.044	  -4.446
1477	 CA 	152	 -41.680	   3.149	  -6.780
1497	 CA 	153	 -40.101	   6.464	  -7.337
2201	 CA 	197	 -32.081	   7.545	  -8.522
2279	 CA 	202	 -31.436	   3.614	  -0.880
2324	 CA 	206	 -32.018	  -1.474	   2.471
2373	 CA 	209	 -23.172	  -0.530	  -2.533
2380	 CA 	210	 -22.344	   3.018	  -3.310
5325	 CA 	395	 -26.679	 -17.459	  21.514
5344	 CA 	396	 -27.619	 -14.715	  23.990
5356	 CA 	397	 -27.977	 -12.015	  21.294
5367	 CA 	398	 -24.432	 -10.847	  20.307
6370	 CA 	462	 -18.601	 -13.035	   3.606
6406	 CA 	465	 -19.747	 -16.836	   5.721
6933	 CA 	500	 -15.079	 -12.206	  14.718
6980	 CA 	503	 -15.764	 -13.418	   9.953
21341	CLA 	735	 -23.463	   2.382	   3.199
21342	CLA 	736	 -24.560	  -2.896	 -14.797
21344	CLA 	736	  36.187	   6.113	 -12.335
