786	 CA 	110	 -44.734	  -2.065	  34.762
806	 CA 	111	 -47.357	   0.383	  35.941
821	 CA 	112	 -49.288	   3.369	  34.353
894	 CA 	116	 -56.382	   3.373	  36.989
1467	 CA 	151	 -38.558	   1.842	  -3.877
1477	 CA 	152	 -41.600	   2.155	  -6.127
1497	 CA 	153	 -40.293	   5.752	  -6.938
2201	 CA 	197	 -32.282	   6.528	  -7.326
2279	 CA 	202	 -31.018	   2.891	   0.598
2324	 CA 	206	 -30.898	  -1.665	   4.033
2373	 CA 	209	 -22.828	  -0.647	  -1.145
2380	 CA 	210	 -22.177	   2.700	  -2.986
5325	 CA 	395	 -24.926	 -17.816	  22.332
5344	 CA 	396	 -24.483	 -15.378	  25.258
5356	 CA 	397	 -24.469	 -12.342	  22.855
5367	 CA 	398	 -21.799	 -10.118	  21.204
6370	 CA 	462	 -18.148	 -13.121	   4.446
6406	 CA 	465	 -19.206	 -17.066	   6.628
6933	 CA 	500	 -13.430	 -12.978	  15.406
6980	 CA 	503	 -14.550	 -13.973	  10.869
21341	CLA 	735	 -22.932	   3.594	   4.452
21342	CLA 	736	 -24.266	  -2.775	 -14.730
21344	CLA 	736	  30.833	  21.364	 -44.415
