786	 CA 	110	 -49.290	   3.949	  33.611
806	 CA 	111	 -51.125	   7.068	  34.986
821	 CA 	112	 -53.512	   8.881	  32.425
894	 CA 	116	 -60.204	   6.152	  33.557
1467	 CA 	151	 -38.591	   1.663	  -3.401
1477	 CA 	152	 -41.434	   2.255	  -5.917
1497	 CA 	153	 -40.737	   5.953	  -6.341
2201	 CA 	197	 -32.265	   6.589	  -7.425
2279	 CA 	202	 -31.373	   3.544	   0.471
2324	 CA 	206	 -30.744	  -0.419	   3.085
2373	 CA 	209	 -22.641	   0.107	  -1.766
2380	 CA 	210	 -21.307	   3.727	  -2.267
5325	 CA 	395	 -21.447	 -18.630	  26.410
5344	 CA 	396	 -25.224	 -18.459	  25.350
5356	 CA 	397	 -25.996	 -15.418	  23.203
5367	 CA 	398	 -23.589	 -12.992	  21.408
6370	 CA 	462	 -17.189	 -12.959	   4.298
6406	 CA 	465	 -18.402	 -16.607	   6.950
6933	 CA 	500	 -12.647	 -11.326	  15.091
6980	 CA 	503	 -13.863	 -12.725	  10.512
21341	CLA 	735	 -20.590	   1.126	   1.161
21342	CLA 	736	 -24.394	  -1.387	 -15.333
21344	CLA 	736	  29.912	   2.135	 -14.828
