786	 CA 	110	 -47.869	  -1.603	  33.226
806	 CA 	111	 -50.703	   0.721	  34.269
821	 CA 	112	 -53.108	   2.824	  32.253
894	 CA 	116	 -60.311	   0.748	  34.009
1467	 CA 	151	 -38.990	   0.773	  -3.216
1477	 CA 	152	 -41.986	   1.636	  -5.574
1497	 CA 	153	 -40.760	   5.240	  -5.823
2201	 CA 	197	 -32.136	   6.119	  -7.301
2279	 CA 	202	 -30.880	   2.884	   0.883
2324	 CA 	206	 -30.438	  -1.275	   3.946
2373	 CA 	209	 -22.085	  -0.316	  -2.040
2380	 CA 	210	 -21.594	   3.435	  -2.874
5325	 CA 	395	 -22.862	 -20.121	  25.280
5344	 CA 	396	 -26.431	 -19.900	  23.906
5356	 CA 	397	 -27.182	 -16.546	  22.215
5367	 CA 	398	 -23.883	 -15.374	  20.649
6370	 CA 	462	 -17.523	 -12.643	   4.110
6406	 CA 	465	 -19.136	 -16.699	   6.527
6933	 CA 	500	 -13.296	 -12.895	  15.667
6980	 CA 	503	 -13.701	 -13.693	  10.720
21341	CLA 	735	 -22.717	   3.081	   3.675
21342	CLA 	736	 -24.642	  -1.961	 -15.115
21344	CLA 	736	  29.899	   3.822	 -15.459
