786	 CA 	110	 -46.851	  -1.419	  32.688
806	 CA 	111	 -48.854	   1.536	  34.060
821	 CA 	112	 -50.401	   4.336	  32.044
894	 CA 	116	 -56.224	   3.918	  35.836
1467	 CA 	151	 -38.558	   2.271	  -4.149
1477	 CA 	152	 -41.494	   2.927	  -6.542
1497	 CA 	153	 -39.905	   6.447	  -7.393
2201	 CA 	197	 -32.159	   7.352	  -8.624
2279	 CA 	202	 -31.075	   3.577	  -0.555
2324	 CA 	206	 -30.832	  -1.063	   2.919
2373	 CA 	209	 -22.707	  -0.357	  -1.994
2380	 CA 	210	 -21.833	   3.256	  -3.104
5325	 CA 	395	 -25.914	 -18.284	  20.848
5344	 CA 	396	 -26.567	 -16.712	  24.271
5356	 CA 	397	 -26.132	 -13.246	  22.660
5367	 CA 	398	 -23.048	 -11.400	  21.390
6370	 CA 	462	 -18.125	 -12.728	   3.970
6406	 CA 	465	 -19.397	 -17.099	   6.222
6933	 CA 	500	 -14.372	 -12.862	  15.143
6980	 CA 	503	 -14.889	 -13.394	  10.385
21341	CLA 	735	 -22.428	   3.732	   3.463
21342	CLA 	736	 -24.204	  -2.899	 -14.902
21344	CLA 	736	  33.852	   5.335	 -10.384
