786	 CA 	110	 -48.846	  -2.228	  33.411
806	 CA 	111	 -51.176	   0.502	  34.620
821	 CA 	112	 -53.192	   3.425	  32.971
894	 CA 	116	 -59.551	   3.993	  36.715
1467	 CA 	151	 -38.718	   1.896	  -3.828
1477	 CA 	152	 -41.633	   2.389	  -6.357
1497	 CA 	153	 -40.586	   5.994	  -7.286
2201	 CA 	197	 -32.446	   7.474	  -8.158
2279	 CA 	202	 -31.695	   3.435	  -0.172
2324	 CA 	206	 -31.546	  -1.677	   3.079
2373	 CA 	209	 -23.259	  -1.105	  -2.371
2380	 CA 	210	 -22.541	   2.536	  -3.206
5325	 CA 	395	 -26.584	 -17.804	  20.712
5344	 CA 	396	 -26.582	 -15.233	  23.610
5356	 CA 	397	 -25.843	 -12.618	  20.914
5367	 CA 	398	 -22.569	 -12.104	  19.189
6370	 CA 	462	 -18.190	 -13.112	   3.337
6406	 CA 	465	 -19.572	 -17.507	   5.683
6933	 CA 	500	 -14.714	 -12.901	  14.361
6980	 CA 	503	 -15.146	 -13.967	   9.509
21341	CLA 	735	 -22.859	   3.651	   4.215
21342	CLA 	736	 -24.324	  -2.622	 -15.064
21344	CLA 	736	  37.115	   5.804	 -13.594
