786	 CA 	110	 -47.384	  -0.542	  33.552
806	 CA 	111	 -49.438	   2.360	  34.833
821	 CA 	112	 -51.764	   4.756	  32.643
894	 CA 	116	 -58.265	   3.585	  35.605
1467	 CA 	151	 -38.136	   2.023	  -3.128
1477	 CA 	152	 -41.158	   2.476	  -5.340
1497	 CA 	153	 -40.256	   6.261	  -5.914
2201	 CA 	197	 -31.933	   7.044	  -6.948
2279	 CA 	202	 -30.536	   3.734	   0.815
2324	 CA 	206	 -30.413	  -0.900	   3.279
2373	 CA 	209	 -21.965	  -0.200	  -2.026
2380	 CA 	210	 -21.618	   3.314	  -3.137
5325	 CA 	395	 -21.853	 -17.940	  25.869
5344	 CA 	396	 -25.728	 -18.617	  25.916
5356	 CA 	397	 -27.637	 -15.658	  24.508
5367	 CA 	398	 -25.679	 -13.907	  21.669
6370	 CA 	462	 -17.246	 -12.653	   4.035
6406	 CA 	465	 -18.807	 -16.914	   6.390
6933	 CA 	500	 -13.201	 -11.961	  15.118
6980	 CA 	503	 -14.455	 -12.755	  10.301
21341	CLA 	735	 -22.599	   2.637	   3.181
21342	CLA 	736	 -25.260	  -2.460	 -14.577
21344	CLA 	736	  34.293	   5.680	 -13.532
