786	 CA 	110	 -48.675	  -2.979	  32.307
806	 CA 	111	 -50.643	   0.169	  33.501
821	 CA 	112	 -53.242	   1.994	  31.443
894	 CA 	116	 -59.963	   0.269	  34.676
1467	 CA 	151	 -38.713	   1.464	  -4.079
1477	 CA 	152	 -41.509	   2.527	  -6.483
1497	 CA 	153	 -40.294	   6.186	  -6.424
2201	 CA 	197	 -31.811	   7.096	  -7.246
2279	 CA 	202	 -31.071	   2.917	   0.047
2324	 CA 	206	 -30.883	  -1.459	   3.036
2373	 CA 	209	 -22.747	  -0.222	  -1.954
2380	 CA 	210	 -21.649	   3.170	  -3.223
5325	 CA 	395	 -24.770	 -18.891	  23.747
5344	 CA 	396	 -28.571	 -19.105	  23.595
5356	 CA 	397	 -29.026	 -15.664	  21.963
5367	 CA 	398	 -26.475	 -13.347	  20.347
6370	 CA 	462	 -18.121	 -12.855	   4.028
6406	 CA 	465	 -19.512	 -16.873	   6.396
6933	 CA 	500	 -14.208	 -12.320	  14.777
6980	 CA 	503	 -14.799	 -13.236	  10.300
21341	CLA 	735	 -21.532	   2.797	   1.688
21342	CLA 	736	 -24.425	  -2.507	 -15.391
21344	CLA 	736	  33.464	   5.532	 -14.393
