786	 CA 	110	 -48.656	  -0.903	  32.891
806	 CA 	111	 -50.825	   2.008	  34.071
821	 CA 	112	 -52.921	   4.686	  32.199
894	 CA 	116	 -60.348	   2.706	  33.863
1467	 CA 	151	 -38.797	   0.792	  -3.874
1477	 CA 	152	 -41.678	   1.923	  -6.030
1497	 CA 	153	 -40.418	   5.431	  -6.466
2201	 CA 	197	 -32.166	   6.960	  -7.365
2279	 CA 	202	 -30.576	   3.135	   0.124
2324	 CA 	206	 -30.498	  -1.588	   3.504
2373	 CA 	209	 -23.202	  -0.794	  -2.446
2380	 CA 	210	 -22.457	   2.871	  -3.023
5325	 CA 	395	 -23.060	 -20.410	  25.530
5344	 CA 	396	 -26.664	 -19.577	  24.609
5356	 CA 	397	 -27.563	 -16.657	  22.288
5367	 CA 	398	 -24.707	 -15.134	  20.466
6370	 CA 	462	 -17.588	 -12.469	   4.449
6406	 CA 	465	 -19.493	 -16.440	   6.871
6933	 CA 	500	 -13.020	 -12.852	  15.652
6980	 CA 	503	 -14.395	 -13.329	  10.802
21341	CLA 	735	 -21.244	   2.836	   2.496
21342	CLA 	736	 -24.781	  -1.856	 -15.348
21344	CLA 	736	  30.365	   3.717	 -14.682
