786	 CA 	110	 -46.268	  -0.895	  32.276
806	 CA 	111	 -48.525	   1.864	  33.619
821	 CA 	112	 -50.401	   4.618	  31.785
894	 CA 	116	 -56.223	   5.172	  36.186
1467	 CA 	151	 -38.968	   2.567	  -4.279
1477	 CA 	152	 -41.857	   3.431	  -6.736
1497	 CA 	153	 -39.948	   6.554	  -7.626
2201	 CA 	197	 -32.126	   7.954	  -8.340
2279	 CA 	202	 -31.110	   4.194	  -0.564
2324	 CA 	206	 -31.490	  -1.284	   2.903
2373	 CA 	209	 -23.241	  -0.096	  -1.862
2380	 CA 	210	 -22.254	   3.354	  -3.096
5325	 CA 	395	 -27.468	 -18.033	  21.951
5344	 CA 	396	 -29.118	 -16.209	  24.816
5356	 CA 	397	 -28.116	 -12.615	  24.218
5367	 CA 	398	 -25.716	 -11.072	  21.774
6370	 CA 	462	 -18.808	 -12.526	   4.143
6406	 CA 	465	 -19.994	 -17.032	   6.326
6933	 CA 	500	 -15.055	 -12.635	  15.168
6980	 CA 	503	 -15.430	 -13.645	  10.386
21341	CLA 	735	 -21.789	   3.398	   1.942
21342	CLA 	736	 -24.769	  -2.583	 -14.964
21344	CLA 	736	  33.079	   4.826	 -11.587
