786	 CA 	110	 -48.315	  -3.830	  32.104
806	 CA 	111	 -49.875	  -0.812	  33.894
821	 CA 	112	 -51.043	   2.765	  33.086
894	 CA 	116	 -57.916	   2.495	  37.464
1467	 CA 	151	 -38.881	   2.196	  -4.419
1477	 CA 	152	 -41.934	   2.605	  -6.747
1497	 CA 	153	 -40.867	   6.252	  -7.257
2201	 CA 	197	 -32.515	   6.963	  -8.076
2279	 CA 	202	 -31.754	   3.129	  -0.377
2324	 CA 	206	 -31.350	  -1.955	   3.212
2373	 CA 	209	 -22.875	  -0.509	  -2.192
2380	 CA 	210	 -22.381	   3.093	  -3.551
5325	 CA 	395	 -26.858	 -17.697	  20.177
5344	 CA 	396	 -26.871	 -14.908	  22.698
5356	 CA 	397	 -25.987	 -12.322	  20.039
5367	 CA 	398	 -22.461	 -11.683	  18.922
6370	 CA 	462	 -17.815	 -12.727	   3.634
6406	 CA 	465	 -18.930	 -17.552	   5.674
6933	 CA 	500	 -14.181	 -13.140	  14.926
6980	 CA 	503	 -14.697	 -13.976	   9.795
21341	CLA 	735	 -22.836	   2.662	   3.864
21342	CLA 	736	 -24.359	  -2.443	 -15.071
21344	CLA 	736	  36.064	   6.389	 -15.136
