786	 CA 	110	 -44.689	  -0.700	  35.346
806	 CA 	111	 -46.928	   2.334	  35.132
821	 CA 	112	 -48.133	   4.956	  32.587
894	 CA 	116	 -55.151	   6.314	  34.278
1467	 CA 	151	 -38.640	   2.357	  -4.213
1477	 CA 	152	 -41.651	   2.495	  -6.649
1497	 CA 	153	 -40.627	   6.103	  -7.536
2201	 CA 	197	 -31.894	   6.453	  -7.841
2279	 CA 	202	 -31.590	   3.051	  -0.036
2324	 CA 	206	 -31.059	  -2.146	   2.965
2373	 CA 	209	 -23.024	  -0.442	  -1.996
2380	 CA 	210	 -21.699	   2.987	  -2.930
5325	 CA 	395	 -26.334	 -18.649	  21.000
5344	 CA 	396	 -25.836	 -16.526	  24.214
5356	 CA 	397	 -26.168	 -12.864	  22.884
5367	 CA 	398	 -23.022	 -11.410	  21.317
6370	 CA 	462	 -18.408	 -13.311	   3.545
6406	 CA 	465	 -19.589	 -17.469	   6.165
6933	 CA 	500	 -14.809	 -12.846	  14.661
6980	 CA 	503	 -15.239	 -13.507	  10.168
21341	CLA 	735	 -23.588	   3.038	   3.393
21342	CLA 	736	 -24.367	  -2.766	 -15.063
21344	CLA 	736	  32.697	  -8.117	 -29.077
