786	 CA 	110	 -44.127	  -3.531	  35.232
806	 CA 	111	 -46.565	  -0.662	  35.968
821	 CA 	112	 -47.764	   2.365	  34.024
894	 CA 	116	 -54.332	   3.482	  37.863
1467	 CA 	151	 -39.307	   3.523	  -3.538
1477	 CA 	152	 -42.008	   4.280	  -6.061
1497	 CA 	153	 -40.394	   7.750	  -6.672
2201	 CA 	197	 -32.208	   8.015	  -7.503
2279	 CA 	202	 -31.750	   4.423	  -0.065
2324	 CA 	206	 -31.703	  -0.711	   3.002
2373	 CA 	209	 -23.193	  -0.450	  -2.314
2380	 CA 	210	 -21.653	   3.029	  -2.635
5325	 CA 	395	 -26.359	 -17.576	  20.670
5344	 CA 	396	 -26.549	 -15.245	  23.727
5356	 CA 	397	 -26.071	 -12.366	  21.048
5367	 CA 	398	 -22.904	 -10.585	  19.742
6370	 CA 	462	 -18.278	 -12.864	   3.861
6406	 CA 	465	 -19.613	 -16.825	   5.887
6933	 CA 	500	 -14.351	 -12.562	  14.908
6980	 CA 	503	 -15.192	 -13.366	  10.152
21341	CLA 	735	 -23.691	   2.902	   3.236
21342	CLA 	736	 -25.301	  -2.727	 -15.266
21344	CLA 	736	  33.240	   6.400	 -16.186
