786	 CA 	110	 -46.162	  -2.483	  32.170
806	 CA 	111	 -48.633	   0.086	  33.428
821	 CA 	112	 -50.479	   3.284	  32.162
894	 CA 	116	 -56.314	   2.627	  37.029
1467	 CA 	151	 -38.358	   1.462	  -3.953
1477	 CA 	152	 -41.153	   1.737	  -6.645
1497	 CA 	153	 -40.296	   5.458	  -7.402
2201	 CA 	197	 -32.081	   6.988	  -8.087
2279	 CA 	202	 -31.001	   3.416	  -0.464
2324	 CA 	206	 -31.237	  -1.700	   3.231
2373	 CA 	209	 -22.831	  -0.396	  -2.264
2380	 CA 	210	 -22.163	   3.240	  -3.358
5325	 CA 	395	 -25.756	 -18.603	  23.939
5344	 CA 	396	 -27.791	 -16.359	  26.224
5356	 CA 	397	 -26.754	 -12.938	  24.766
5367	 CA 	398	 -24.671	 -11.661	  21.847
6370	 CA 	462	 -18.451	 -12.456	   4.413
6406	 CA 	465	 -20.070	 -16.685	   6.822
6933	 CA 	500	 -14.749	 -12.187	  15.535
6980	 CA 	503	 -15.236	 -13.093	  10.680
21341	CLA 	735	 -23.180	   2.940	   2.747
21342	CLA 	736	 -25.306	  -3.557	 -14.550
21344	CLA 	736	  34.274	   4.844	 -11.281
