786	 CA 	110	 -42.972	  -4.312	  35.477
806	 CA 	111	 -45.158	  -1.297	  36.627
821	 CA 	112	 -46.738	   1.572	  34.703
894	 CA 	116	 -52.749	   0.960	  38.147
1467	 CA 	151	 -38.737	   2.350	  -3.660
1477	 CA 	152	 -41.828	   2.617	  -5.967
1497	 CA 	153	 -40.822	   6.177	  -6.579
2201	 CA 	197	 -32.288	   7.278	  -8.127
2279	 CA 	202	 -31.631	   3.370	  -0.503
2324	 CA 	206	 -30.754	  -1.795	   2.749
2373	 CA 	209	 -22.557	  -0.290	  -2.314
2380	 CA 	210	 -21.626	   3.372	  -3.027
5325	 CA 	395	 -25.716	 -17.613	  21.395
5344	 CA 	396	 -25.953	 -16.030	  24.936
5356	 CA 	397	 -25.039	 -12.613	  23.478
5367	 CA 	398	 -21.712	 -11.975	  21.827
6370	 CA 	462	 -17.474	 -12.865	   3.880
6406	 CA 	465	 -19.021	 -17.134	   6.124
6933	 CA 	500	 -13.988	 -12.592	  14.599
6980	 CA 	503	 -14.394	 -13.495	   9.931
21341	CLA 	735	 -23.264	   3.476	   3.004
21342	CLA 	736	 -25.212	  -2.780	 -15.026
21344	CLA 	736	  32.756	   8.560	 -16.946
