786	 CA 	110	 -46.047	  -1.422	  33.491
806	 CA 	111	 -48.296	   1.488	  34.604
821	 CA 	112	 -49.944	   4.513	  32.943
894	 CA 	116	 -55.604	   3.993	  37.161
1467	 CA 	151	 -38.686	   1.337	  -3.539
1477	 CA 	152	 -41.548	   1.699	  -6.064
1497	 CA 	153	 -40.488	   5.307	  -6.719
2201	 CA 	197	 -32.611	   6.865	  -8.098
2279	 CA 	202	 -31.361	   3.128	  -0.620
2324	 CA 	206	 -30.860	  -1.661	   2.889
2373	 CA 	209	 -22.809	  -0.592	  -2.454
2380	 CA 	210	 -21.964	   2.932	  -3.350
5325	 CA 	395	 -26.359	 -17.615	  21.610
5344	 CA 	396	 -27.487	 -15.417	  24.562
5356	 CA 	397	 -26.260	 -12.318	  22.597
5367	 CA 	398	 -22.992	 -11.058	  21.124
6370	 CA 	462	 -17.949	 -12.895	   3.662
6406	 CA 	465	 -19.372	 -17.298	   6.303
6933	 CA 	500	 -14.456	 -12.973	  15.718
6980	 CA 	503	 -15.001	 -13.333	  10.488
21341	CLA 	735	 -21.720	   2.822	   2.050
21342	CLA 	736	 -25.287	  -2.605	 -15.040
21344	CLA 	736	  34.555	   5.552	 -12.096
