786	 CA 	110	 -47.075	  -1.963	  32.552
806	 CA 	111	 -49.420	   0.795	  33.978
821	 CA 	112	 -51.483	   3.433	  32.271
894	 CA 	116	 -55.702	   2.866	  36.573
1467	 CA 	151	 -38.907	   2.414	  -4.503
1477	 CA 	152	 -42.079	   2.695	  -6.658
1497	 CA 	153	 -41.080	   6.168	  -7.749
2201	 CA 	197	 -32.982	   6.963	  -8.107
2279	 CA 	202	 -31.529	   3.161	  -0.820
2324	 CA 	206	 -31.369	  -1.919	   2.533
2373	 CA 	209	 -23.334	  -0.704	  -2.463
2380	 CA 	210	 -22.032	   2.900	  -3.064
5325	 CA 	395	 -25.699	 -15.861	  20.780
5344	 CA 	396	 -26.294	 -13.284	  23.581
5356	 CA 	397	 -25.532	 -10.358	  21.292
5367	 CA 	398	 -21.971	  -9.383	  19.993
6370	 CA 	462	 -17.268	 -12.810	   3.564
6406	 CA 	465	 -19.032	 -16.926	   5.955
6933	 CA 	500	 -14.125	 -12.212	  14.830
6980	 CA 	503	 -14.543	 -13.312	  10.109
21341	CLA 	735	 -23.780	   3.298	   2.789
21342	CLA 	736	 -24.639	  -3.024	 -14.637
21344	CLA 	736	  34.908	   5.837	  -9.672
