786	 CA 	110	 -48.580	  -1.529	  31.894
806	 CA 	111	 -50.849	   1.036	  33.600
821	 CA 	112	 -52.803	   3.877	  32.015
894	 CA 	116	 -60.000	   5.957	  34.932
1467	 CA 	151	 -38.966	   2.830	  -4.461
1477	 CA 	152	 -41.841	   3.718	  -6.873
1497	 CA 	153	 -40.271	   7.172	  -7.403
2201	 CA 	197	 -32.456	   7.784	  -7.903
2279	 CA 	202	 -31.545	   4.401	  -0.017
2324	 CA 	206	 -31.464	  -0.487	   3.210
2373	 CA 	209	 -23.241	  -0.286	  -1.968
2380	 CA 	210	 -22.058	   3.050	  -3.319
5325	 CA 	395	 -27.226	 -17.264	  20.831
5344	 CA 	396	 -27.274	 -14.644	  23.645
5356	 CA 	397	 -26.778	 -11.683	  21.194
5367	 CA 	398	 -23.563	 -10.937	  19.349
6370	 CA 	462	 -18.882	 -12.454	   4.321
6406	 CA 	465	 -20.161	 -16.558	   6.200
6933	 CA 	500	 -14.919	 -12.464	  15.534
6980	 CA 	503	 -15.580	 -12.988	  10.646
21341	CLA 	735	 -22.975	   3.705	   3.383
21342	CLA 	736	 -24.637	  -2.321	 -15.391
21344	CLA 	736	  35.801	   2.907	 -12.256
