786	 CA 	110	 -47.305	  -2.964	  32.507
806	 CA 	111	 -49.848	  -0.572	  33.788
821	 CA 	112	 -51.773	   2.364	  32.160
894	 CA 	116	 -58.608	   4.397	  36.152
1467	 CA 	151	 -38.818	   1.700	  -4.036
1477	 CA 	152	 -41.760	   2.257	  -6.518
1497	 CA 	153	 -40.637	   5.891	  -7.077
2201	 CA 	197	 -32.738	   6.981	  -7.772
2279	 CA 	202	 -31.030	   3.399	  -0.062
2324	 CA 	206	 -31.129	  -1.450	   3.023
2373	 CA 	209	 -22.958	  -0.449	  -1.879
2380	 CA 	210	 -22.239	   2.982	  -3.326
5325	 CA 	395	 -25.929	 -18.432	  20.808
5344	 CA 	396	 -25.845	 -15.564	  23.470
5356	 CA 	397	 -25.393	 -12.630	  20.930
5367	 CA 	398	 -22.092	 -11.460	  19.405
6370	 CA 	462	 -18.095	 -12.479	   3.523
6406	 CA 	465	 -19.098	 -16.669	   5.848
6933	 CA 	500	 -13.911	 -12.939	  14.907
6980	 CA 	503	 -14.602	 -13.504	  10.176
21341	CLA 	735	 -22.983	   2.921	   3.848
21342	CLA 	736	 -24.278	  -1.915	 -15.198
21344	CLA 	736	  36.171	   4.883	 -12.850
