786	 CA 	110	 -43.736	  -3.778	  34.461
806	 CA 	111	 -46.043	  -0.905	  35.578
821	 CA 	112	 -47.622	   2.163	  33.796
894	 CA 	116	 -53.191	   0.486	  37.934
1467	 CA 	151	 -38.691	   1.905	  -3.573
1477	 CA 	152	 -41.579	   2.736	  -5.907
1497	 CA 	153	 -40.294	   6.268	  -6.620
2201	 CA 	197	 -32.301	   7.522	  -7.834
2279	 CA 	202	 -31.129	   3.327	  -0.223
2324	 CA 	206	 -31.414	  -1.617	   2.469
2373	 CA 	209	 -22.986	  -0.467	  -2.156
2380	 CA 	210	 -22.393	   3.082	  -3.263
5325	 CA 	395	 -26.131	 -17.455	  20.543
5344	 CA 	396	 -26.125	 -14.953	  23.401
5356	 CA 	397	 -25.755	 -12.043	  20.813
5367	 CA 	398	 -22.497	 -10.344	  19.518
6370	 CA 	462	 -18.038	 -13.215	   3.385
6406	 CA 	465	 -19.241	 -17.548	   5.524
6933	 CA 	500	 -14.847	 -12.519	  14.365
6980	 CA 	503	 -14.929	 -13.665	   9.604
21341	CLA 	735	 -23.209	   3.014	   3.048
21342	CLA 	736	 -24.693	  -2.545	 -14.880
21344	CLA 	736	  35.007	   8.132	 -13.561
