786	 CA 	110	 -48.841	  -2.096	  32.648
806	 CA 	111	 -51.011	   0.796	  33.914
821	 CA 	112	 -52.888	   3.585	  31.945
894	 CA 	116	 -58.424	   2.964	  36.401
1467	 CA 	151	 -38.384	   1.577	  -4.065
1477	 CA 	152	 -41.407	   2.140	  -6.534
1497	 CA 	153	 -40.345	   5.824	  -6.947
2201	 CA 	197	 -32.478	   7.283	  -7.778
2279	 CA 	202	 -31.444	   3.576	  -0.161
2324	 CA 	206	 -31.522	  -1.474	   2.890
2373	 CA 	209	 -23.224	   0.073	  -1.684
2380	 CA 	210	 -21.637	   3.329	  -2.716
5325	 CA 	395	 -27.197	 -16.825	  20.407
5344	 CA 	396	 -27.495	 -14.205	  23.105
5356	 CA 	397	 -26.877	 -11.434	  20.425
5367	 CA 	398	 -23.489	 -10.343	  18.969
6370	 CA 	462	 -18.382	 -12.929	   3.572
6406	 CA 	465	 -19.742	 -17.188	   5.803
6933	 CA 	500	 -14.897	 -12.437	  14.808
6980	 CA 	503	 -15.424	 -13.357	  10.099
21341	CLA 	735	 -23.207	   3.521	   3.553
21342	CLA 	736	 -24.757	  -2.508	 -14.786
21344	CLA 	736	  33.490	   5.503	  -9.863
