786	 CA 	110	 -47.459	  -1.581	  31.206
806	 CA 	111	 -49.813	   0.997	  32.735
821	 CA 	112	 -51.289	   4.244	  31.311
894	 CA 	116	 -57.068	   2.634	  35.545
1467	 CA 	151	 -38.866	   2.365	  -4.999
1477	 CA 	152	 -41.698	   2.533	  -7.683
1497	 CA 	153	 -40.620	   6.160	  -8.574
2201	 CA 	197	 -32.253	   7.554	  -8.848
2279	 CA 	202	 -31.722	   3.242	  -1.216
2324	 CA 	206	 -31.130	  -1.464	   2.736
2373	 CA 	209	 -23.140	  -0.525	  -2.129
2380	 CA 	210	 -22.277	   3.175	  -3.127
5325	 CA 	395	 -26.305	 -18.558	  20.415
5344	 CA 	396	 -26.694	 -16.401	  23.661
5356	 CA 	397	 -26.343	 -13.475	  21.266
5367	 CA 	398	 -23.166	 -11.442	  20.669
6370	 CA 	462	 -18.285	 -12.827	   3.549
6406	 CA 	465	 -19.681	 -16.984	   5.838
6933	 CA 	500	 -14.635	 -12.857	  15.241
6980	 CA 	503	 -15.092	 -13.146	  10.181
21341	CLA 	735	 -21.889	   2.753	   1.481
21342	CLA 	736	 -24.896	  -2.399	 -15.128
21344	CLA 	736	  33.272	   5.171	 -10.217
