786	 CA 	110	 -44.068	  -2.481	  34.568
806	 CA 	111	 -46.474	   0.452	  35.411
821	 CA 	112	 -48.367	   3.248	  33.574
894	 CA 	116	 -53.901	   2.595	  37.343
1467	 CA 	151	 -38.593	   1.319	  -3.316
1477	 CA 	152	 -41.573	   1.945	  -5.755
1497	 CA 	153	 -40.116	   5.513	  -6.442
2201	 CA 	197	 -32.345	   5.928	  -7.212
2279	 CA 	202	 -31.372	   2.745	   0.895
2324	 CA 	206	 -30.540	  -2.059	   4.403
2373	 CA 	209	 -22.922	  -0.799	  -1.532
2380	 CA 	210	 -21.758	   2.684	  -2.395
5325	 CA 	395	 -24.814	 -17.766	  22.986
5344	 CA 	396	 -24.581	 -15.801	  26.207
5356	 CA 	397	 -24.350	 -12.446	  24.249
5367	 CA 	398	 -21.686	 -11.462	  21.590
6370	 CA 	462	 -17.753	 -12.919	   4.317
6406	 CA 	465	 -18.563	 -17.282	   6.976
6933	 CA 	500	 -13.321	 -12.895	  15.366
6980	 CA 	503	 -13.930	 -13.503	  10.777
21341	CLA 	735	 -23.277	   2.431	   4.051
21342	CLA 	736	 -24.367	  -2.784	 -14.728
21344	CLA 	736	  30.517	   8.786	 -21.712
