786	 CA 	110	 -45.917	  -1.897	  33.465
806	 CA 	111	 -48.010	   1.136	  34.389
821	 CA 	112	 -49.456	   4.044	  32.284
894	 CA 	116	 -55.024	   3.188	  37.533
1467	 CA 	151	 -38.716	   2.065	  -4.500
1477	 CA 	152	 -41.575	   2.467	  -7.096
1497	 CA 	153	 -40.139	   5.973	  -7.808
2201	 CA 	197	 -32.293	   6.942	  -8.354
2279	 CA 	202	 -31.072	   3.356	  -0.535
2324	 CA 	206	 -30.880	  -1.415	   2.975
2373	 CA 	209	 -23.101	  -0.471	  -2.617
2380	 CA 	210	 -22.054	   3.128	  -3.334
5325	 CA 	395	 -26.645	 -18.051	  22.261
5344	 CA 	396	 -28.435	 -15.982	  24.936
5356	 CA 	397	 -27.768	 -12.493	  23.547
5367	 CA 	398	 -24.893	 -11.041	  21.350
6370	 CA 	462	 -17.903	 -12.361	   3.991
6406	 CA 	465	 -18.793	 -16.723	   6.028
6933	 CA 	500	 -14.543	 -12.471	  15.501
6980	 CA 	503	 -15.004	 -13.091	  10.492
21341	CLA 	735	 -21.664	   2.480	   1.317
21342	CLA 	736	 -24.670	  -2.560	 -14.638
21344	CLA 	736	  33.703	   5.471	 -11.526
