786	 CA 	110	 -48.956	  -0.487	  31.696
806	 CA 	111	 -50.244	   3.164	  32.059
821	 CA 	112	 -53.169	   5.017	  30.478
894	 CA 	116	 -58.366	   4.598	  34.734
1467	 CA 	151	 -38.832	   2.143	  -4.139
1477	 CA 	152	 -41.689	   2.720	  -6.559
1497	 CA 	153	 -40.405	   6.219	  -7.278
2201	 CA 	197	 -32.240	   7.413	  -8.220
2279	 CA 	202	 -31.346	   3.593	  -0.399
2324	 CA 	206	 -31.077	  -1.278	   3.029
2373	 CA 	209	 -22.129	  -0.448	  -1.828
2380	 CA 	210	 -21.718	   3.144	  -3.058
5325	 CA 	395	 -25.848	 -17.412	  20.817
5344	 CA 	396	 -26.148	 -15.466	  24.063
5356	 CA 	397	 -25.975	 -12.002	  22.327
5367	 CA 	398	 -22.749	 -10.411	  21.115
6370	 CA 	462	 -17.944	 -12.520	   3.920
6406	 CA 	465	 -19.132	 -17.009	   6.443
6933	 CA 	500	 -14.170	 -12.169	  15.491
6980	 CA 	503	 -14.778	 -13.155	  10.457
21341	CLA 	735	 -23.361	   2.892	   3.620
21342	CLA 	736	 -24.725	  -2.894	 -14.799
21344	CLA 	736	  33.827	   6.358	  -9.981
