786	 CA 	110	 -47.922	  -1.075	  33.802
806	 CA 	111	 -50.190	   1.790	  35.155
821	 CA 	112	 -51.687	   4.606	  32.914
894	 CA 	116	 -56.851	   3.866	  37.034
1467	 CA 	151	 -38.779	   1.723	  -3.828
1477	 CA 	152	 -41.701	   2.522	  -6.141
1497	 CA 	153	 -40.413	   6.077	  -6.904
2201	 CA 	197	 -32.327	   7.221	  -8.102
2279	 CA 	202	 -31.486	   3.697	  -0.131
2324	 CA 	206	 -30.864	  -1.005	   2.993
2373	 CA 	209	 -22.504	  -0.257	  -1.964
2380	 CA 	210	 -21.548	   3.405	  -2.650
5325	 CA 	395	 -26.341	 -16.336	  21.351
5344	 CA 	396	 -26.390	 -13.523	  23.963
5356	 CA 	397	 -25.886	 -10.885	  21.173
5367	 CA 	398	 -22.447	  -9.769	  19.728
6370	 CA 	462	 -18.381	 -12.520	   4.000
6406	 CA 	465	 -19.666	 -16.611	   6.590
6933	 CA 	500	 -14.230	 -11.900	  15.393
6980	 CA 	503	 -14.994	 -12.886	  10.620
21341	CLA 	735	 -23.314	   2.960	   2.907
21342	CLA 	736	 -25.041	  -2.948	 -14.428
21344	CLA 	736	  33.689	   6.463	 -10.630
