786	 CA 	110	 -47.712	  -1.975	  32.775
806	 CA 	111	 -48.592	   1.599	  33.964
821	 CA 	112	 -51.196	   3.762	  32.105
894	 CA 	116	 -56.051	   3.289	  36.407
1467	 CA 	151	 -38.835	   1.880	  -3.844
1477	 CA 	152	 -41.603	   2.018	  -6.526
1497	 CA 	153	 -40.558	   5.698	  -7.277
2201	 CA 	197	 -32.659	   7.126	  -7.841
2279	 CA 	202	 -31.483	   3.043	  -0.277
2324	 CA 	206	 -30.756	  -1.970	   3.180
2373	 CA 	209	 -22.353	  -0.393	  -2.123
2380	 CA 	210	 -21.817	   3.253	  -3.205
5325	 CA 	395	 -25.551	 -17.275	  20.916
5344	 CA 	396	 -26.394	 -15.077	  23.945
5356	 CA 	397	 -26.160	 -12.114	  21.593
5367	 CA 	398	 -22.913	 -10.479	  20.382
6370	 CA 	462	 -17.985	 -12.609	   3.984
6406	 CA 	465	 -18.800	 -17.149	   6.013
6933	 CA 	500	 -14.229	 -12.177	  15.191
6980	 CA 	503	 -14.635	 -13.175	  10.530
21341	CLA 	735	 -23.078	   2.543	   3.365
21342	CLA 	736	 -24.759	  -2.849	 -14.875
21344	CLA 	736	  33.744	   5.642	 -10.105
