786	 CA 	110	 -48.762	   0.281	  32.790
806	 CA 	111	 -50.781	   3.410	  33.879
821	 CA 	112	 -52.606	   5.933	  31.738
894	 CA 	116	 -59.625	   4.641	  34.599
1467	 CA 	151	 -38.427	   1.995	  -3.462
1477	 CA 	152	 -41.424	   2.681	  -5.710
1497	 CA 	153	 -40.143	   6.311	  -6.161
2201	 CA 	197	 -31.854	   7.118	  -7.590
2279	 CA 	202	 -30.653	   3.714	   0.596
2324	 CA 	206	 -30.946	  -1.671	   3.838
2373	 CA 	209	 -23.101	  -0.785	  -1.700
2380	 CA 	210	 -21.917	   2.632	  -3.217
5325	 CA 	395	 -22.457	 -19.414	  25.779
5344	 CA 	396	 -26.107	 -18.797	  24.737
5356	 CA 	397	 -26.742	 -15.669	  22.668
5367	 CA 	398	 -24.045	 -13.757	  20.570
6370	 CA 	462	 -17.573	 -12.763	   4.096
6406	 CA 	465	 -18.766	 -16.487	   6.820
6933	 CA 	500	 -12.812	 -12.330	  15.928
6980	 CA 	503	 -13.912	 -13.144	  11.018
21341	CLA 	735	 -21.463	   2.564	   2.157
21342	CLA 	736	 -24.790	  -1.635	 -15.076
21344	CLA 	736	  29.856	   2.370	 -14.486
