786	 CA 	110	 -47.324	  -3.079	  32.048
806	 CA 	111	 -49.339	   0.004	  33.439
821	 CA 	112	 -51.439	   2.568	  31.516
894	 CA 	116	 -58.736	   2.468	  34.238
1467	 CA 	151	 -38.560	   1.636	  -4.337
1477	 CA 	152	 -41.706	   2.231	  -6.627
1497	 CA 	153	 -40.560	   5.770	  -7.204
2201	 CA 	197	 -31.716	   6.903	  -7.764
2279	 CA 	202	 -30.792	   3.161	  -0.001
2324	 CA 	206	 -30.932	  -1.128	   3.189
2373	 CA 	209	 -22.648	  -0.024	  -1.795
2380	 CA 	210	 -22.119	   3.667	  -2.809
5325	 CA 	395	 -24.003	 -19.137	  23.423
5344	 CA 	396	 -27.690	 -18.512	  23.958
5356	 CA 	397	 -28.028	 -15.007	  22.518
5367	 CA 	398	 -25.896	 -12.659	  20.426
6370	 CA 	462	 -17.886	 -12.566	   4.013
6406	 CA 	465	 -19.080	 -16.671	   6.195
6933	 CA 	500	 -13.905	 -12.057	  15.262
6980	 CA 	503	 -14.786	 -13.041	  10.530
21341	CLA 	735	 -21.223	   2.300	   1.740
21342	CLA 	736	 -24.699	  -2.611	 -15.017
21344	CLA 	736	  34.969	   5.246	 -10.832
