786	 CA 	110	 -44.421	  -5.787	  33.106
806	 CA 	111	 -46.730	  -3.380	  34.957
821	 CA 	112	 -48.265	   0.081	  33.875
894	 CA 	116	 -54.324	  -1.659	  37.551
1467	 CA 	151	 -38.815	   2.094	  -4.219
1477	 CA 	152	 -41.819	   2.388	  -6.756
1497	 CA 	153	 -40.577	   5.904	  -7.582
2201	 CA 	197	 -32.248	   7.074	  -8.272
2279	 CA 	202	 -31.883	   3.143	  -0.621
2324	 CA 	206	 -31.412	  -1.885	   2.872
2373	 CA 	209	 -22.635	  -0.722	  -1.957
2380	 CA 	210	 -21.827	   2.861	  -2.935
5325	 CA 	395	 -26.735	 -17.917	  20.915
5344	 CA 	396	 -27.237	 -15.683	  24.011
5356	 CA 	397	 -26.926	 -12.428	  21.830
5367	 CA 	398	 -23.361	 -11.443	  20.570
6370	 CA 	462	 -18.048	 -13.213	   3.584
6406	 CA 	465	 -19.555	 -17.557	   5.796
6933	 CA 	500	 -14.211	 -12.617	  14.838
6980	 CA 	503	 -15.054	 -13.299	  10.040
21341	CLA 	735	 -23.581	   3.578	   2.965
21342	CLA 	736	 -24.022	  -2.170	 -15.383
21344	CLA 	736	  31.824	   4.339	 -14.182
