786	 CA 	110	 -48.470	  -3.030	  33.017
806	 CA 	111	 -50.092	  -0.006	  34.778
821	 CA 	112	 -50.799	   3.519	  33.383
894	 CA 	116	 -57.758	   4.716	  35.498
1467	 CA 	151	 -38.899	   2.992	  -4.148
1477	 CA 	152	 -41.776	   3.561	  -6.573
1497	 CA 	153	 -40.569	   7.128	  -7.333
2201	 CA 	197	 -32.026	   7.327	  -8.224
2279	 CA 	202	 -31.814	   3.614	  -0.166
2324	 CA 	206	 -30.825	  -1.839	   2.370
2373	 CA 	209	 -22.784	  -0.567	  -2.612
2380	 CA 	210	 -20.931	   2.774	  -3.057
5325	 CA 	395	 -27.656	 -18.160	  19.940
5344	 CA 	396	 -28.472	 -15.308	  22.322
5356	 CA 	397	 -27.617	 -12.031	  20.550
5367	 CA 	398	 -25.624	 -10.065	  18.047
6370	 CA 	462	 -18.485	 -13.133	   3.242
6406	 CA 	465	 -19.814	 -17.398	   5.278
6933	 CA 	500	 -14.745	 -13.001	  14.439
6980	 CA 	503	 -15.620	 -13.736	   9.778
21341	CLA 	735	 -22.005	   2.742	   2.709
21342	CLA 	736	 -24.173	  -3.058	 -14.870
21344	CLA 	736	  36.452	   6.579	 -14.060
