786	 CA 	110	 -46.417	   3.633	  35.499
806	 CA 	111	 -49.491	   5.531	  36.683
821	 CA 	112	 -52.251	   7.599	  34.963
894	 CA 	116	 -57.320	   3.768	  39.065
1467	 CA 	151	 -38.948	   2.621	  -3.251
1477	 CA 	152	 -41.609	   3.457	  -5.781
1497	 CA 	153	 -40.090	   6.933	  -6.543
2201	 CA 	197	 -32.120	   6.799	  -7.016
2279	 CA 	202	 -31.346	   3.511	   0.966
2324	 CA 	206	 -30.995	  -1.045	   4.235
2373	 CA 	209	 -23.052	  -0.130	  -1.110
2380	 CA 	210	 -21.800	   3.250	  -2.788
5325	 CA 	395	 -24.079	 -16.676	  23.918
5344	 CA 	396	 -23.468	 -14.270	  26.870
5356	 CA 	397	 -24.317	 -11.359	  24.260
5367	 CA 	398	 -21.946	  -9.647	  21.748
6370	 CA 	462	 -18.085	 -12.724	   5.084
6406	 CA 	465	 -19.462	 -16.572	   7.665
6933	 CA 	500	 -13.565	 -11.712	  15.836
6980	 CA 	503	 -14.546	 -12.513	  11.253
21341	CLA 	735	 -23.350	   3.644	   3.888
21342	CLA 	736	 -24.232	  -3.177	 -14.813
21344	CLA 	736	  27.287	  52.949	 -30.920
