786	 CA 	110	 -45.502	  -2.631	  33.400
806	 CA 	111	 -48.169	  -0.088	  34.638
821	 CA 	112	 -50.025	   2.575	  32.689
894	 CA 	116	 -55.954	   1.795	  35.606
1467	 CA 	151	 -38.783	   1.494	  -4.359
1477	 CA 	152	 -41.764	   2.184	  -6.720
1497	 CA 	153	 -40.549	   5.738	  -7.598
2201	 CA 	197	 -32.344	   6.310	  -7.731
2279	 CA 	202	 -31.539	   2.804	  -0.195
2324	 CA 	206	 -31.342	  -1.639	   3.183
2373	 CA 	209	 -23.401	  -0.683	  -1.622
2380	 CA 	210	 -22.027	   2.669	  -2.626
5325	 CA 	395	 -26.303	 -18.050	  22.225
5344	 CA 	396	 -26.669	 -15.735	  25.246
5356	 CA 	397	 -26.724	 -12.644	  23.071
5367	 CA 	398	 -23.433	 -11.550	  21.579
6370	 CA 	462	 -17.973	 -13.389	   3.970
6406	 CA 	465	 -19.566	 -17.452	   6.621
6933	 CA 	500	 -14.576	 -12.699	  15.360
6980	 CA 	503	 -14.940	 -13.262	  10.445
21341	CLA 	735	 -23.281	   3.255	   3.576
21342	CLA 	736	 -24.158	  -2.698	 -15.122
21344	CLA 	736	  32.149	  11.009	 -15.977
