786	 CA 	110	 -48.534	  -1.415	  32.365
806	 CA 	111	 -50.843	   1.561	  33.342
821	 CA 	112	 -52.564	   4.118	  31.137
894	 CA 	116	 -58.635	   3.180	  35.524
1467	 CA 	151	 -39.087	   1.824	  -4.304
1477	 CA 	152	 -41.938	   2.755	  -6.664
1497	 CA 	153	 -40.604	   6.405	  -7.123
2201	 CA 	197	 -32.632	   6.921	  -7.920
2279	 CA 	202	 -31.917	   3.244	  -0.109
2324	 CA 	206	 -31.803	  -1.656	   2.872
2373	 CA 	209	 -23.295	  -0.476	  -2.545
2380	 CA 	210	 -22.208	   3.005	  -3.472
5325	 CA 	395	 -27.687	 -17.482	  20.196
5344	 CA 	396	 -27.059	 -15.108	  23.028
5356	 CA 	397	 -26.740	 -12.251	  20.404
5367	 CA 	398	 -23.378	 -11.008	  19.140
6370	 CA 	462	 -18.501	 -13.118	   3.567
6406	 CA 	465	 -20.010	 -17.305	   5.729
6933	 CA 	500	 -15.160	 -12.777	  14.790
6980	 CA 	503	 -15.577	 -13.351	   9.889
21341	CLA 	735	 -23.805	   2.770	   2.855
21342	CLA 	736	 -25.037	  -2.626	 -15.228
21344	CLA 	736	  35.279	   5.338	 -12.000
