786	 CA 	110	 -47.477	  -1.937	  33.337
806	 CA 	111	 -49.398	   1.218	  34.261
821	 CA 	112	 -51.228	   4.021	  32.334
894	 CA 	116	 -56.022	   3.061	  37.099
1467	 CA 	151	 -38.889	   2.213	  -3.351
1477	 CA 	152	 -41.707	   3.089	  -5.811
1497	 CA 	153	 -40.362	   6.574	  -6.434
2201	 CA 	197	 -32.113	   7.098	  -7.705
2279	 CA 	202	 -31.077	   3.037	  -0.058
2324	 CA 	206	 -30.816	  -1.073	   3.620
2373	 CA 	209	 -22.467	   0.022	  -1.840
2380	 CA 	210	 -21.513	   3.395	  -3.170
5325	 CA 	395	 -25.185	 -17.682	  20.864
5344	 CA 	396	 -24.943	 -16.213	  24.452
5356	 CA 	397	 -25.283	 -12.592	  23.223
5367	 CA 	398	 -22.319	 -10.224	  22.635
6370	 CA 	462	 -17.794	 -12.887	   4.654
6406	 CA 	465	 -19.124	 -17.085	   6.730
6933	 CA 	500	 -13.264	 -13.143	  15.538
6980	 CA 	503	 -14.516	 -13.597	  10.617
21341	CLA 	735	 -22.892	   2.554	   3.923
21342	CLA 	736	 -24.489	  -2.673	 -14.546
21344	CLA 	736	  34.168	   5.420	 -10.257
