786	 CA 	110	 -48.175	  -1.984	  31.611
806	 CA 	111	 -50.475	   0.932	  32.250
821	 CA 	112	 -51.657	   4.217	  30.756
894	 CA 	116	 -58.405	   3.142	  34.480
1467	 CA 	151	 -39.188	   2.419	  -4.711
1477	 CA 	152	 -41.986	   2.967	  -7.327
1497	 CA 	153	 -40.812	   6.551	  -7.751
2201	 CA 	197	 -32.257	   7.445	  -8.418
2279	 CA 	202	 -31.386	   3.615	  -0.775
2324	 CA 	206	 -31.583	  -0.914	   2.542
2373	 CA 	209	 -22.953	   0.081	  -2.018
2380	 CA 	210	 -22.511	   3.585	  -3.453
5325	 CA 	395	 -27.167	 -17.087	  23.471
5344	 CA 	396	 -30.860	 -16.027	  23.625
5356	 CA 	397	 -29.221	 -12.877	  22.294
5367	 CA 	398	 -25.828	 -11.567	  21.089
6370	 CA 	462	 -18.638	 -12.569	   4.238
6406	 CA 	465	 -20.175	 -16.495	   6.586
6933	 CA 	500	 -15.089	 -11.854	  15.513
6980	 CA 	503	 -15.765	 -12.901	  10.657
21341	CLA 	735	 -21.402	   3.519	   1.350
21342	CLA 	736	 -24.599	  -2.508	 -14.920
21344	CLA 	736	  35.028	   5.838	  -9.135
