786	 CA 	110	 -47.182	  -2.624	  32.777
806	 CA 	111	 -48.184	   0.999	  33.403
821	 CA 	112	 -50.708	   3.178	  31.526
894	 CA 	116	 -54.678	   2.909	  36.321
1467	 CA 	151	 -38.798	   1.521	  -3.740
1477	 CA 	152	 -41.691	   2.290	  -6.249
1497	 CA 	153	 -40.402	   5.833	  -6.859
2201	 CA 	197	 -32.371	   7.009	  -7.914
2279	 CA 	202	 -31.407	   2.905	  -0.064
2324	 CA 	206	 -31.091	  -1.937	   3.523
2373	 CA 	209	 -22.684	  -0.731	  -2.130
2380	 CA 	210	 -21.833	   2.855	  -2.949
5325	 CA 	395	 -25.099	 -18.021	  21.102
5344	 CA 	396	 -25.217	 -16.098	  24.286
5356	 CA 	397	 -25.311	 -12.741	  22.309
5367	 CA 	398	 -22.849	 -10.457	  20.805
6370	 CA 	462	 -17.711	 -12.619	   4.096
6406	 CA 	465	 -18.431	 -16.853	   6.188
6933	 CA 	500	 -13.782	 -11.782	  15.316
6980	 CA 	503	 -14.451	 -12.832	  10.463
21341	CLA 	735	 -22.887	   2.166	   3.369
21342	CLA 	736	 -24.914	  -2.811	 -14.593
21344	CLA 	736	  33.657	   5.908	 -10.744
