786	 CA 	110	 -50.119	  -0.030	  32.018
806	 CA 	111	 -52.097	   3.163	  32.270
821	 CA 	112	 -53.529	   5.883	  29.781
894	 CA 	116	 -59.093	   5.865	  33.818
1467	 CA 	151	 -39.328	   1.825	  -4.808
1477	 CA 	152	 -42.151	   2.256	  -7.445
1497	 CA 	153	 -40.722	   5.781	  -8.047
2201	 CA 	197	 -32.640	   7.372	  -8.492
2279	 CA 	202	 -31.947	   3.259	  -1.052
2324	 CA 	206	 -31.625	  -1.677	   2.458
2373	 CA 	209	 -22.900	  -0.029	  -2.442
2380	 CA 	210	 -21.941	   3.503	  -3.347
5325	 CA 	395	 -26.879	 -16.222	  21.179
5344	 CA 	396	 -26.865	 -13.909	  24.273
5356	 CA 	397	 -26.288	 -10.870	  21.971
5367	 CA 	398	 -23.016	  -9.620	  20.619
6370	 CA 	462	 -18.771	 -12.857	   3.786
6406	 CA 	465	 -20.078	 -16.959	   6.603
6933	 CA 	500	 -14.657	 -11.706	  15.512
6980	 CA 	503	 -15.506	 -12.899	  10.625
21341	CLA 	735	 -23.878	   3.525	   2.958
21342	CLA 	736	 -24.619	  -2.651	 -14.720
21344	CLA 	736	  34.523	   5.171	  -8.886
