786	 CA 	110	 -44.197	  -1.267	  34.311
806	 CA 	111	 -46.777	   1.449	  35.183
821	 CA 	112	 -48.444	   4.366	  33.246
894	 CA 	116	 -54.365	   4.712	  36.772
1467	 CA 	151	 -39.412	   1.834	  -3.470
1477	 CA 	152	 -42.257	   2.797	  -6.067
1497	 CA 	153	 -40.370	   6.022	  -6.945
2201	 CA 	197	 -32.186	   6.538	  -7.676
2279	 CA 	202	 -31.415	   3.277	   0.611
2324	 CA 	206	 -30.809	  -1.288	   3.854
2373	 CA 	209	 -22.874	  -0.283	  -1.828
2380	 CA 	210	 -21.797	   3.008	  -3.302
5325	 CA 	395	 -25.378	 -17.707	  22.626
5344	 CA 	396	 -26.033	 -15.422	  25.662
5356	 CA 	397	 -25.669	 -12.286	  23.536
5367	 CA 	398	 -22.490	 -10.981	  21.865
6370	 CA 	462	 -18.090	 -12.446	   4.588
6406	 CA 	465	 -19.286	 -16.778	   6.793
6933	 CA 	500	 -13.921	 -12.137	  15.538
6980	 CA 	503	 -14.779	 -12.885	  10.782
21341	CLA 	735	 -23.367	   3.061	   3.669
21342	CLA 	736	 -24.579	  -3.075	 -14.928
21344	CLA 	736	  30.998	   7.745	 -19.813
