786	 CA 	110	 -49.868	  -1.301	  30.977
806	 CA 	111	 -52.032	   1.867	  31.812
821	 CA 	112	 -53.963	   4.438	  29.864
894	 CA 	116	 -61.919	   3.421	  32.594
1467	 CA 	151	 -38.902	   2.384	  -4.878
1477	 CA 	152	 -41.779	   3.356	  -7.185
1497	 CA 	153	 -40.566	   7.012	  -7.420
2201	 CA 	197	 -31.835	   7.804	  -8.107
2279	 CA 	202	 -31.129	   3.140	  -0.887
2324	 CA 	206	 -31.563	  -1.884	   2.163
2373	 CA 	209	 -23.238	  -0.488	  -2.604
2380	 CA 	210	 -22.038	   3.019	  -3.140
5325	 CA 	395	 -27.013	 -17.816	  23.155
5344	 CA 	396	 -30.711	 -16.917	  23.966
5356	 CA 	397	 -30.056	 -13.520	  22.486
5367	 CA 	398	 -26.851	 -11.851	  21.067
6370	 CA 	462	 -18.617	 -12.955	   3.634
6406	 CA 	465	 -20.464	 -17.090	   5.861
6933	 CA 	500	 -15.801	 -13.320	  14.948
6980	 CA 	503	 -16.245	 -13.659	  10.169
21341	CLA 	735	 -21.721	   2.665	   1.737
21342	CLA 	736	 -24.964	  -2.430	 -15.052
21344	CLA 	736	  34.538	   6.387	  -9.363
