786	 CA 	110	 -47.416	  -1.086	  30.857
806	 CA 	111	 -49.672	   1.721	  32.015
821	 CA 	112	 -51.419	   4.583	  30.106
894	 CA 	116	 -57.478	   4.614	  34.857
1467	 CA 	151	 -39.039	   2.156	  -4.822
1477	 CA 	152	 -41.779	   2.883	  -7.410
1497	 CA 	153	 -40.368	   6.475	  -8.318
2201	 CA 	197	 -32.466	   7.202	  -8.518
2279	 CA 	202	 -31.721	   3.303	  -0.913
2324	 CA 	206	 -31.451	  -1.666	   2.834
2373	 CA 	209	 -23.493	  -0.861	  -2.334
2380	 CA 	210	 -22.562	   2.666	  -3.480
5325	 CA 	395	 -26.586	 -19.279	  20.432
5344	 CA 	396	 -26.203	 -17.875	  23.987
5356	 CA 	397	 -26.272	 -14.109	  22.877
5367	 CA 	398	 -23.624	 -12.273	  20.878
6370	 CA 	462	 -18.345	 -13.430	   3.375
6406	 CA 	465	 -19.794	 -17.620	   5.719
6933	 CA 	500	 -14.847	 -12.930	  14.303
6980	 CA 	503	 -15.455	 -13.627	   9.491
21341	CLA 	735	 -23.231	   2.302	   2.654
21342	CLA 	736	 -24.550	  -2.680	 -14.896
21344	CLA 	736	  35.137	   4.813	  -9.152
