786	 CA 	110	 -48.424	  -1.468	  31.465
806	 CA 	111	 -50.605	   1.573	  32.615
821	 CA 	112	 -52.258	   4.239	  30.355
894	 CA 	116	 -58.312	   4.224	  34.523
1467	 CA 	151	 -38.933	   2.505	  -5.081
1477	 CA 	152	 -41.780	   3.020	  -7.608
1497	 CA 	153	 -40.619	   6.654	  -8.075
2201	 CA 	197	 -32.066	   7.328	  -9.178
2279	 CA 	202	 -31.488	   3.693	  -1.194
2324	 CA 	206	 -32.132	  -1.912	   2.239
2373	 CA 	209	 -23.456	  -0.481	  -2.662
2380	 CA 	210	 -22.199	   3.003	  -3.412
5325	 CA 	395	 -26.580	 -18.285	  22.482
5344	 CA 	396	 -29.854	 -16.812	  23.753
5356	 CA 	397	 -28.707	 -13.281	  23.060
5367	 CA 	398	 -25.564	 -12.149	  21.365
6370	 CA 	462	 -18.774	 -12.706	   3.791
6406	 CA 	465	 -20.218	 -16.732	   6.061
6933	 CA 	500	 -15.334	 -12.039	  14.939
6980	 CA 	503	 -15.705	 -13.119	  10.241
21341	CLA 	735	 -22.191	   2.729	   1.851
21342	CLA 	736	 -24.575	  -2.298	 -15.677
21344	CLA 	736	  35.182	   5.178	  -8.288
