786	 CA 	110	 -48.593	  -2.671	  32.361
806	 CA 	111	 -50.751	   0.358	  33.452
821	 CA 	112	 -52.078	   3.349	  31.575
894	 CA 	116	 -57.953	   2.537	  36.719
1467	 CA 	151	 -38.346	   1.867	  -3.896
1477	 CA 	152	 -41.429	   2.055	  -6.350
1497	 CA 	153	 -40.702	   5.658	  -7.185
2201	 CA 	197	 -32.344	   6.996	  -7.894
2279	 CA 	202	 -31.414	   2.833	  -0.341
2324	 CA 	206	 -31.280	  -1.821	   3.001
2373	 CA 	209	 -23.209	  -0.406	  -2.198
2380	 CA 	210	 -22.342	   3.087	  -3.372
5325	 CA 	395	 -26.823	 -17.643	  20.437
5344	 CA 	396	 -26.243	 -15.000	  23.071
5356	 CA 	397	 -26.330	 -12.154	  20.424
5367	 CA 	398	 -23.096	 -10.695	  19.040
6370	 CA 	462	 -18.172	 -13.230	   3.743
6406	 CA 	465	 -19.149	 -17.716	   5.935
6933	 CA 	500	 -14.810	 -12.837	  14.760
6980	 CA 	503	 -15.203	 -13.707	  10.078
21341	CLA 	735	 -22.915	   3.146	   3.263
21342	CLA 	736	 -24.654	  -2.670	 -14.884
21344	CLA 	736	  35.248	   5.975	 -12.518
