786	 CA 	110	 -47.935	  -1.367	  31.847
806	 CA 	111	 -50.470	   1.369	  32.802
821	 CA 	112	 -52.781	   3.493	  30.850
894	 CA 	116	 -57.590	   2.897	  36.131
1467	 CA 	151	 -38.964	   2.613	  -4.664
1477	 CA 	152	 -41.718	   3.815	  -7.082
1497	 CA 	153	 -40.105	   7.212	  -7.553
2201	 CA 	197	 -32.128	   7.835	  -8.238
2279	 CA 	202	 -31.151	   3.927	  -0.362
2324	 CA 	206	 -30.965	  -0.888	   3.295
2373	 CA 	209	 -22.964	  -0.269	  -2.179
2380	 CA 	210	 -22.213	   3.283	  -3.071
5325	 CA 	395	 -26.494	 -16.932	  20.354
5344	 CA 	396	 -26.836	 -15.619	  23.809
5356	 CA 	397	 -26.782	 -11.852	  22.913
5367	 CA 	398	 -23.591	  -9.818	  23.012
6370	 CA 	462	 -18.612	 -12.638	   3.910
6406	 CA 	465	 -19.935	 -16.888	   6.105
6933	 CA 	500	 -14.438	 -12.044	  15.052
6980	 CA 	503	 -15.424	 -13.300	  10.404
21341	CLA 	735	 -22.237	   3.022	   4.283
21342	CLA 	736	 -24.210	  -2.500	 -15.183
21344	CLA 	736	  34.751	   6.128	  -9.999
