786	 CA 	110	 -49.287	  -0.627	  32.200
806	 CA 	111	 -51.131	   2.497	  33.183
821	 CA 	112	 -53.797	   4.476	  31.345
894	 CA 	116	 -61.586	   4.266	  33.379
1467	 CA 	151	 -39.206	   2.227	  -4.447
1477	 CA 	152	 -42.083	   2.851	  -6.879
1497	 CA 	153	 -40.889	   6.474	  -7.078
2201	 CA 	197	 -32.215	   7.851	  -7.853
2279	 CA 	202	 -31.665	   3.309	  -0.310
2324	 CA 	206	 -32.017	  -1.747	   2.567
2373	 CA 	209	 -22.864	  -0.771	  -1.896
2380	 CA 	210	 -22.334	   2.827	  -3.084
5325	 CA 	395	 -26.515	 -17.717	  23.155
5344	 CA 	396	 -30.237	 -17.533	  23.495
5356	 CA 	397	 -29.812	 -14.012	  22.155
5367	 CA 	398	 -26.830	 -12.160	  20.597
6370	 CA 	462	 -18.950	 -12.326	   3.791
6406	 CA 	465	 -20.119	 -16.681	   5.706
6933	 CA 	500	 -15.531	 -12.229	  14.844
6980	 CA 	503	 -15.826	 -13.050	  10.232
21341	CLA 	735	 -21.595	   2.555	   1.760
21342	CLA 	736	 -24.964	  -2.768	 -15.085
21344	CLA 	736	  34.254	   6.898	  -9.370
