786	 CA 	110	 -42.936	  -3.940	  33.298
806	 CA 	111	 -44.906	  -0.912	  34.636
821	 CA 	112	 -46.655	   2.081	  33.034
894	 CA 	116	 -52.145	   1.909	  36.094
1467	 CA 	151	 -39.032	   1.517	  -4.699
1477	 CA 	152	 -42.169	   2.142	  -6.820
1497	 CA 	153	 -41.020	   5.584	  -7.845
2201	 CA 	197	 -32.530	   6.408	  -8.689
2279	 CA 	202	 -31.894	   2.292	  -1.152
2324	 CA 	206	 -30.936	  -2.628	   2.137
2373	 CA 	209	 -22.825	  -0.227	  -2.840
2380	 CA 	210	 -21.922	   3.372	  -3.619
5325	 CA 	395	 -25.857	 -17.631	  22.204
5344	 CA 	396	 -25.481	 -15.625	  25.502
5356	 CA 	397	 -25.579	 -12.511	  23.211
5367	 CA 	398	 -22.302	 -11.075	  21.665
6370	 CA 	462	 -18.128	 -12.707	   3.589
6406	 CA 	465	 -18.886	 -17.101	   5.864
6933	 CA 	500	 -13.963	 -12.483	  15.126
6980	 CA 	503	 -14.916	 -13.404	  10.243
21341	CLA 	735	 -23.913	   3.442	   2.287
21342	CLA 	736	 -24.947	  -3.532	 -14.598
21344	CLA 	736	  31.270	   8.603	 -16.356
