786	 CA 	110	 -48.959	  -0.048	  32.919
806	 CA 	111	 -50.957	   3.099	  33.860
821	 CA 	112	 -52.327	   5.398	  31.143
894	 CA 	116	 -58.077	   5.934	  34.960
1467	 CA 	151	 -39.098	   2.052	  -4.765
1477	 CA 	152	 -42.092	   2.621	  -7.078
1497	 CA 	153	 -40.929	   6.247	  -7.745
2201	 CA 	197	 -32.626	   6.831	  -8.466
2279	 CA 	202	 -31.546	   3.246	  -0.595
2324	 CA 	206	 -31.027	  -1.475	   3.371
2373	 CA 	209	 -22.679	  -0.223	  -2.121
2380	 CA 	210	 -21.733	   3.452	  -3.146
5325	 CA 	395	 -26.151	 -17.105	  21.440
5344	 CA 	396	 -26.671	 -14.667	  24.262
5356	 CA 	397	 -26.006	 -11.425	  22.060
5367	 CA 	398	 -22.503	 -10.084	  21.129
6370	 CA 	462	 -17.872	 -12.782	   4.350
6406	 CA 	465	 -19.198	 -16.875	   6.507
6933	 CA 	500	 -14.770	 -12.051	  15.817
6980	 CA 	503	 -15.242	 -13.283	  10.683
21341	CLA 	735	 -23.199	   2.442	   3.056
21342	CLA 	736	 -25.025	  -3.423	 -14.182
21344	CLA 	736	  34.723	   5.539	 -10.784
