786	 CA 	110	 -46.605	  -1.702	  32.417
806	 CA 	111	 -48.763	   1.170	  33.695
821	 CA 	112	 -51.244	   3.619	  32.312
894	 CA 	116	 -58.339	   3.553	  35.369
1467	 CA 	151	 -38.942	   1.935	  -3.982
1477	 CA 	152	 -41.845	   2.741	  -6.352
1497	 CA 	153	 -40.499	   6.264	  -6.659
2201	 CA 	197	 -32.202	   7.047	  -7.270
2279	 CA 	202	 -31.037	   3.139	   0.190
2324	 CA 	206	 -31.105	  -1.791	   3.537
2373	 CA 	209	 -23.241	  -0.619	  -2.121
2380	 CA 	210	 -22.231	   3.015	  -2.930
5325	 CA 	395	 -25.595	 -17.165	  23.198
5344	 CA 	396	 -29.396	 -16.236	  23.610
5356	 CA 	397	 -28.422	 -12.832	  22.332
5367	 CA 	398	 -25.259	 -11.061	  21.173
6370	 CA 	462	 -18.327	 -12.742	   4.408
6406	 CA 	465	 -19.573	 -16.743	   6.363
6933	 CA 	500	 -14.752	 -12.482	  15.514
6980	 CA 	503	 -15.404	 -13.399	  10.708
21341	CLA 	735	 -22.799	   3.512	   3.148
21342	CLA 	736	 -24.590	  -2.989	 -14.976
21344	CLA 	736	  34.093	   5.929	 -10.032
