786	 CA 	110	 -49.608	  -2.064	  31.978
806	 CA 	111	 -51.921	   0.554	  33.487
821	 CA 	112	 -53.282	   3.999	  32.485
894	 CA 	116	 -59.619	   3.517	  36.331
1467	 CA 	151	 -39.386	   2.472	  -4.358
1477	 CA 	152	 -42.324	   2.983	  -6.742
1497	 CA 	153	 -40.903	   6.365	  -7.663
2201	 CA 	197	 -32.532	   7.046	  -8.335
2279	 CA 	202	 -32.238	   3.067	  -0.296
2324	 CA 	206	 -31.915	  -1.765	   2.946
2373	 CA 	209	 -23.574	  -0.850	  -2.582
2380	 CA 	210	 -22.613	   2.834	  -3.293
5325	 CA 	395	 -26.698	 -17.367	  20.254
5344	 CA 	396	 -27.078	 -14.609	  22.962
5356	 CA 	397	 -26.381	 -11.899	  20.188
5367	 CA 	398	 -22.854	 -11.148	  18.739
6370	 CA 	462	 -18.339	 -13.021	   3.447
6406	 CA 	465	 -19.247	 -17.228	   5.442
6933	 CA 	500	 -15.012	 -12.609	  14.764
6980	 CA 	503	 -15.459	 -13.288	   9.971
21341	CLA 	735	 -23.517	   2.971	   4.434
21342	CLA 	736	 -24.439	  -2.530	 -15.499
21344	CLA 	736	  37.118	   5.965	 -13.855
