786	 CA 	110	 -49.654	   0.082	  32.907
806	 CA 	111	 -51.732	   3.264	  33.618
821	 CA 	112	 -53.244	   5.471	  30.831
894	 CA 	116	 -57.593	   5.208	  34.197
1467	 CA 	151	 -39.066	   1.692	  -4.560
1477	 CA 	152	 -41.876	   2.182	  -7.100
1497	 CA 	153	 -40.664	   5.690	  -7.964
2201	 CA 	197	 -32.620	   6.490	  -8.153
2279	 CA 	202	 -31.603	   2.613	  -0.409
2324	 CA 	206	 -31.206	  -2.101	   2.823
2373	 CA 	209	 -23.243	  -0.425	  -2.348
2380	 CA 	210	 -22.087	   3.139	  -2.985
5325	 CA 	395	 -26.143	 -17.289	  20.345
5344	 CA 	396	 -26.425	 -15.263	  23.701
5356	 CA 	397	 -26.009	 -11.858	  21.752
5367	 CA 	398	 -22.752	  -9.930	  21.014
6370	 CA 	462	 -17.892	 -12.632	   4.050
6406	 CA 	465	 -19.236	 -16.800	   6.359
6933	 CA 	500	 -14.395	 -12.260	  15.269
6980	 CA 	503	 -14.799	 -12.910	  10.396
21341	CLA 	735	 -23.160	   2.185	   2.987
21342	CLA 	736	 -24.809	  -2.745	 -14.448
21344	CLA 	736	  32.838	   6.225	 -11.620
