786	 CA 	110	 -43.969	  -2.010	  34.326
806	 CA 	111	 -46.939	  -0.007	  35.502
821	 CA 	112	 -48.893	   2.804	  33.884
894	 CA 	116	 -54.279	   1.898	  37.435
1467	 CA 	151	 -38.928	   1.861	  -3.964
1477	 CA 	152	 -41.869	   2.353	  -6.286
1497	 CA 	153	 -40.835	   5.734	  -7.321
2201	 CA 	197	 -32.510	   6.386	  -7.896
2279	 CA 	202	 -31.620	   3.025	   0.100
2324	 CA 	206	 -30.577	  -2.106	   2.878
2373	 CA 	209	 -22.455	  -0.729	  -1.978
2380	 CA 	210	 -21.484	   2.923	  -2.767
5325	 CA 	395	 -24.713	 -17.496	  22.526
5344	 CA 	396	 -25.841	 -14.813	  25.030
5356	 CA 	397	 -24.968	 -11.766	  22.802
5367	 CA 	398	 -21.433	 -11.149	  21.259
6370	 CA 	462	 -17.955	 -13.253	   4.190
6406	 CA 	465	 -19.253	 -17.340	   6.663
6933	 CA 	500	 -13.989	 -12.631	  15.021
6980	 CA 	503	 -14.735	 -13.522	  10.412
21341	CLA 	735	 -23.225	   2.913	   3.780
21342	CLA 	736	 -25.032	  -3.383	 -14.240
21344	CLA 	736	  34.691	   6.067	 -22.700
