786	 CA 	110	 -49.014	  -1.312	  33.102
806	 CA 	111	 -51.476	   1.406	  33.987
821	 CA 	112	 -52.758	   4.246	  31.683
894	 CA 	116	 -57.240	   4.300	  36.047
1467	 CA 	151	 -38.747	   1.943	  -3.650
1477	 CA 	152	 -41.615	   2.756	  -6.090
1497	 CA 	153	 -40.324	   6.292	  -6.774
2201	 CA 	197	 -32.209	   7.352	  -7.881
2279	 CA 	202	 -31.191	   3.376	  -0.184
2324	 CA 	206	 -31.314	  -1.487	   3.589
2373	 CA 	209	 -23.281	  -0.402	  -2.068
2380	 CA 	210	 -22.184	   2.996	  -3.503
5325	 CA 	395	 -26.707	 -17.002	  21.289
5344	 CA 	396	 -27.067	 -14.268	  23.901
5356	 CA 	397	 -26.560	 -11.467	  21.176
5367	 CA 	398	 -23.094	 -10.257	  20.113
6370	 CA 	462	 -18.011	 -12.191	   4.233
6406	 CA 	465	 -19.230	 -16.814	   6.813
6933	 CA 	500	 -14.450	 -12.147	  15.458
6980	 CA 	503	 -14.616	 -12.676	  10.699
21341	CLA 	735	 -23.625	   3.122	   3.347
21342	CLA 	736	 -24.454	  -2.290	 -15.064
21344	CLA 	736	  34.462	   5.635	 -11.399
