786	 CA 	110	 -47.404	  -1.788	  32.643
806	 CA 	111	 -49.743	   0.930	  33.951
821	 CA 	112	 -52.210	   3.255	  31.967
894	 CA 	116	 -58.993	   2.036	  35.793
1467	 CA 	151	 -38.681	   2.028	  -4.244
1477	 CA 	152	 -41.666	   2.664	  -6.474
1497	 CA 	153	 -40.520	   6.278	  -6.781
2201	 CA 	197	 -32.348	   7.377	  -8.069
2279	 CA 	202	 -31.119	   3.726	  -0.255
2324	 CA 	206	 -31.873	  -1.126	   2.484
2373	 CA 	209	 -23.107	  -0.363	  -2.167
2380	 CA 	210	 -22.278	   3.242	  -3.091
5325	 CA 	395	 -24.308	 -19.253	  23.873
5344	 CA 	396	 -28.031	 -18.653	  24.326
5356	 CA 	397	 -28.047	 -15.665	  21.976
5367	 CA 	398	 -25.574	 -13.818	  19.791
6370	 CA 	462	 -18.253	 -12.868	   3.755
6406	 CA 	465	 -19.638	 -17.148	   5.917
6933	 CA 	500	 -14.377	 -11.843	  15.468
6980	 CA 	503	 -15.297	 -13.073	  10.396
21341	CLA 	735	 -21.211	   1.640	   1.366
21342	CLA 	736	 -24.697	  -1.962	 -14.982
21344	CLA 	736	  33.872	   2.298	 -12.677
