786	 CA 	110	 -45.546	  -1.461	  33.193
806	 CA 	111	 -47.364	   1.688	  34.252
821	 CA 	112	 -49.274	   4.285	  32.058
894	 CA 	116	 -54.851	   4.739	  36.684
1467	 CA 	151	 -39.290	   2.347	  -4.050
1477	 CA 	152	 -42.062	   3.237	  -6.715
1497	 CA 	153	 -40.254	   6.539	  -7.045
2201	 CA 	197	 -31.978	   7.421	  -8.139
2279	 CA 	202	 -31.773	   3.547	  -0.457
2324	 CA 	206	 -31.910	  -1.351	   2.339
2373	 CA 	209	 -23.223	  -0.407	  -1.812
2380	 CA 	210	 -22.294	   3.090	  -3.174
5325	 CA 	395	 -27.774	 -17.161	  21.709
5344	 CA 	396	 -29.262	 -15.614	  24.884
5356	 CA 	397	 -28.139	 -11.875	  24.432
5367	 CA 	398	 -25.306	 -10.823	  22.109
6370	 CA 	462	 -18.357	 -13.017	   3.853
6406	 CA 	465	 -19.763	 -17.202	   6.234
6933	 CA 	500	 -14.961	 -12.836	  15.159
6980	 CA 	503	 -15.498	 -13.558	  10.368
21341	CLA 	735	 -21.337	   3.035	   1.403
21342	CLA 	736	 -25.256	  -2.998	 -14.799
21344	CLA 	736	  31.482	   3.670	 -11.479
