786	 CA 	110	 -49.301	   0.327	  33.150
806	 CA 	111	 -51.369	   3.556	  33.819
821	 CA 	112	 -52.983	   6.483	  31.640
894	 CA 	116	 -58.362	   6.733	  35.733
1467	 CA 	151	 -38.767	   2.342	  -4.481
1477	 CA 	152	 -41.568	   2.905	  -7.021
1497	 CA 	153	 -40.482	   6.557	  -7.462
2201	 CA 	197	 -32.458	   7.190	  -8.222
2279	 CA 	202	 -31.390	   3.470	  -0.711
2324	 CA 	206	 -31.260	  -1.536	   2.727
2373	 CA 	209	 -22.865	  -0.412	  -2.489
2380	 CA 	210	 -21.883	   3.168	  -3.078
5325	 CA 	395	 -26.490	 -16.400	  21.177
5344	 CA 	396	 -27.208	 -14.362	  24.394
5356	 CA 	397	 -26.914	 -10.962	  22.762
5367	 CA 	398	 -23.533	  -9.921	  21.054
6370	 CA 	462	 -18.688	 -12.445	   4.092
6406	 CA 	465	 -20.113	 -16.506	   6.205
6933	 CA 	500	 -15.179	 -11.691	  15.390
6980	 CA 	503	 -15.705	 -12.677	  10.477
21341	CLA 	735	 -23.369	   1.765	   3.176
21342	CLA 	736	 -24.650	  -2.534	 -14.498
21344	CLA 	736	  34.372	   4.542	 -10.195
