786	 CA 	110	 -46.005	  -1.564	  33.559
806	 CA 	111	 -47.880	   1.555	  34.645
821	 CA 	112	 -49.416	   4.351	  32.566
894	 CA 	116	 -56.079	   5.250	  36.820
1467	 CA 	151	 -38.533	   2.320	  -4.071
1477	 CA 	152	 -41.319	   2.648	  -6.758
1497	 CA 	153	 -40.103	   6.291	  -7.395
2201	 CA 	197	 -32.057	   7.316	  -8.377
2279	 CA 	202	 -31.581	   3.412	  -0.757
2324	 CA 	206	 -31.227	  -1.329	   3.006
2373	 CA 	209	 -23.166	  -0.478	  -1.960
2380	 CA 	210	 -22.273	   3.022	  -3.240
5325	 CA 	395	 -27.041	 -17.442	  22.087
5344	 CA 	396	 -28.837	 -16.081	  25.171
5356	 CA 	397	 -27.923	 -12.619	  23.994
5367	 CA 	398	 -25.079	 -11.262	  21.748
6370	 CA 	462	 -18.686	 -13.214	   4.015
6406	 CA 	465	 -19.936	 -16.944	   6.283
6933	 CA 	500	 -15.178	 -12.665	  15.163
6980	 CA 	503	 -15.264	 -13.534	  10.343
21341	CLA 	735	 -21.574	   2.862	   1.656
21342	CLA 	736	 -24.633	  -2.832	 -14.319
21344	CLA 	736	  32.429	   3.877	 -11.372
