786	 CA 	110	 -48.007	  -2.314	  31.194
806	 CA 	111	 -49.973	   0.419	  32.672
821	 CA 	112	 -52.209	   3.185	  31.339
894	 CA 	116	 -58.968	   2.283	  34.304
1467	 CA 	151	 -39.015	   2.672	  -4.780
1477	 CA 	152	 -41.705	   3.573	  -7.415
1497	 CA 	153	 -40.424	   7.146	  -7.734
2201	 CA 	197	 -31.634	   7.884	  -8.490
2279	 CA 	202	 -30.901	   3.993	  -0.887
2324	 CA 	206	 -31.537	  -0.227	   2.304
2373	 CA 	209	 -23.119	  -0.116	  -2.658
2380	 CA 	210	 -22.364	   3.647	  -3.307
5325	 CA 	395	 -27.526	 -17.895	  23.218
5344	 CA 	396	 -31.137	 -16.606	  23.669
5356	 CA 	397	 -29.590	 -13.370	  22.359
5367	 CA 	398	 -26.016	 -12.367	  20.840
6370	 CA 	462	 -18.871	 -12.939	   3.745
6406	 CA 	465	 -20.478	 -16.972	   5.866
6933	 CA 	500	 -15.473	 -13.203	  14.963
6980	 CA 	503	 -15.718	 -13.525	  10.105
21341	CLA 	735	 -21.921	   2.980	   1.532
21342	CLA 	736	 -24.567	  -2.254	 -15.122
21344	CLA 	736	  33.491	   5.023	  -8.638
