786	 CA 	110	 -48.642	  -0.963	  31.087
806	 CA 	111	 -50.738	   1.864	  32.312
821	 CA 	112	 -52.981	   4.284	  30.382
894	 CA 	116	 -60.387	   3.550	  33.651
1467	 CA 	151	 -38.703	   2.088	  -4.643
1477	 CA 	152	 -41.507	   2.825	  -7.067
1497	 CA 	153	 -40.448	   6.473	  -7.184
2201	 CA 	197	 -31.977	   8.027	  -8.266
2279	 CA 	202	 -31.068	   3.569	  -0.729
2324	 CA 	206	 -30.956	  -1.201	   2.605
2373	 CA 	209	 -23.056	  -0.442	  -2.284
2380	 CA 	210	 -22.395	   3.069	  -3.571
5325	 CA 	395	 -26.375	 -17.067	  23.525
5344	 CA 	396	 -30.162	 -16.462	  24.016
5356	 CA 	397	 -29.759	 -12.994	  22.576
5367	 CA 	398	 -26.677	 -11.193	  21.138
6370	 CA 	462	 -18.819	 -12.483	   4.150
6406	 CA 	465	 -20.469	 -16.665	   6.405
6933	 CA 	500	 -15.192	 -12.606	  15.101
6980	 CA 	503	 -15.684	 -13.466	  10.435
21341	CLA 	735	 -21.986	   3.320	   2.212
21342	CLA 	736	 -25.102	  -2.825	 -15.034
21344	CLA 	736	  34.478	   6.144	  -9.440
