786	 CA 	110	 -45.813	  -0.617	  32.591
806	 CA 	111	 -48.090	   2.382	  33.455
821	 CA 	112	 -50.277	   4.915	  31.558
894	 CA 	116	 -56.437	   4.331	  36.288
1467	 CA 	151	 -39.012	   2.301	  -4.252
1477	 CA 	152	 -41.793	   3.217	  -6.753
1497	 CA 	153	 -40.435	   6.665	  -7.588
2201	 CA 	197	 -32.435	   7.568	  -8.435
2279	 CA 	202	 -31.204	   3.755	  -0.797
2324	 CA 	206	 -30.575	  -1.167	   3.119
2373	 CA 	209	 -23.161	  -0.117	  -2.405
2380	 CA 	210	 -22.289	   3.479	  -3.237
5325	 CA 	395	 -27.272	 -18.307	  22.050
5344	 CA 	396	 -28.750	 -16.089	  24.800
5356	 CA 	397	 -27.923	 -12.630	  23.446
5367	 CA 	398	 -25.188	 -11.361	  21.107
6370	 CA 	462	 -18.600	 -13.041	   3.824
6406	 CA 	465	 -19.877	 -17.045	   6.161
6933	 CA 	500	 -14.735	 -12.596	  15.294
6980	 CA 	503	 -15.174	 -13.535	  10.459
21341	CLA 	735	 -21.487	   2.955	   0.761
21342	CLA 	736	 -24.922	  -2.813	 -14.745
21344	CLA 	736	  32.206	   5.206	  -9.100
