786	 CA 	110	 -46.368	   3.568	  34.987
806	 CA 	111	 -48.372	   6.347	  36.446
821	 CA 	112	 -51.129	   7.780	  34.282
894	 CA 	116	 -58.443	   4.101	  35.492
1467	 CA 	151	 -38.503	   1.705	  -2.461
1477	 CA 	152	 -41.671	   2.139	  -4.618
1497	 CA 	153	 -40.673	   5.755	  -5.387
2201	 CA 	197	 -31.997	   6.853	  -6.828
2279	 CA 	202	 -30.485	   3.124	   0.772
2324	 CA 	206	 -29.560	  -1.409	   3.894
2373	 CA 	209	 -22.512	   0.091	  -2.021
2380	 CA 	210	 -21.217	   3.674	  -2.684
5325	 CA 	395	 -20.198	 -19.498	  26.448
5344	 CA 	396	 -23.396	 -20.270	  24.583
5356	 CA 	397	 -24.769	 -17.060	  22.996
5367	 CA 	398	 -22.782	 -13.965	  21.749
6370	 CA 	462	 -16.714	 -12.474	   4.650
6406	 CA 	465	 -18.279	 -16.186	   7.355
6933	 CA 	500	 -11.841	 -11.130	  15.135
6980	 CA 	503	 -13.364	 -12.754	  10.496
21341	CLA 	735	 -19.545	   1.033	   0.012
21342	CLA 	736	 -25.679	  -2.064	 -14.931
21344	CLA 	736	  28.690	   0.532	 -16.247
