786	 CA 	110	 -45.671	  -3.777	  32.210
806	 CA 	111	 -47.873	  -1.002	  33.798
821	 CA 	112	 -50.024	   2.097	  32.564
894	 CA 	116	 -56.594	   2.270	  36.344
1467	 CA 	151	 -39.131	   1.221	  -4.410
1477	 CA 	152	 -41.951	   2.425	  -6.681
1497	 CA 	153	 -40.621	   5.921	  -6.786
2201	 CA 	197	 -32.043	   6.311	  -8.168
2279	 CA 	202	 -30.807	   3.154	  -0.032
2324	 CA 	206	 -30.738	  -1.985	   3.198
2373	 CA 	209	 -22.737	  -0.550	  -1.404
2380	 CA 	210	 -22.147	   2.956	  -2.909
5325	 CA 	395	 -23.585	 -18.574	  24.340
5344	 CA 	396	 -27.481	 -17.843	  24.775
5356	 CA 	397	 -27.551	 -14.552	  22.813
5367	 CA 	398	 -25.162	 -12.755	  20.448
6370	 CA 	462	 -17.243	 -12.615	   4.522
6406	 CA 	465	 -19.043	 -16.504	   6.828
6933	 CA 	500	 -13.621	 -12.038	  15.315
6980	 CA 	503	 -14.545	 -12.985	  10.627
21341	CLA 	735	 -21.234	   2.820	   1.046
21342	CLA 	736	 -24.434	  -2.853	 -14.558
21344	CLA 	736	  34.178	   5.626	 -13.585
