786	 CA 	110	 -46.268	  -2.663	  32.897
806	 CA 	111	 -48.067	   0.302	  34.513
821	 CA 	112	 -50.218	   3.037	  32.846
894	 CA 	116	 -57.340	   2.500	  36.897
1467	 CA 	151	 -39.002	   1.811	  -3.944
1477	 CA 	152	 -41.783	   2.944	  -6.262
1497	 CA 	153	 -40.436	   6.474	  -6.586
2201	 CA 	197	 -31.551	   7.325	  -7.419
2279	 CA 	202	 -30.536	   3.285	   0.436
2324	 CA 	206	 -30.477	  -1.338	   3.934
2373	 CA 	209	 -22.628	  -0.397	  -1.798
2380	 CA 	210	 -21.894	   3.306	  -2.619
5325	 CA 	395	 -23.620	 -18.852	  23.960
5344	 CA 	396	 -27.473	 -18.443	  24.511
5356	 CA 	397	 -27.700	 -15.067	  22.843
5367	 CA 	398	 -25.544	 -12.871	  20.560
6370	 CA 	462	 -17.994	 -12.820	   3.878
6406	 CA 	465	 -18.865	 -16.961	   6.360
6933	 CA 	500	 -13.561	 -11.755	  15.390
6980	 CA 	503	 -14.644	 -13.390	  10.543
21341	CLA 	735	 -20.804	   1.576	   1.734
21342	CLA 	736	 -24.526	  -2.543	 -15.012
21344	CLA 	736	  33.345	   3.097	 -14.496
