786	 CA 	110	 -43.978	  -3.029	  34.785
806	 CA 	111	 -46.697	  -0.415	  35.521
821	 CA 	112	 -48.678	   2.528	  33.912
894	 CA 	116	 -54.838	   1.973	  36.053
1467	 CA 	151	 -39.013	   1.791	  -4.094
1477	 CA 	152	 -42.068	   1.841	  -6.449
1497	 CA 	153	 -41.117	   5.413	  -7.372
2201	 CA 	197	 -33.032	   6.349	  -7.825
2279	 CA 	202	 -31.934	   2.436	  -0.391
2324	 CA 	206	 -30.707	  -2.698	   2.625
2373	 CA 	209	 -23.208	  -0.258	  -2.762
2380	 CA 	210	 -21.694	   3.100	  -2.859
5325	 CA 	395	 -25.189	 -17.407	  21.338
5344	 CA 	396	 -24.968	 -15.001	  24.278
5356	 CA 	397	 -24.821	 -11.796	  22.249
5367	 CA 	398	 -21.465	 -11.067	  20.452
6370	 CA 	462	 -17.625	 -13.182	   3.524
6406	 CA 	465	 -18.944	 -17.319	   5.883
6933	 CA 	500	 -13.914	 -12.684	  14.605
6980	 CA 	503	 -14.722	 -13.430	   9.838
21341	CLA 	735	 -23.485	   2.500	   2.981
21342	CLA 	736	 -24.197	  -2.760	 -15.045
21344	CLA 	736	  33.219	  10.619	 -21.291
