786	 CA 	110	 -50.010	  -1.232	  32.184
806	 CA 	111	 -52.063	   1.855	  32.560
821	 CA 	112	 -53.531	   4.458	  30.333
894	 CA 	116	 -58.267	   3.706	  34.100
1467	 CA 	151	 -38.964	   2.695	  -4.807
1477	 CA 	152	 -41.825	   3.506	  -7.256
1497	 CA 	153	 -40.509	   7.104	  -7.862
2201	 CA 	197	 -32.303	   7.555	  -8.456
2279	 CA 	202	 -31.590	   3.674	  -0.378
2324	 CA 	206	 -31.716	  -1.673	   2.511
2373	 CA 	209	 -23.162	  -0.179	  -2.192
2380	 CA 	210	 -22.138	   3.212	  -3.567
5325	 CA 	395	 -26.777	 -17.196	  20.931
5344	 CA 	396	 -27.159	 -14.875	  23.994
5356	 CA 	397	 -26.583	 -11.864	  21.653
5367	 CA 	398	 -23.169	 -10.640	  20.754
6370	 CA 	462	 -18.907	 -12.944	   3.954
6406	 CA 	465	 -20.143	 -17.071	   5.999
6933	 CA 	500	 -14.902	 -12.807	  15.052
6980	 CA 	503	 -15.651	 -13.943	  10.405
21341	CLA 	735	 -23.800	   3.339	   2.952
21342	CLA 	736	 -24.643	  -2.973	 -14.539
21344	CLA 	736	  35.814	   3.628	  -9.589
