786	 CA 	110	 -44.539	  -3.869	  34.970
806	 CA 	111	 -46.814	  -0.788	  35.426
821	 CA 	112	 -48.225	   2.304	  33.771
894	 CA 	116	 -54.477	   1.839	  37.590
1467	 CA 	151	 -38.911	   2.617	  -3.896
1477	 CA 	152	 -41.873	   3.580	  -6.204
1497	 CA 	153	 -40.348	   7.053	  -6.962
2201	 CA 	197	 -32.338	   7.741	  -7.831
2279	 CA 	202	 -31.500	   4.115	   0.007
2324	 CA 	206	 -31.903	  -0.735	   3.134
2373	 CA 	209	 -23.498	  -0.515	  -2.119
2380	 CA 	210	 -22.103	   3.008	  -2.870
5325	 CA 	395	 -26.827	 -17.567	  20.716
5344	 CA 	396	 -26.836	 -14.954	  23.525
5356	 CA 	397	 -26.681	 -12.156	  20.901
5367	 CA 	398	 -23.472	 -10.731	  19.445
6370	 CA 	462	 -18.118	 -12.850	   3.624
6406	 CA 	465	 -19.228	 -17.274	   5.692
6933	 CA 	500	 -15.271	 -12.381	  14.721
6980	 CA 	503	 -15.384	 -13.373	   9.883
21341	CLA 	735	 -23.322	   3.201	   3.397
21342	CLA 	736	 -23.754	  -2.199	 -15.133
21344	CLA 	736	  34.246	   5.839	 -15.436
