786	 CA 	110	 -48.725	  -0.963	  31.362
806	 CA 	111	 -50.822	   2.115	  32.100
821	 CA 	112	 -51.841	   5.049	  29.912
894	 CA 	116	 -58.740	   4.989	  33.546
1467	 CA 	151	 -38.961	   2.576	  -4.996
1477	 CA 	152	 -41.924	   3.277	  -7.400
1497	 CA 	153	 -40.683	   6.959	  -7.609
2201	 CA 	197	 -31.704	   8.135	  -8.509
2279	 CA 	202	 -31.213	   4.100	  -0.871
2324	 CA 	206	 -31.379	  -0.534	   2.116
2373	 CA 	209	 -23.317	  -0.222	  -2.793
2380	 CA 	210	 -22.022	   3.311	  -3.539
5325	 CA 	395	 -26.574	 -17.216	  23.762
5344	 CA 	396	 -30.283	 -15.960	  24.437
5356	 CA 	397	 -29.280	 -12.741	  22.736
5367	 CA 	398	 -25.882	 -11.529	  21.334
6370	 CA 	462	 -18.778	 -12.812	   3.801
6406	 CA 	465	 -20.534	 -17.050	   6.347
6933	 CA 	500	 -15.546	 -13.007	  15.309
6980	 CA 	503	 -15.914	 -13.510	  10.432
21341	CLA 	735	 -21.416	   3.583	   1.548
21342	CLA 	736	 -24.849	  -2.248	 -15.053
21344	CLA 	736	  33.959	   4.725	  -9.713
