786	 CA 	110	 -45.507	  -3.112	  33.544
806	 CA 	111	 -47.258	  -0.249	  35.161
821	 CA 	112	 -48.424	   3.224	  33.882
894	 CA 	116	 -55.430	   3.383	  37.509
1467	 CA 	151	 -38.644	   2.414	  -3.260
1477	 CA 	152	 -41.484	   2.864	  -5.887
1497	 CA 	153	 -40.313	   6.422	  -6.784
2201	 CA 	197	 -31.994	   6.949	  -7.450
2279	 CA 	202	 -31.480	   3.616	   0.212
2324	 CA 	206	 -30.959	  -0.610	   2.815
2373	 CA 	209	 -22.971	  -0.187	  -2.588
2380	 CA 	210	 -21.325	   3.117	  -3.080
5325	 CA 	395	 -26.353	 -17.600	  20.917
5344	 CA 	396	 -26.825	 -14.724	  23.482
5356	 CA 	397	 -27.103	 -11.932	  20.916
5367	 CA 	398	 -23.973	 -10.791	  19.092
6370	 CA 	462	 -18.033	 -13.673	   3.296
6406	 CA 	465	 -19.309	 -17.645	   5.605
6933	 CA 	500	 -14.120	 -12.717	  14.472
6980	 CA 	503	 -14.889	 -13.778	   9.529
21341	CLA 	735	 -22.520	   2.573	   3.375
21342	CLA 	736	 -24.509	  -2.343	 -14.994
21344	CLA 	736	  33.051	   8.359	 -17.957
