786	 CA 	110	 -45.553	   1.105	  36.018
806	 CA 	111	 -48.525	   3.536	  36.652
821	 CA 	112	 -50.717	   5.724	  34.465
894	 CA 	116	 -55.805	   1.934	  37.247
1467	 CA 	151	 -38.753	   2.281	  -3.877
1477	 CA 	152	 -41.721	   2.904	  -6.235
1497	 CA 	153	 -40.543	   6.420	  -6.831
2201	 CA 	197	 -32.085	   6.593	  -7.211
2279	 CA 	202	 -30.925	   2.754	   0.479
2324	 CA 	206	 -30.488	  -1.671	   4.327
2373	 CA 	209	 -22.765	  -0.427	  -1.091
2380	 CA 	210	 -22.220	   2.873	  -2.956
5325	 CA 	395	 -24.006	 -16.845	  23.552
5344	 CA 	396	 -23.148	 -14.780	  26.691
5356	 CA 	397	 -23.598	 -11.842	  24.395
5367	 CA 	398	 -21.318	  -9.725	  22.176
6370	 CA 	462	 -17.783	 -13.055	   4.676
6406	 CA 	465	 -19.536	 -16.887	   7.200
6933	 CA 	500	 -13.284	 -12.556	  15.200
6980	 CA 	503	 -14.550	 -13.133	  10.616
21341	CLA 	735	 -22.829	   2.735	   3.856
21342	CLA 	736	 -24.240	  -2.994	 -14.683
21344	CLA 	736	  24.210	  51.499	 -39.751
