786	 CA 	110	 -49.047	   1.109	  32.667
806	 CA 	111	 -51.644	   3.736	  33.594
821	 CA 	112	 -53.260	   6.375	  31.254
894	 CA 	116	 -60.662	   4.651	  33.429
1467	 CA 	151	 -38.789	   1.314	  -4.075
1477	 CA 	152	 -41.929	   1.929	  -6.269
1497	 CA 	153	 -41.073	   5.720	  -6.764
2201	 CA 	197	 -31.829	   6.773	  -7.777
2279	 CA 	202	 -30.556	   3.292	   0.137
2324	 CA 	206	 -30.734	  -1.560	   3.493
2373	 CA 	209	 -22.482	  -0.495	  -2.143
2380	 CA 	210	 -21.758	   3.166	  -3.052
5325	 CA 	395	 -23.046	 -19.717	  25.212
5344	 CA 	396	 -26.805	 -19.658	  24.417
5356	 CA 	397	 -27.492	 -16.587	  22.300
5367	 CA 	398	 -24.996	 -14.503	  20.477
6370	 CA 	462	 -17.344	 -13.064	   4.134
6406	 CA 	465	 -19.079	 -16.897	   6.538
6933	 CA 	500	 -13.269	 -12.727	  15.078
6980	 CA 	503	 -13.929	 -13.847	  10.785
21341	CLA 	735	 -21.350	   3.162	   2.614
21342	CLA 	736	 -24.377	  -2.072	 -14.949
21344	CLA 	736	  30.014	   2.678	 -14.584
