786	 CA 	110	 -48.665	   0.691	  33.312
806	 CA 	111	 -50.872	   3.803	  33.877
821	 CA 	112	 -52.784	   6.170	  31.479
894	 CA 	116	 -60.292	   5.510	  34.017
1467	 CA 	151	 -39.133	   1.891	  -3.941
1477	 CA 	152	 -42.150	   2.559	  -6.304
1497	 CA 	153	 -41.084	   6.138	  -6.642
2201	 CA 	197	 -32.127	   7.463	  -7.545
2279	 CA 	202	 -30.918	   3.951	   0.384
2324	 CA 	206	 -30.875	  -0.429	   3.338
2373	 CA 	209	 -22.393	  -0.016	  -2.023
2380	 CA 	210	 -21.646	   3.477	  -3.167
5325	 CA 	395	 -23.864	 -17.796	  25.824
5344	 CA 	396	 -27.497	 -18.749	  25.439
5356	 CA 	397	 -29.067	 -15.676	  23.574
5367	 CA 	398	 -27.225	 -13.589	  20.860
6370	 CA 	462	 -17.711	 -12.672	   4.345
6406	 CA 	465	 -19.541	 -16.624	   7.214
6933	 CA 	500	 -14.621	 -11.608	  15.681
6980	 CA 	503	 -14.685	 -12.891	  10.899
21341	CLA 	735	 -22.531	   4.221	   3.431
21342	CLA 	736	 -24.843	  -2.005	 -15.293
21344	CLA 	736	  34.098	   6.106	 -13.334
