786	 CA 	110	 -45.068	  -3.210	  34.963
806	 CA 	111	 -47.422	  -0.614	  36.325
821	 CA 	112	 -49.282	   2.250	  34.460
894	 CA 	116	 -54.610	   2.250	  37.981
1467	 CA 	151	 -39.020	   2.481	  -3.598
1477	 CA 	152	 -41.865	   3.302	  -6.114
1497	 CA 	153	 -40.278	   6.706	  -6.692
2201	 CA 	197	 -32.326	   6.765	  -7.290
2279	 CA 	202	 -31.593	   2.937	   0.337
2324	 CA 	206	 -30.725	  -2.646	   3.052
2373	 CA 	209	 -22.530	  -0.742	  -1.841
2380	 CA 	210	 -21.512	   2.797	  -2.414
5325	 CA 	395	 -26.287	 -18.502	  20.935
5344	 CA 	396	 -26.719	 -16.382	  24.111
5356	 CA 	397	 -26.389	 -13.227	  21.934
5367	 CA 	398	 -22.759	 -12.658	  20.794
6370	 CA 	462	 -18.149	 -13.279	   3.565
6406	 CA 	465	 -19.484	 -17.495	   5.485
6933	 CA 	500	 -14.100	 -13.369	  14.570
6980	 CA 	503	 -15.149	 -13.699	   9.717
21341	CLA 	735	 -23.062	   2.464	   3.734
21342	CLA 	736	 -24.452	  -2.775	 -14.767
21344	CLA 	736	  33.683	   8.931	 -17.511
