786	 CA 	110	 -46.335	  -1.587	  32.225
806	 CA 	111	 -48.196	   1.202	  33.810
821	 CA 	112	 -50.224	   3.977	  32.370
894	 CA 	116	 -56.460	   4.095	  37.136
1467	 CA 	151	 -39.058	   1.695	  -4.007
1477	 CA 	152	 -41.879	   1.930	  -6.646
1497	 CA 	153	 -41.128	   5.626	  -7.424
2201	 CA 	197	 -32.561	   7.208	  -8.543
2279	 CA 	202	 -31.848	   4.040	  -0.624
2324	 CA 	206	 -31.922	  -0.810	   3.154
2373	 CA 	209	 -23.100	  -0.446	  -1.967
2380	 CA 	210	 -22.391	   3.230	  -3.018
5325	 CA 	395	 -25.825	 -18.732	  23.362
5344	 CA 	396	 -29.057	 -17.246	  24.635
5356	 CA 	397	 -27.782	 -13.750	  23.396
5367	 CA 	398	 -24.849	 -12.445	  21.325
6370	 CA 	462	 -18.273	 -12.787	   4.288
6406	 CA 	465	 -20.070	 -16.730	   6.868
6933	 CA 	500	 -15.305	 -12.032	  15.727
6980	 CA 	503	 -15.485	 -13.132	  10.716
21341	CLA 	735	 -21.974	   2.723	   1.616
21342	CLA 	736	 -25.002	  -2.554	 -14.175
21344	CLA 	736	  34.986	   6.232	 -10.876
