786	 CA 	110	 -46.802	  -0.915	  32.041
806	 CA 	111	 -49.327	   1.946	  32.811
821	 CA 	112	 -51.121	   4.573	  30.633
894	 CA 	116	 -57.498	   4.558	  34.750
1467	 CA 	151	 -39.217	   1.929	  -4.329
1477	 CA 	152	 -42.047	   2.510	  -6.695
1497	 CA 	153	 -40.962	   6.239	  -7.423
2201	 CA 	197	 -32.763	   7.048	  -8.453
2279	 CA 	202	 -31.862	   3.037	  -0.836
2324	 CA 	206	 -31.625	  -1.656	   2.960
2373	 CA 	209	 -23.843	  -0.489	  -2.373
2380	 CA 	210	 -22.414	   2.800	  -3.387
5325	 CA 	395	 -26.004	 -19.368	  21.207
5344	 CA 	396	 -25.508	 -17.921	  24.682
5356	 CA 	397	 -26.005	 -14.173	  23.632
5367	 CA 	398	 -23.684	 -12.084	  21.419
6370	 CA 	462	 -18.385	 -12.576	   3.430
6406	 CA 	465	 -19.470	 -16.942	   5.675
6933	 CA 	500	 -14.961	 -12.788	  14.626
6980	 CA 	503	 -15.587	 -13.441	  10.092
21341	CLA 	735	 -23.261	   3.330	   2.586
21342	CLA 	736	 -24.900	  -2.965	 -14.681
21344	CLA 	736	  33.383	   5.580	 -10.202
