786	 CA 	110	 -49.066	  -0.863	  31.956
806	 CA 	111	 -51.556	   1.750	  33.385
821	 CA 	112	 -53.493	   3.881	  30.881
894	 CA 	116	 -59.230	   3.584	  34.208
1467	 CA 	151	 -38.592	   2.032	  -4.223
1477	 CA 	152	 -41.568	   2.762	  -6.524
1497	 CA 	153	 -40.166	   6.288	  -7.186
2201	 CA 	197	 -32.165	   7.122	  -7.923
2279	 CA 	202	 -31.163	   2.763	  -0.600
2324	 CA 	206	 -31.121	  -1.706	   2.779
2373	 CA 	209	 -22.910	  -0.488	  -2.159
2380	 CA 	210	 -22.030	   3.053	  -3.108
5325	 CA 	395	 -27.247	 -16.774	  21.004
5344	 CA 	396	 -27.252	 -14.027	  23.583
5356	 CA 	397	 -27.116	 -11.342	  20.992
5367	 CA 	398	 -23.927	  -9.781	  19.572
6370	 CA 	462	 -18.559	 -12.733	   3.710
6406	 CA 	465	 -19.781	 -17.267	   6.362
6933	 CA 	500	 -15.013	 -12.119	  15.241
6980	 CA 	503	 -15.511	 -13.165	  10.350
21341	CLA 	735	 -23.393	   3.092	   3.055
21342	CLA 	736	 -24.860	  -2.604	 -15.121
21344	CLA 	736	  35.418	   4.682	 -12.438
