786	 CA 	110	 -45.616	  -3.394	  35.330
806	 CA 	111	 -47.744	  -0.310	  36.035
821	 CA 	112	 -48.393	   3.035	  34.194
894	 CA 	116	 -55.276	   4.557	  37.676
1467	 CA 	151	 -39.064	   2.864	  -4.132
1477	 CA 	152	 -42.014	   3.628	  -6.506
1497	 CA 	153	 -40.741	   7.174	  -7.255
2201	 CA 	197	 -32.171	   7.665	  -7.818
2279	 CA 	202	 -31.601	   4.119	  -0.075
2324	 CA 	206	 -31.940	  -1.157	   2.673
2373	 CA 	209	 -23.090	  -0.319	  -2.306
2380	 CA 	210	 -21.692	   3.088	  -3.289
5325	 CA 	395	 -27.024	 -16.220	  20.710
5344	 CA 	396	 -26.878	 -13.486	  23.520
5356	 CA 	397	 -26.333	 -10.797	  20.854
5367	 CA 	398	 -23.055	  -9.294	  19.568
6370	 CA 	462	 -18.636	 -12.601	   4.071
6406	 CA 	465	 -19.702	 -16.978	   6.324
6933	 CA 	500	 -14.552	 -11.801	  14.947
6980	 CA 	503	 -15.306	 -12.888	  10.375
21341	CLA 	735	 -23.843	   3.354	   2.761
21342	CLA 	736	 -24.382	  -2.346	 -15.176
21344	CLA 	736	  32.609	   6.748	 -14.757
