786	 CA 	110	 -47.577	  -5.036	  32.182
806	 CA 	111	 -49.639	  -2.467	  33.903
821	 CA 	112	 -50.739	   1.062	  33.054
894	 CA 	116	 -57.725	   0.963	  36.572
1467	 CA 	151	 -38.343	   2.106	  -4.076
1477	 CA 	152	 -41.472	   2.241	  -6.281
1497	 CA 	153	 -40.363	   5.849	  -7.225
2201	 CA 	197	 -32.417	   6.996	  -7.827
2279	 CA 	202	 -31.486	   2.874	  -0.391
2324	 CA 	206	 -30.841	  -2.520	   2.513
2373	 CA 	209	 -22.615	  -0.621	  -2.132
2380	 CA 	210	 -20.936	   2.708	  -2.707
5325	 CA 	395	 -25.749	 -18.511	  20.498
5344	 CA 	396	 -25.432	 -15.928	  23.406
5356	 CA 	397	 -25.217	 -13.144	  20.860
5367	 CA 	398	 -22.325	 -11.375	  19.054
6370	 CA 	462	 -17.877	 -13.310	   3.170
6406	 CA 	465	 -18.756	 -17.895	   5.636
6933	 CA 	500	 -14.129	 -13.226	  14.677
6980	 CA 	503	 -14.546	 -13.906	   9.984
21341	CLA 	735	 -22.393	   2.649	   3.015
21342	CLA 	736	 -24.365	  -1.923	 -15.388
21344	CLA 	736	  36.146	   6.342	 -11.640
