786	 CA 	110	 -46.299	   4.538	  35.475
806	 CA 	111	 -49.552	   6.418	  36.332
821	 CA 	112	 -52.550	   7.763	  34.249
894	 CA 	116	 -58.840	   4.599	  38.093
1467	 CA 	151	 -38.999	   2.778	  -3.242
1477	 CA 	152	 -41.779	   3.112	  -5.661
1497	 CA 	153	 -40.616	   6.708	  -6.657
2201	 CA 	197	 -32.091	   6.566	  -7.508
2279	 CA 	202	 -31.143	   3.226	   0.406
2324	 CA 	206	 -30.828	  -1.453	   4.251
2373	 CA 	209	 -23.039	  -0.480	  -1.309
2380	 CA 	210	 -22.457	   2.937	  -2.996
5325	 CA 	395	 -24.492	 -16.480	  22.638
5344	 CA 	396	 -24.009	 -14.018	  25.613
5356	 CA 	397	 -24.237	 -11.035	  23.219
5367	 CA 	398	 -21.613	  -9.294	  21.212
6370	 CA 	462	 -17.758	 -12.783	   4.483
6406	 CA 	465	 -19.264	 -16.721	   7.287
6933	 CA 	500	 -13.018	 -12.295	  15.492
6980	 CA 	503	 -14.422	 -12.906	  10.596
21341	CLA 	735	 -22.883	   2.912	   3.531
21342	CLA 	736	 -24.370	  -2.653	 -15.142
21344	CLA 	736	  23.420	  53.038	 -36.578
