786	 CA 	110	 -47.219	  -0.926	  32.215
806	 CA 	111	 -49.853	   1.665	  32.963
821	 CA 	112	 -51.760	   4.433	  31.175
894	 CA 	116	 -57.745	   3.298	  35.287
1467	 CA 	151	 -38.837	   2.008	  -4.485
1477	 CA 	152	 -41.838	   2.265	  -6.926
1497	 CA 	153	 -40.605	   5.920	  -7.566
2201	 CA 	197	 -31.851	   7.351	  -8.750
2279	 CA 	202	 -31.213	   3.932	  -0.522
2324	 CA 	206	 -31.629	  -0.519	   2.783
2373	 CA 	209	 -23.095	  -0.047	  -2.039
2380	 CA 	210	 -22.289	   3.514	  -3.062
5325	 CA 	395	 -26.951	 -17.557	  21.996
5344	 CA 	396	 -29.838	 -15.990	  24.036
5356	 CA 	397	 -28.564	 -12.576	  22.930
5367	 CA 	398	 -25.787	 -10.989	  20.841
6370	 CA 	462	 -18.706	 -12.722	   3.997
6406	 CA 	465	 -20.166	 -17.075	   6.348
6933	 CA 	500	 -15.495	 -12.409	  15.380
6980	 CA 	503	 -15.668	 -13.212	  10.412
21341	CLA 	735	 -21.864	   3.530	   1.617
21342	CLA 	736	 -24.793	  -2.805	 -14.576
21344	CLA 	736	  34.016	   5.487	  -9.161
