786	 CA 	110	 -47.312	   3.056	  35.159
806	 CA 	111	 -49.453	   5.810	  36.871
821	 CA 	112	 -52.505	   7.201	  34.922
894	 CA 	116	 -59.682	   3.079	  36.406
1467	 CA 	151	 -38.960	   2.133	  -2.661
1477	 CA 	152	 -42.000	   2.857	  -4.975
1497	 CA 	153	 -40.837	   6.443	  -5.644
2201	 CA 	197	 -32.005	   6.549	  -7.038
2279	 CA 	202	 -31.076	   3.383	   0.978
2324	 CA 	206	 -29.543	  -1.411	   3.467
2373	 CA 	209	 -22.372	  -0.013	  -2.441
2380	 CA 	210	 -21.277	   3.612	  -2.647
5325	 CA 	395	 -20.837	 -19.468	  26.134
5344	 CA 	396	 -24.261	 -20.605	  24.756
5356	 CA 	397	 -25.139	 -17.343	  23.064
5367	 CA 	398	 -23.059	 -14.479	  21.519
6370	 CA 	462	 -17.163	 -12.103	   4.519
6406	 CA 	465	 -18.714	 -16.142	   7.330
6933	 CA 	500	 -12.517	 -11.863	  15.173
6980	 CA 	503	 -13.496	 -12.835	  10.694
21341	CLA 	735	 -19.228	   0.921	  -0.618
21342	CLA 	736	 -24.936	  -2.152	 -15.040
21344	CLA 	736	  27.393	   0.066	 -15.260
