786	 CA 	110	 -43.596	   0.928	  36.725
806	 CA 	111	 -45.588	   3.883	  38.164
821	 CA 	112	 -48.261	   5.422	  35.918
894	 CA 	116	 -56.216	   4.130	  37.982
1467	 CA 	151	 -38.372	   1.963	  -2.938
1477	 CA 	152	 -41.296	   2.829	  -5.288
1497	 CA 	153	 -39.853	   6.324	  -6.073
2201	 CA 	197	 -31.677	   6.580	  -6.919
2279	 CA 	202	 -30.552	   3.087	   1.105
2324	 CA 	206	 -30.435	  -2.015	   4.450
2373	 CA 	209	 -22.797	  -0.407	  -0.969
2380	 CA 	210	 -21.943	   2.694	  -2.943
5325	 CA 	395	 -24.699	 -16.222	  22.859
5344	 CA 	396	 -23.811	 -13.845	  25.674
5356	 CA 	397	 -23.643	 -10.918	  23.118
5367	 CA 	398	 -20.766	  -9.090	  21.637
6370	 CA 	462	 -17.118	 -12.557	   4.682
6406	 CA 	465	 -18.730	 -16.660	   7.383
6933	 CA 	500	 -12.616	 -12.023	  15.508
6980	 CA 	503	 -13.713	 -13.131	  10.852
21341	CLA 	735	 -22.829	   2.679	   4.524
21342	CLA 	736	 -24.861	  -2.814	 -14.351
21344	CLA 	736	  17.484	  29.711	 -43.169
