786	 CA 	110	 -47.282	  -2.626	  34.183
806	 CA 	111	 -49.224	   0.686	  34.673
821	 CA 	112	 -50.118	   3.532	  32.290
894	 CA 	116	 -56.528	   4.941	  34.517
1467	 CA 	151	 -38.762	   2.356	  -4.370
1477	 CA 	152	 -41.663	   2.798	  -6.906
1497	 CA 	153	 -40.505	   6.447	  -7.689
2201	 CA 	197	 -32.095	   6.869	  -7.445
2279	 CA 	202	 -31.656	   3.153	   0.418
2324	 CA 	206	 -30.718	  -2.106	   3.353
2373	 CA 	209	 -22.887	  -0.692	  -1.606
2380	 CA 	210	 -21.945	   2.907	  -2.581
5325	 CA 	395	 -26.958	 -18.038	  21.390
5344	 CA 	396	 -26.907	 -15.946	  24.522
5356	 CA 	397	 -26.837	 -12.551	  22.745
5367	 CA 	398	 -24.071	 -10.776	  20.904
6370	 CA 	462	 -17.940	 -12.879	   4.350
6406	 CA 	465	 -18.947	 -16.950	   6.381
6933	 CA 	500	 -13.880	 -12.069	  14.971
6980	 CA 	503	 -14.704	 -13.520	  10.438
21341	CLA 	735	 -23.538	   2.870	   3.975
21342	CLA 	736	 -24.465	  -3.018	 -14.746
21344	CLA 	736	  36.743	  -6.274	 -42.797
