786	 CA 	110	 -46.194	  -2.009	  33.293
806	 CA 	111	 -48.365	   1.089	  34.031
821	 CA 	112	 -50.273	   3.841	  32.113
894	 CA 	116	 -57.026	   4.548	  36.041
1467	 CA 	151	 -38.871	   1.955	  -4.116
1477	 CA 	152	 -41.934	   2.235	  -6.458
1497	 CA 	153	 -40.831	   5.877	  -7.059
2201	 CA 	197	 -32.791	   7.235	  -8.639
2279	 CA 	202	 -31.663	   3.529	  -0.604
2324	 CA 	206	 -31.346	  -1.766	   2.508
2373	 CA 	209	 -23.083	  -0.372	  -2.262
2380	 CA 	210	 -22.327	   3.249	  -3.060
5325	 CA 	395	 -26.987	 -17.120	  21.614
5344	 CA 	396	 -28.798	 -15.442	  24.682
5356	 CA 	397	 -27.603	 -11.837	  23.866
5367	 CA 	398	 -24.996	 -10.397	  21.546
6370	 CA 	462	 -18.320	 -12.578	   3.467
6406	 CA 	465	 -19.362	 -16.876	   5.987
6933	 CA 	500	 -14.486	 -12.195	  15.022
6980	 CA 	503	 -14.845	 -13.020	   9.979
21341	CLA 	735	 -22.289	   3.311	   2.645
21342	CLA 	736	 -24.727	  -2.695	 -14.567
21344	CLA 	736	  32.442	   4.796	  -8.449
