786	 CA 	110	 -44.067	   0.152	  33.837
806	 CA 	111	 -45.594	   3.290	  35.586
821	 CA 	112	 -48.824	   4.947	  34.197
894	 CA 	116	 -53.772	   3.518	  36.863
1467	 CA 	151	 -39.157	   1.616	  -4.504
1477	 CA 	152	 -41.946	   2.104	  -7.001
1497	 CA 	153	 -40.707	   5.648	  -7.674
2201	 CA 	197	 -32.539	   6.817	  -8.169
2279	 CA 	202	 -32.033	   3.181	  -0.659
2324	 CA 	206	 -31.244	  -1.691	   3.315
2373	 CA 	209	 -23.225	  -0.354	  -2.044
2380	 CA 	210	 -22.019	   3.186	  -2.731
5325	 CA 	395	 -25.171	 -18.692	  21.541
5344	 CA 	396	 -24.997	 -16.618	  24.755
5356	 CA 	397	 -25.343	 -13.382	  22.628
5367	 CA 	398	 -22.273	 -11.544	  21.255
6370	 CA 	462	 -18.270	 -13.308	   3.756
6406	 CA 	465	 -19.739	 -17.468	   6.557
6933	 CA 	500	 -14.348	 -13.094	  15.282
6980	 CA 	503	 -14.740	 -13.687	  10.269
21341	CLA 	735	 -23.876	   3.032	   3.123
21342	CLA 	736	 -24.439	  -3.180	 -14.828
21344	CLA 	736	  38.055	  -0.793	 -27.354
