786	 CA 	110	 -47.023	  -3.398	  31.828
806	 CA 	111	 -49.027	  -0.640	  33.694
821	 CA 	112	 -51.139	   2.370	  32.647
894	 CA 	116	 -58.213	   2.706	  35.431
1467	 CA 	151	 -39.078	   1.159	  -4.045
1477	 CA 	152	 -42.099	   2.285	  -6.272
1497	 CA 	153	 -40.492	   5.764	  -6.499
2201	 CA 	197	 -32.275	   6.627	  -8.052
2279	 CA 	202	 -30.850	   2.832	  -0.071
2324	 CA 	206	 -30.831	  -1.237	   3.982
2373	 CA 	209	 -22.954	  -0.316	  -1.529
2380	 CA 	210	 -22.426	   3.097	  -3.100
5325	 CA 	395	 -23.832	 -18.506	  24.182
5344	 CA 	396	 -27.570	 -17.894	  25.013
5356	 CA 	397	 -28.133	 -14.762	  22.844
5367	 CA 	398	 -25.767	 -13.041	  20.272
6370	 CA 	462	 -17.967	 -12.698	   4.319
6406	 CA 	465	 -19.556	 -16.625	   6.660
6933	 CA 	500	 -13.724	 -12.014	  15.799
6980	 CA 	503	 -14.803	 -13.058	  10.747
21341	CLA 	735	 -21.364	   3.039	   0.744
21342	CLA 	736	 -24.259	  -2.412	 -14.911
21344	CLA 	736	  33.857	   4.685	 -13.273
