786	 CA 	110	 -45.693	  -0.154	  33.908
806	 CA 	111	 -47.448	   2.892	  35.431
821	 CA 	112	 -48.754	   6.004	  33.681
894	 CA 	116	 -56.129	   7.573	  35.734
1467	 CA 	151	 -38.458	   3.132	  -4.204
1477	 CA 	152	 -41.211	   4.127	  -6.679
1497	 CA 	153	 -39.459	   7.491	  -7.132
2201	 CA 	197	 -31.771	   7.677	  -7.556
2279	 CA 	202	 -31.206	   3.900	   0.124
2324	 CA 	206	 -31.085	  -0.569	   3.892
2373	 CA 	209	 -23.072	  -0.135	  -1.372
2380	 CA 	210	 -21.873	   2.855	  -3.403
5325	 CA 	395	 -25.315	 -17.485	  22.827
5344	 CA 	396	 -24.813	 -14.700	  25.490
5356	 CA 	397	 -25.163	 -11.994	  22.798
5367	 CA 	398	 -22.720	  -9.550	  21.055
6370	 CA 	462	 -18.324	 -12.781	   4.781
6406	 CA 	465	 -19.704	 -16.680	   7.025
6933	 CA 	500	 -14.177	 -12.227	  15.418
6980	 CA 	503	 -14.938	 -12.887	  10.810
21341	CLA 	735	 -23.065	   4.354	   3.991
21342	CLA 	736	 -23.957	  -2.731	 -14.953
21344	CLA 	736	  32.996	  16.765	 -46.450
