786	 CA 	110	 -47.324	  -1.524	  32.496
806	 CA 	111	 -49.202	   1.559	  33.993
821	 CA 	112	 -50.468	   4.493	  31.948
894	 CA 	116	 -57.762	   5.118	  34.365
1467	 CA 	151	 -38.772	   1.096	  -4.061
1477	 CA 	152	 -41.764	   2.030	  -6.448
1497	 CA 	153	 -40.636	   5.562	  -7.124
2201	 CA 	197	 -32.100	   6.669	  -7.938
2279	 CA 	202	 -31.127	   3.949	   0.182
2324	 CA 	206	 -31.183	  -0.986	   3.049
2373	 CA 	209	 -22.562	  -0.029	  -1.757
2380	 CA 	210	 -21.750	   3.466	  -2.870
5325	 CA 	395	 -25.455	 -16.995	  23.875
5344	 CA 	396	 -29.077	 -15.764	  24.385
5356	 CA 	397	 -28.354	 -12.980	  21.900
5367	 CA 	398	 -25.367	 -11.420	  20.070
6370	 CA 	462	 -18.147	 -12.834	   4.313
6406	 CA 	465	 -18.902	 -16.588	   7.013
6933	 CA 	500	 -13.915	 -11.479	  15.249
6980	 CA 	503	 -14.627	 -12.775	  10.770
21341	CLA 	735	 -21.065	   3.043	   2.057
21342	CLA 	736	 -24.444	  -2.394	 -15.094
21344	CLA 	736	  33.230	   6.660	 -12.835
