786	 CA 	110	 -48.652	   5.009	  34.756
806	 CA 	111	 -50.968	   7.559	  36.458
821	 CA 	112	 -53.578	   9.300	  34.187
894	 CA 	116	 -61.002	   5.040	  34.329
1467	 CA 	151	 -38.456	   1.935	  -1.962
1477	 CA 	152	 -41.618	   2.634	  -4.088
1497	 CA 	153	 -40.189	   6.027	  -5.108
2201	 CA 	197	 -31.922	   6.766	  -7.055
2279	 CA 	202	 -30.332	   3.942	   1.168
2324	 CA 	206	 -29.962	  -0.998	   3.593
2373	 CA 	209	 -22.530	  -0.013	  -2.262
2380	 CA 	210	 -21.406	   3.692	  -2.631
5325	 CA 	395	 -20.739	 -18.788	  26.349
5344	 CA 	396	 -24.331	 -19.302	  25.258
5356	 CA 	397	 -25.518	 -16.347	  23.181
5367	 CA 	398	 -23.147	 -14.080	  21.270
6370	 CA 	462	 -17.302	 -12.221	   4.622
6406	 CA 	465	 -18.521	 -16.289	   7.523
6933	 CA 	500	 -12.386	 -11.335	  15.430
6980	 CA 	503	 -13.497	 -12.517	  10.864
21341	CLA 	735	 -19.304	   0.777	  -0.620
21342	CLA 	736	 -25.420	  -2.694	 -14.970
21344	CLA 	736	  29.268	   1.497	 -15.350
