786	 CA 	110	 -50.442	   2.800	  33.020
806	 CA 	111	 -52.309	   6.048	  33.976
821	 CA 	112	 -55.268	   6.564	  31.614
894	 CA 	116	 -61.416	   2.436	  33.314
1467	 CA 	151	 -38.694	   1.118	  -3.331
1477	 CA 	152	 -41.726	   1.938	  -5.515
1497	 CA 	153	 -40.515	   5.464	  -6.207
2201	 CA 	197	 -31.937	   6.507	  -7.251
2279	 CA 	202	 -31.095	   3.248	   0.897
2324	 CA 	206	 -30.868	  -1.318	   2.764
2373	 CA 	209	 -22.347	  -0.572	  -2.582
2380	 CA 	210	 -21.489	   3.124	  -2.973
5325	 CA 	395	 -22.744	 -20.992	  24.862
5344	 CA 	396	 -26.506	 -20.357	  24.418
5356	 CA 	397	 -26.956	 -17.093	  22.432
5367	 CA 	398	 -24.339	 -14.951	  20.614
6370	 CA 	462	 -17.453	 -13.047	   3.569
6406	 CA 	465	 -19.037	 -17.236	   6.091
6933	 CA 	500	 -12.900	 -13.626	  14.718
6980	 CA 	503	 -13.533	 -14.409	  10.261
21341	CLA 	735	 -21.070	   2.807	   2.692
21342	CLA 	736	 -24.642	  -1.649	 -15.320
21344	CLA 	736	  29.781	   3.510	 -14.656
