786	 CA 	110	 -45.085	  -3.005	  32.767
806	 CA 	111	 -46.657	  -0.278	  34.983
821	 CA 	112	 -48.159	   2.814	  33.612
894	 CA 	116	 -53.961	   2.443	  37.880
1467	 CA 	151	 -39.240	   3.171	  -4.245
1477	 CA 	152	 -41.877	   4.044	  -6.883
1497	 CA 	153	 -40.249	   7.440	  -7.618
2201	 CA 	197	 -31.971	   8.013	  -8.437
2279	 CA 	202	 -31.916	   4.451	  -0.769
2324	 CA 	206	 -32.208	  -0.134	   1.874
2373	 CA 	209	 -23.622	   0.026	  -2.294
2380	 CA 	210	 -22.296	   3.415	  -3.254
5325	 CA 	395	 -27.114	 -16.289	  21.577
5344	 CA 	396	 -27.477	 -13.771	  24.520
5356	 CA 	397	 -27.257	 -10.890	  22.024
5367	 CA 	398	 -23.925	  -9.686	  20.631
6370	 CA 	462	 -18.286	 -12.277	   3.912
6406	 CA 	465	 -19.857	 -16.615	   6.354
6933	 CA 	500	 -14.534	 -11.659	  15.331
6980	 CA 	503	 -15.187	 -12.813	  10.268
21341	CLA 	735	 -24.283	   3.246	   2.731
21342	CLA 	736	 -24.472	  -2.278	 -15.025
21344	CLA 	736	  31.289	   7.618	 -13.393
