786	 CA 	110	 -48.006	  -1.302	  31.994
806	 CA 	111	 -50.304	   1.327	  33.388
821	 CA 	112	 -52.481	   3.729	  31.477
894	 CA 	116	 -59.072	   3.593	  34.646
1467	 CA 	151	 -38.444	   2.135	  -4.237
1477	 CA 	152	 -41.537	   2.309	  -6.417
1497	 CA 	153	 -40.703	   5.935	  -6.984
2201	 CA 	197	 -32.258	   6.995	  -7.720
2279	 CA 	202	 -30.908	   3.541	   0.086
2324	 CA 	206	 -30.616	  -1.136	   3.317
2373	 CA 	209	 -22.534	  -0.463	  -2.063
2380	 CA 	210	 -21.293	   3.129	  -2.968
5325	 CA 	395	 -23.227	 -19.073	  24.965
5344	 CA 	396	 -26.649	 -20.196	  23.754
5356	 CA 	397	 -28.440	 -16.907	  22.713
5367	 CA 	398	 -26.803	 -14.536	  20.217
6370	 CA 	462	 -18.250	 -12.404	   3.783
6406	 CA 	465	 -19.127	 -16.871	   5.963
6933	 CA 	500	 -14.287	 -11.988	  15.104
6980	 CA 	503	 -15.121	 -13.237	  10.540
21341	CLA 	735	 -21.873	   3.508	   1.849
21342	CLA 	736	 -24.913	  -2.071	 -15.101
21344	CLA 	736	  33.769	   5.087	 -13.128
