786	 CA 	110	 -44.564	  -0.410	  36.350
806	 CA 	111	 -46.308	   2.872	  37.572
821	 CA 	112	 -48.536	   5.082	  35.457
894	 CA 	116	 -56.160	   3.615	  38.004
1467	 CA 	151	 -38.205	   2.054	  -3.341
1477	 CA 	152	 -41.213	   2.944	  -5.722
1497	 CA 	153	 -39.578	   6.465	  -6.322
2201	 CA 	197	 -31.287	   6.944	  -6.805
2279	 CA 	202	 -30.396	   3.155	   0.689
2324	 CA 	206	 -30.341	  -1.379	   4.360
2373	 CA 	209	 -22.142	  -0.351	  -0.363
2380	 CA 	210	 -21.520	   2.630	  -2.739
5325	 CA 	395	 -24.629	 -15.560	  23.213
5344	 CA 	396	 -23.844	 -13.017	  26.091
5356	 CA 	397	 -23.971	  -9.939	  23.857
5367	 CA 	398	 -21.251	  -8.964	  21.361
6370	 CA 	462	 -17.237	 -12.742	   4.732
6406	 CA 	465	 -18.610	 -16.950	   7.366
6933	 CA 	500	 -12.546	 -11.668	  15.551
6980	 CA 	503	 -13.592	 -13.224	  10.800
21341	CLA 	735	 -22.213	   3.731	   4.744
21342	CLA 	736	 -24.231	  -2.793	 -14.764
21344	CLA 	736	  18.315	  27.604	 -44.917
