786	 CA 	110	 -44.011	  -2.399	  35.291
806	 CA 	111	 -46.788	  -0.010	  36.258
821	 CA 	112	 -48.703	   2.766	  34.420
894	 CA 	116	 -53.513	   1.573	  37.455
1467	 CA 	151	 -38.898	   1.605	  -4.328
1477	 CA 	152	 -42.000	   2.129	  -6.552
1497	 CA 	153	 -40.799	   5.708	  -7.491
2201	 CA 	197	 -32.012	   5.848	  -7.721
2279	 CA 	202	 -31.788	   2.451	   0.067
2324	 CA 	206	 -30.598	  -2.105	   3.154
2373	 CA 	209	 -22.630	  -0.767	  -1.806
2380	 CA 	210	 -21.276	   2.683	  -2.537
5325	 CA 	395	 -24.487	 -17.136	  22.630
5344	 CA 	396	 -25.101	 -14.383	  25.258
5356	 CA 	397	 -24.594	 -11.671	  22.560
5367	 CA 	398	 -21.239	 -10.684	  21.122
6370	 CA 	462	 -18.020	 -13.328	   3.925
6406	 CA 	465	 -19.201	 -17.439	   6.313
6933	 CA 	500	 -13.636	 -12.360	  14.924
6980	 CA 	503	 -14.748	 -13.555	  10.093
21341	CLA 	735	 -22.928	   2.778	   3.500
21342	CLA 	736	 -24.455	  -3.332	 -14.490
21344	CLA 	736	  34.240	   7.288	 -22.394
