786	 CA 	110	 -47.331	  -1.869	  32.544
806	 CA 	111	 -48.229	   1.757	  33.616
821	 CA 	112	 -50.628	   3.882	  31.594
894	 CA 	116	 -54.833	   3.955	  35.904
1467	 CA 	151	 -38.381	   2.347	  -3.818
1477	 CA 	152	 -41.407	   2.791	  -6.263
1497	 CA 	153	 -40.125	   6.472	  -6.870
2201	 CA 	197	 -32.451	   7.476	  -7.809
2279	 CA 	202	 -31.045	   3.263	  -0.329
2324	 CA 	206	 -30.975	  -1.373	   3.426
2373	 CA 	209	 -22.134	  -0.657	  -1.856
2380	 CA 	210	 -21.349	   2.827	  -3.092
5325	 CA 	395	 -25.372	 -17.557	  20.876
5344	 CA 	396	 -25.577	 -15.627	  24.206
5356	 CA 	397	 -25.719	 -12.337	  22.196
5367	 CA 	398	 -22.800	 -10.239	  20.974
6370	 CA 	462	 -17.952	 -12.678	   4.004
6406	 CA 	465	 -19.301	 -16.689	   6.012
6933	 CA 	500	 -13.826	 -12.127	  14.934
6980	 CA 	503	 -14.832	 -13.293	  10.324
21341	CLA 	735	 -22.753	   3.026	   3.483
21342	CLA 	736	 -24.618	  -2.382	 -14.786
21344	CLA 	736	  33.466	   5.162	 -10.481
