786	 CA 	110	 -45.606	  -0.992	  34.633
806	 CA 	111	 -47.419	   2.170	  35.781
821	 CA 	112	 -48.857	   4.871	  33.486
894	 CA 	116	 -55.608	   6.444	  34.753
1467	 CA 	151	 -38.627	   2.234	  -4.369
1477	 CA 	152	 -41.374	   2.013	  -7.057
1497	 CA 	153	 -40.648	   5.718	  -7.695
2201	 CA 	197	 -32.775	   6.253	  -8.245
2279	 CA 	202	 -32.175	   3.270	  -0.292
2324	 CA 	206	 -30.972	  -2.015	   3.498
2373	 CA 	209	 -23.418	  -0.731	  -1.922
2380	 CA 	210	 -22.197	   2.776	  -2.524
5325	 CA 	395	 -25.664	 -18.528	  21.224
5344	 CA 	396	 -25.863	 -16.358	  24.486
5356	 CA 	397	 -26.178	 -13.187	  22.275
5367	 CA 	398	 -23.198	 -11.257	  20.980
6370	 CA 	462	 -17.925	 -13.169	   3.863
6406	 CA 	465	 -19.085	 -17.337	   6.091
6933	 CA 	500	 -13.883	 -12.633	  14.746
6980	 CA 	503	 -14.816	 -13.528	  10.059
21341	CLA 	735	 -24.091	   3.447	   3.015
21342	CLA 	736	 -24.429	  -3.027	 -14.722
21344	CLA 	736	  41.923	  -2.429	 -24.991
