786	 CA 	110	 -46.370	  -5.015	  32.732
806	 CA 	111	 -47.783	  -1.957	  34.372
821	 CA 	112	 -49.267	   1.107	  32.748
894	 CA 	116	 -56.043	   1.019	  35.769
1467	 CA 	151	 -39.080	   3.323	  -4.563
1477	 CA 	152	 -41.983	   3.875	  -7.070
1497	 CA 	153	 -40.489	   7.340	  -7.990
2201	 CA 	197	 -32.454	   7.732	  -8.568
2279	 CA 	202	 -32.156	   3.857	  -0.724
2324	 CA 	206	 -31.770	  -1.220	   2.859
2373	 CA 	209	 -23.280	   0.110	  -2.265
2380	 CA 	210	 -22.027	   3.565	  -2.718
5325	 CA 	395	 -26.949	 -17.105	  21.165
5344	 CA 	396	 -26.980	 -14.609	  24.077
5356	 CA 	397	 -27.305	 -11.705	  21.505
5367	 CA 	398	 -23.719	 -10.476	  20.566
6370	 CA 	462	 -18.213	 -12.963	   3.929
6406	 CA 	465	 -19.466	 -17.305	   6.064
6933	 CA 	500	 -14.449	 -12.156	  14.919
6980	 CA 	503	 -15.100	 -13.563	  10.215
21341	CLA 	735	 -23.767	   3.131	   3.322
21342	CLA 	736	 -24.833	  -2.796	 -14.704
21344	CLA 	736	  32.395	   5.716	 -16.861
