786	 CA 	110	 -46.567	   1.735	  32.228
806	 CA 	111	 -48.779	   4.630	  33.451
821	 CA 	112	 -50.793	   7.344	  31.853
894	 CA 	116	 -56.054	   6.617	  37.333
1467	 CA 	151	 -39.076	   3.342	  -4.538
1477	 CA 	152	 -41.834	   3.897	  -7.151
1497	 CA 	153	 -40.418	   7.403	  -7.821
2201	 CA 	197	 -32.183	   7.696	  -8.644
2279	 CA 	202	 -31.291	   4.305	  -0.737
2324	 CA 	206	 -31.488	  -0.528	   3.055
2373	 CA 	209	 -23.467	  -0.047	  -2.258
2380	 CA 	210	 -22.602	   3.464	  -3.090
5325	 CA 	395	 -26.364	 -16.566	  24.229
5344	 CA 	396	 -29.747	 -15.014	  25.119
5356	 CA 	397	 -28.619	 -11.802	  23.697
5367	 CA 	398	 -25.555	 -10.226	  21.779
6370	 CA 	462	 -18.710	 -12.272	   4.421
6406	 CA 	465	 -20.280	 -16.129	   6.961
6933	 CA 	500	 -15.303	 -11.664	  15.595
6980	 CA 	503	 -15.674	 -12.841	  10.923
21341	CLA 	735	 -22.022	   3.043	   1.721
21342	CLA 	736	 -24.583	  -2.862	 -14.866
21344	CLA 	736	  35.320	   4.122	 -10.229
