786	 CA 	110	 -47.259	  -1.571	  32.602
806	 CA 	111	 -48.218	   1.975	  33.891
821	 CA 	112	 -50.437	   4.327	  31.804
894	 CA 	116	 -54.606	   3.811	  36.533
1467	 CA 	151	 -38.611	   2.524	  -4.263
1477	 CA 	152	 -41.529	   3.042	  -6.685
1497	 CA 	153	 -40.215	   6.592	  -7.272
2201	 CA 	197	 -32.011	   7.303	  -8.316
2279	 CA 	202	 -31.272	   3.903	  -0.666
2324	 CA 	206	 -30.714	  -1.392	   3.408
2373	 CA 	209	 -22.548	  -0.346	  -2.080
2380	 CA 	210	 -21.763	   3.344	  -3.175
5325	 CA 	395	 -25.458	 -17.726	  20.781
5344	 CA 	396	 -25.387	 -16.514	  24.363
5356	 CA 	397	 -25.329	 -12.829	  23.286
5367	 CA 	398	 -22.516	 -10.371	  22.260
6370	 CA 	462	 -18.339	 -12.859	   4.427
6406	 CA 	465	 -19.138	 -16.729	   6.434
6933	 CA 	500	 -13.553	 -12.347	  15.031
6980	 CA 	503	 -14.608	 -13.154	  10.479
21341	CLA 	735	 -22.784	   2.298	   3.683
21342	CLA 	736	 -24.976	  -2.991	 -14.434
21344	CLA 	736	  34.174	   3.622	 -10.233
