786	 CA 	110	 -46.999	  -2.091	  32.260
806	 CA 	111	 -49.297	   0.856	  33.347
821	 CA 	112	 -51.637	   2.952	  31.082
894	 CA 	116	 -55.761	   2.179	  35.442
1467	 CA 	151	 -38.736	   1.502	  -4.411
1477	 CA 	152	 -41.561	   2.079	  -6.880
1497	 CA 	153	 -40.560	   5.728	  -7.284
2201	 CA 	197	 -32.492	   7.324	  -8.016
2279	 CA 	202	 -31.464	   3.305	  -0.714
2324	 CA 	206	 -31.014	  -1.832	   3.213
2373	 CA 	209	 -23.081	  -0.696	  -2.235
2380	 CA 	210	 -22.369	   2.941	  -3.004
5325	 CA 	395	 -25.514	 -19.096	  20.167
5344	 CA 	396	 -25.160	 -17.989	  23.778
5356	 CA 	397	 -25.697	 -14.225	  23.044
5367	 CA 	398	 -22.980	 -11.879	  21.830
6370	 CA 	462	 -18.437	 -13.125	   3.822
6406	 CA 	465	 -19.191	 -17.324	   6.100
6933	 CA 	500	 -14.125	 -12.708	  15.113
6980	 CA 	503	 -15.127	 -13.591	  10.177
21341	CLA 	735	 -22.606	   2.150	   3.845
21342	CLA 	736	 -24.693	  -2.677	 -14.840
21344	CLA 	736	  33.856	   5.264	 -10.896
