786	 CA 	110	 -44.205	  -2.800	  33.857
806	 CA 	111	 -46.349	   0.184	  34.889
821	 CA 	112	 -48.343	   2.919	  32.915
894	 CA 	116	 -54.247	   1.528	  37.174
1467	 CA 	151	 -38.708	   2.846	  -3.773
1477	 CA 	152	 -41.632	   3.990	  -6.141
1497	 CA 	153	 -40.221	   7.441	  -7.012
2201	 CA 	197	 -32.111	   7.504	  -8.193
2279	 CA 	202	 -31.390	   4.148	  -0.221
2324	 CA 	206	 -31.916	  -0.564	   2.355
2373	 CA 	209	 -23.105	  -0.323	  -1.834
2380	 CA 	210	 -21.799	   3.137	  -2.718
5325	 CA 	395	 -26.160	 -17.347	  20.760
5344	 CA 	396	 -26.458	 -14.731	  23.686
5356	 CA 	397	 -26.476	 -11.889	  21.076
5367	 CA 	398	 -23.514	 -10.168	  19.391
6370	 CA 	462	 -18.532	 -12.828	   3.677
6406	 CA 	465	 -19.763	 -17.064	   5.998
6933	 CA 	500	 -14.680	 -12.110	  14.440
6980	 CA 	503	 -15.524	 -13.091	   9.953
21341	CLA 	735	 -23.921	   3.752	   3.055
21342	CLA 	736	 -24.632	  -2.688	 -14.715
21344	CLA 	736	  36.444	   6.897	 -13.364
