786	 CA 	110	 -46.414	  -2.780	  32.648
806	 CA 	111	 -48.542	   0.171	  33.551
821	 CA 	112	 -50.432	   2.918	  31.788
894	 CA 	116	 -55.666	   2.923	  36.600
1467	 CA 	151	 -39.127	   1.432	  -5.010
1477	 CA 	152	 -41.838	   2.041	  -7.683
1497	 CA 	153	 -40.717	   5.693	  -8.357
2201	 CA 	197	 -32.696	   6.996	  -8.603
2279	 CA 	202	 -31.781	   2.896	  -1.044
2324	 CA 	206	 -31.436	  -1.912	   1.903
2373	 CA 	209	 -23.093	  -0.324	  -2.449
2380	 CA 	210	 -22.190	   3.274	  -3.315
5325	 CA 	395	 -25.875	 -18.298	  21.596
5344	 CA 	396	 -27.771	 -16.660	  24.507
5356	 CA 	397	 -26.809	 -13.036	  23.712
5367	 CA 	398	 -24.421	 -11.317	  21.216
6370	 CA 	462	 -18.525	 -12.931	   3.885
6406	 CA 	465	 -19.432	 -16.864	   6.220
6933	 CA 	500	 -14.213	 -12.333	  15.352
6980	 CA 	503	 -15.037	 -13.338	  10.665
21341	CLA 	735	 -21.918	   2.933	   1.375
21342	CLA 	736	 -24.644	  -2.474	 -14.764
21344	CLA 	736	  33.330	   6.143	 -10.236
