786	 CA 	110	 -48.028	  -2.365	  31.645
806	 CA 	111	 -50.465	   0.343	  32.849
821	 CA 	112	 -52.447	   3.185	  31.337
894	 CA 	116	 -59.017	   3.262	  34.536
1467	 CA 	151	 -38.426	   1.897	  -4.523
1477	 CA 	152	 -41.615	   2.618	  -6.612
1497	 CA 	153	 -40.445	   6.214	  -7.160
2201	 CA 	197	 -31.756	   6.801	  -7.840
2279	 CA 	202	 -30.423	   3.205	   0.097
2324	 CA 	206	 -30.588	  -1.746	   3.195
2373	 CA 	209	 -22.409	  -0.446	  -1.581
2380	 CA 	210	 -21.994	   3.316	  -2.472
5325	 CA 	395	 -24.540	 -18.134	  24.175
5344	 CA 	396	 -28.200	 -17.384	  24.875
5356	 CA 	397	 -28.138	 -13.869	  23.445
5367	 CA 	398	 -25.839	 -11.921	  20.949
6370	 CA 	462	 -17.885	 -12.702	   4.644
6406	 CA 	465	 -19.234	 -16.555	   7.045
6933	 CA 	500	 -13.805	 -11.542	  15.779
6980	 CA 	503	 -14.826	 -12.716	  10.814
21341	CLA 	735	 -21.411	   3.256	   2.803
21342	CLA 	736	 -24.886	  -2.705	 -15.029
21344	CLA 	736	  32.904	   5.889	 -12.616
