786	 CA 	110	 -45.991	  -3.996	  32.456
806	 CA 	111	 -47.624	  -1.026	  34.297
821	 CA 	112	 -49.577	   2.034	  33.039
894	 CA 	116	 -56.150	   2.439	  37.338
1467	 CA 	151	 -39.164	   3.034	  -4.643
1477	 CA 	152	 -41.986	   3.384	  -7.163
1497	 CA 	153	 -40.725	   6.953	  -8.091
2201	 CA 	197	 -32.454	   7.741	  -8.530
2279	 CA 	202	 -31.706	   4.517	  -0.457
2324	 CA 	206	 -31.548	  -0.595	   2.146
2373	 CA 	209	 -23.460	  -0.566	  -2.698
2380	 CA 	210	 -21.928	   2.965	  -3.253
5325	 CA 	395	 -27.231	 -15.921	  21.112
5344	 CA 	396	 -27.447	 -13.358	  23.887
5356	 CA 	397	 -27.052	 -10.396	  21.381
5367	 CA 	398	 -23.439	  -9.746	  20.434
6370	 CA 	462	 -18.425	 -12.449	   3.796
6406	 CA 	465	 -19.985	 -16.882	   6.271
6933	 CA 	500	 -14.626	 -11.689	  15.244
6980	 CA 	503	 -15.629	 -12.936	  10.468
21341	CLA 	735	 -24.274	   3.066	   2.202
21342	CLA 	736	 -24.927	  -2.580	 -15.118
21344	CLA 	736	  31.607	   7.879	 -14.255
