786	 CA 	110	 -51.291	   3.135	  32.607
806	 CA 	111	 -53.295	   5.962	  34.184
821	 CA 	112	 -55.660	   7.995	  32.080
894	 CA 	116	 -62.060	   4.478	  34.237
1467	 CA 	151	 -38.619	   1.577	  -3.942
1477	 CA 	152	 -41.699	   2.353	  -6.019
1497	 CA 	153	 -40.557	   5.903	  -6.848
2201	 CA 	197	 -32.101	   6.343	  -7.797
2279	 CA 	202	 -30.935	   3.509	   0.236
2324	 CA 	206	 -31.151	  -1.758	   2.849
2373	 CA 	209	 -23.100	  -0.516	  -2.724
2380	 CA 	210	 -21.884	   3.108	  -2.955
5325	 CA 	395	 -23.837	 -19.208	  25.478
5344	 CA 	396	 -27.501	 -18.641	  24.412
5356	 CA 	397	 -28.049	 -15.288	  22.650
5367	 CA 	398	 -24.757	 -14.094	  21.037
6370	 CA 	462	 -18.430	 -12.910	   3.934
6406	 CA 	465	 -19.752	 -16.935	   6.329
6933	 CA 	500	 -14.155	 -13.422	  15.177
6980	 CA 	503	 -14.534	 -14.301	  10.544
21341	CLA 	735	 -22.522	   3.016	   4.730
21342	CLA 	736	 -24.389	  -2.285	 -14.847
21344	CLA 	736	  29.936	   1.421	 -13.993
