786	 CA 	110	 -46.126	  -1.076	  33.216
806	 CA 	111	 -48.366	   1.780	  34.246
821	 CA 	112	 -50.172	   4.517	  32.244
894	 CA 	116	 -56.305	   4.699	  36.543
1467	 CA 	151	 -38.949	   2.497	  -3.729
1477	 CA 	152	 -41.714	   3.311	  -6.246
1497	 CA 	153	 -40.149	   6.696	  -6.875
2201	 CA 	197	 -32.434	   7.520	  -7.841
2279	 CA 	202	 -31.072	   3.954	  -0.333
2324	 CA 	206	 -30.880	  -1.109	   3.138
2373	 CA 	209	 -22.939	  -0.392	  -1.613
2380	 CA 	210	 -22.226	   2.875	  -3.262
5325	 CA 	395	 -26.238	 -17.687	  21.962
5344	 CA 	396	 -28.263	 -16.029	  24.800
5356	 CA 	397	 -27.773	 -12.511	  23.253
5367	 CA 	398	 -24.971	 -10.967	  21.028
6370	 CA 	462	 -18.286	 -12.954	   4.037
6406	 CA 	465	 -19.215	 -17.004	   6.379
6933	 CA 	500	 -14.743	 -12.431	  15.559
6980	 CA 	503	 -14.986	 -13.232	  10.423
21341	CLA 	735	 -21.474	   2.549	   1.229
21342	CLA 	736	 -24.568	  -2.045	 -15.157
21344	CLA 	736	  34.645	   5.219	 -10.403
