786	 CA 	110	 -44.857	   3.252	  34.946
806	 CA 	111	 -47.829	   5.359	  35.974
821	 CA 	112	 -50.155	   7.760	  34.245
894	 CA 	116	 -56.196	   4.571	  37.289
1467	 CA 	151	 -39.126	   2.914	  -4.390
1477	 CA 	152	 -41.967	   3.689	  -6.870
1497	 CA 	153	 -40.525	   7.173	  -7.800
2201	 CA 	197	 -32.161	   6.785	  -7.953
2279	 CA 	202	 -31.035	   3.607	  -0.043
2324	 CA 	206	 -30.836	  -0.914	   3.962
2373	 CA 	209	 -22.538	  -0.088	  -1.283
2380	 CA 	210	 -21.387	   2.885	  -3.256
5325	 CA 	395	 -24.164	 -15.940	  23.687
5344	 CA 	396	 -23.349	 -13.505	  26.515
5356	 CA 	397	 -23.581	 -10.722	  23.747
5367	 CA 	398	 -21.294	  -8.632	  21.320
6370	 CA 	462	 -17.910	 -12.618	   4.446
6406	 CA 	465	 -19.966	 -16.342	   7.543
6933	 CA 	500	 -13.396	 -11.545	  15.390
6980	 CA 	503	 -14.967	 -12.536	  10.914
21341	CLA 	735	 -23.154	   3.879	   3.906
21342	CLA 	736	 -24.602	  -3.094	 -14.651
21344	CLA 	736	  24.210	  48.859	 -42.191
