786	 CA 	110	 -46.093	  -1.707	  34.585
806	 CA 	111	 -48.540	   1.103	  35.683
821	 CA 	112	 -50.073	   4.034	  33.723
894	 CA 	116	 -55.945	   3.256	  36.227
1467	 CA 	151	 -38.056	   1.987	  -4.011
1477	 CA 	152	 -41.059	   2.209	  -6.282
1497	 CA 	153	 -40.156	   5.813	  -6.961
2201	 CA 	197	 -32.200	   6.695	  -7.902
2279	 CA 	202	 -31.430	   3.157	   0.196
2324	 CA 	206	 -30.306	  -2.630	   3.156
2373	 CA 	209	 -22.891	  -0.769	  -2.029
2380	 CA 	210	 -22.131	   2.858	  -2.943
5325	 CA 	395	 -25.733	 -17.880	  22.088
5344	 CA 	396	 -25.475	 -15.686	  25.004
5356	 CA 	397	 -25.514	 -12.634	  22.582
5367	 CA 	398	 -22.473	 -11.016	  21.139
6370	 CA 	462	 -18.033	 -13.233	   3.934
6406	 CA 	465	 -18.829	 -17.626	   6.293
6933	 CA 	500	 -13.960	 -12.879	  15.203
6980	 CA 	503	 -14.580	 -13.778	  10.489
21341	CLA 	735	 -23.395	   2.580	   2.970
21342	CLA 	736	 -24.531	  -3.223	 -14.734
21344	CLA 	736	  33.534	   9.958	 -15.780
