786	 CA 	110	 -47.883	  -0.843	  31.613
806	 CA 	111	 -49.656	   2.394	  32.849
821	 CA 	112	 -51.816	   4.995	  31.106
894	 CA 	116	 -58.167	   4.244	  35.016
1467	 CA 	151	 -38.900	   3.236	  -4.610
1477	 CA 	152	 -41.830	   3.482	  -7.271
1497	 CA 	153	 -40.608	   6.978	  -7.945
2201	 CA 	197	 -31.550	   7.394	  -9.126
2279	 CA 	202	 -31.220	   4.091	  -1.083
2324	 CA 	206	 -31.446	  -0.591	   3.008
2373	 CA 	209	 -22.962	   0.029	  -1.805
2380	 CA 	210	 -22.091	   3.339	  -3.369
5325	 CA 	395	 -27.707	 -16.546	  23.103
5344	 CA 	396	 -30.621	 -14.626	  24.753
5356	 CA 	397	 -28.854	 -11.422	  23.524
5367	 CA 	398	 -25.586	 -10.869	  21.850
6370	 CA 	462	 -18.932	 -12.347	   4.617
6406	 CA 	465	 -20.767	 -16.166	   7.139
6933	 CA 	500	 -15.161	 -12.127	  16.132
6980	 CA 	503	 -15.798	 -13.103	  10.983
21341	CLA 	735	 -21.666	   3.150	   1.813
21342	CLA 	736	 -24.446	  -3.003	 -14.836
21344	CLA 	736	  34.488	   4.537	  -9.852
