786	 CA 	110	 -46.832	  -3.068	  33.471
806	 CA 	111	 -48.376	   0.045	  34.982
821	 CA 	112	 -49.267	   3.603	  33.933
894	 CA 	116	 -56.439	   3.848	  36.646
1467	 CA 	151	 -39.015	   2.794	  -4.732
1477	 CA 	152	 -41.979	   3.588	  -6.928
1497	 CA 	153	 -40.525	   7.056	  -7.406
2201	 CA 	197	 -32.157	   7.697	  -8.619
2279	 CA 	202	 -31.356	   3.817	  -0.981
2324	 CA 	206	 -30.959	  -0.864	   2.348
2373	 CA 	209	 -22.792	  -0.411	  -2.633
2380	 CA 	210	 -21.011	   2.957	  -2.784
5325	 CA 	395	 -27.376	 -16.635	  19.508
5344	 CA 	396	 -27.693	 -14.370	  22.483
5356	 CA 	397	 -27.326	 -11.021	  20.734
5367	 CA 	398	 -24.701	  -9.668	  18.309
6370	 CA 	462	 -18.405	 -13.437	   3.256
6406	 CA 	465	 -19.570	 -17.534	   5.432
6933	 CA 	500	 -14.331	 -12.977	  14.569
6980	 CA 	503	 -15.084	 -13.820	   9.840
21341	CLA 	735	 -22.433	   3.755	   3.386
21342	CLA 	736	 -24.671	  -2.161	 -15.468
21344	CLA 	736	  35.200	   7.096	 -13.849
