786	 CA 	110	 -45.287	  -3.385	  32.709
806	 CA 	111	 -46.797	  -0.972	  35.116
821	 CA 	112	 -48.349	   2.431	  34.130
894	 CA 	116	 -54.295	   1.852	  37.809
1467	 CA 	151	 -38.543	   4.076	  -4.094
1477	 CA 	152	 -41.454	   4.357	  -6.524
1497	 CA 	153	 -40.151	   7.895	  -7.181
2201	 CA 	197	 -32.078	   7.835	  -7.782
2279	 CA 	202	 -31.954	   4.354	  -0.048
2324	 CA 	206	 -31.444	  -0.792	   2.992
2373	 CA 	209	 -23.018	   0.117	  -2.453
2380	 CA 	210	 -21.568	   3.644	  -2.952
5325	 CA 	395	 -26.562	 -15.832	  21.228
5344	 CA 	396	 -27.216	 -13.364	  24.055
5356	 CA 	397	 -26.891	 -10.330	  21.799
5367	 CA 	398	 -23.175	  -9.789	  21.027
6370	 CA 	462	 -18.587	 -12.948	   3.789
6406	 CA 	465	 -19.965	 -17.052	   6.278
6933	 CA 	500	 -14.331	 -12.628	  15.095
6980	 CA 	503	 -15.572	 -13.393	  10.320
21341	CLA 	735	 -23.071	   2.852	   3.283
21342	CLA 	736	 -24.880	  -2.777	 -14.708
21344	CLA 	736	  31.981	   7.644	 -15.913
