786	 CA 	110	 -48.306	  -0.079	  31.854
806	 CA 	111	 -50.679	   2.935	  32.612
821	 CA 	112	 -52.708	   5.542	  30.883
894	 CA 	116	 -59.572	   5.612	  33.498
1467	 CA 	151	 -39.112	   2.596	  -4.232
1477	 CA 	152	 -41.994	   3.411	  -6.737
1497	 CA 	153	 -40.806	   6.966	  -7.406
2201	 CA 	197	 -31.877	   7.393	  -8.038
2279	 CA 	202	 -31.251	   4.117	   0.039
2324	 CA 	206	 -31.551	  -0.687	   3.080
2373	 CA 	209	 -22.981	  -0.128	  -1.968
2380	 CA 	210	 -21.945	   3.407	  -3.081
5325	 CA 	395	 -27.144	 -16.340	  23.470
5344	 CA 	396	 -30.769	 -15.290	  23.786
5356	 CA 	397	 -29.613	 -11.901	  22.347
5367	 CA 	398	 -26.241	 -10.634	  20.949
6370	 CA 	462	 -19.211	 -12.617	   3.863
6406	 CA 	465	 -20.611	 -16.665	   6.366
6933	 CA 	500	 -15.854	 -12.065	  15.156
6980	 CA 	503	 -16.048	 -13.255	  10.406
21341	CLA 	735	 -21.348	   3.777	   2.424
21342	CLA 	736	 -24.978	  -2.673	 -14.878
21344	CLA 	736	  34.698	   4.692	  -9.874
