786	 CA 	110	 -43.091	  -0.613	  34.542
806	 CA 	111	 -45.578	   1.591	  36.369
821	 CA 	112	 -47.279	   4.771	  35.128
894	 CA 	116	 -54.648	   5.399	  37.897
1467	 CA 	151	 -38.347	   1.675	  -4.059
1477	 CA 	152	 -41.315	   2.347	  -6.215
1497	 CA 	153	 -39.835	   5.829	  -6.788
2201	 CA 	197	 -31.684	   6.471	  -7.520
2279	 CA 	202	 -30.696	   2.929	   0.423
2324	 CA 	206	 -30.373	  -1.408	   4.131
2373	 CA 	209	 -22.505	  -0.130	  -1.463
2380	 CA 	210	 -22.078	   3.259	  -3.058
5325	 CA 	395	 -24.967	 -16.220	  23.089
5344	 CA 	396	 -25.193	 -13.533	  25.851
5356	 CA 	397	 -25.246	 -10.640	  23.267
5367	 CA 	398	 -22.137	  -9.419	  21.540
6370	 CA 	462	 -17.637	 -13.075	   4.339
6406	 CA 	465	 -19.200	 -16.929	   7.071
6933	 CA 	500	 -12.866	 -12.165	  15.172
6980	 CA 	503	 -14.155	 -13.062	  10.500
21341	CLA 	735	 -22.781	   3.749	   4.017
21342	CLA 	736	 -24.557	  -3.033	 -14.621
21344	CLA 	736	  25.960	  25.940	 -44.133
