786	 CA 	110	 -46.650	  -0.156	  32.549
806	 CA 	111	 -49.006	   2.789	  33.303
821	 CA 	112	 -50.528	   5.836	  31.686
894	 CA 	116	 -56.162	   5.681	  36.430
1467	 CA 	151	 -38.506	   2.734	  -4.252
1477	 CA 	152	 -41.515	   2.993	  -6.623
1497	 CA 	153	 -40.463	   6.573	  -7.426
2201	 CA 	197	 -32.192	   7.445	  -8.801
2279	 CA 	202	 -31.312	   4.064	  -0.963
2324	 CA 	206	 -31.337	  -0.156	   3.141
2373	 CA 	209	 -23.324	   0.229	  -1.674
2380	 CA 	210	 -22.226	   3.646	  -3.063
5325	 CA 	395	 -25.803	 -17.992	  23.951
5344	 CA 	396	 -29.360	 -16.765	  24.768
5356	 CA 	397	 -28.264	 -13.269	  23.621
5367	 CA 	398	 -25.114	 -11.949	  21.801
6370	 CA 	462	 -18.716	 -11.873	   4.268
6406	 CA 	465	 -19.985	 -16.188	   6.607
6933	 CA 	500	 -14.908	 -11.673	  15.423
6980	 CA 	503	 -15.543	 -12.686	  10.704
21341	CLA 	735	 -21.795	   3.509	   2.043
21342	CLA 	736	 -24.430	  -2.594	 -14.508
21344	CLA 	736	  34.647	   5.429	 -11.573
