786	 CA 	110	 -48.064	  -0.933	  32.653
806	 CA 	111	 -50.209	   2.015	  34.029
821	 CA 	112	 -52.308	   4.921	  32.758
894	 CA 	116	 -59.343	   4.097	  35.655
1467	 CA 	151	 -38.018	   2.875	  -4.095
1477	 CA 	152	 -41.208	   3.171	  -6.303
1497	 CA 	153	 -40.340	   6.833	  -6.719
2201	 CA 	197	 -32.042	   7.314	  -7.852
2279	 CA 	202	 -30.803	   3.781	   0.113
2324	 CA 	206	 -31.062	  -1.040	   3.523
2373	 CA 	209	 -23.253	  -0.115	  -1.656
2380	 CA 	210	 -22.375	   3.082	  -3.302
5325	 CA 	395	 -24.547	 -18.421	  24.491
5344	 CA 	396	 -28.180	 -17.984	  25.527
5356	 CA 	397	 -28.455	 -14.722	  23.412
5367	 CA 	398	 -26.255	 -12.604	  21.026
6370	 CA 	462	 -18.483	 -12.969	   4.467
6406	 CA 	465	 -19.999	 -16.850	   6.755
6933	 CA 	500	 -14.160	 -12.135	  15.528
6980	 CA 	503	 -15.487	 -13.443	  10.854
21341	CLA 	735	 -21.655	   3.705	   1.706
21342	CLA 	736	 -24.718	  -2.325	 -15.392
21344	CLA 	736	  30.828	   1.509	 -16.616
