786	 CA 	110	 -46.358	  -1.982	  33.750
806	 CA 	111	 -48.827	   0.720	  34.799
821	 CA 	112	 -50.787	   3.606	  33.348
894	 CA 	116	 -58.276	   3.790	  35.546
1467	 CA 	151	 -38.334	   1.619	  -3.188
1477	 CA 	152	 -41.684	   1.689	  -5.272
1497	 CA 	153	 -40.820	   5.301	  -6.201
2201	 CA 	197	 -32.232	   7.008	  -7.536
2279	 CA 	202	 -30.902	   3.742	   0.257
2324	 CA 	206	 -31.053	  -0.640	   3.343
2373	 CA 	209	 -22.660	  -0.562	  -2.275
2380	 CA 	210	 -22.056	   3.242	  -3.084
5325	 CA 	395	 -23.056	 -18.732	  24.955
5344	 CA 	396	 -26.749	 -18.769	  24.210
5356	 CA 	397	 -28.225	 -15.336	  23.416
5367	 CA 	398	 -25.830	 -13.356	  21.171
6370	 CA 	462	 -18.028	 -12.952	   3.923
6406	 CA 	465	 -19.214	 -16.852	   6.257
6933	 CA 	500	 -14.321	 -11.807	  15.254
6980	 CA 	503	 -15.003	 -13.019	  10.738
21341	CLA 	735	 -21.973	   2.727	   2.796
21342	CLA 	736	 -24.390	  -1.727	 -15.181
21344	CLA 	736	  34.155	   4.734	 -13.118
