786	 CA 	110	 -46.619	  -1.097	  33.161
806	 CA 	111	 -48.641	   1.759	  34.689
821	 CA 	112	 -50.396	   4.697	  32.764
894	 CA 	116	 -56.759	   2.981	  37.597
1467	 CA 	151	 -39.410	   2.144	  -4.225
1477	 CA 	152	 -42.338	   2.920	  -6.522
1497	 CA 	153	 -41.137	   6.378	  -7.256
2201	 CA 	197	 -31.902	   7.528	  -8.336
2279	 CA 	202	 -31.648	   3.897	  -0.362
2324	 CA 	206	 -31.210	  -0.547	   2.897
2373	 CA 	209	 -23.015	  -0.253	  -1.955
2380	 CA 	210	 -22.084	   3.187	  -3.313
5325	 CA 	395	 -27.313	 -17.212	  22.816
5344	 CA 	396	 -29.779	 -15.250	  25.057
5356	 CA 	397	 -28.196	 -12.001	  23.945
5367	 CA 	398	 -25.534	 -11.177	  21.373
6370	 CA 	462	 -18.867	 -12.817	   3.735
6406	 CA 	465	 -20.010	 -16.811	   6.143
6933	 CA 	500	 -15.402	 -12.432	  15.271
6980	 CA 	503	 -15.680	 -13.233	  10.257
21341	CLA 	735	 -21.755	   2.638	   1.984
21342	CLA 	736	 -24.939	  -2.327	 -14.837
21344	CLA 	736	  34.030	   5.065	  -9.695
