786	 CA 	110	 -47.585	   5.064	  35.605
806	 CA 	111	 -49.659	   7.994	  37.029
821	 CA 	112	 -52.049	   9.775	  34.694
894	 CA 	116	 -59.288	   5.984	  35.726
1467	 CA 	151	 -38.357	   2.149	  -2.261
1477	 CA 	152	 -41.447	   3.073	  -4.274
1497	 CA 	153	 -40.322	   6.651	  -5.075
2201	 CA 	197	 -31.633	   7.085	  -6.754
2279	 CA 	202	 -30.093	   3.755	   1.042
2324	 CA 	206	 -30.097	  -0.942	   3.610
2373	 CA 	209	 -22.698	   0.114	  -2.675
2380	 CA 	210	 -21.341	   3.825	  -2.863
5325	 CA 	395	 -20.633	 -19.326	  25.576
5344	 CA 	396	 -24.137	 -19.493	  24.303
5356	 CA 	397	 -25.066	 -16.022	  22.965
5367	 CA 	398	 -22.744	 -13.398	  21.536
6370	 CA 	462	 -17.435	 -11.615	   4.499
6406	 CA 	465	 -18.694	 -15.592	   7.106
6933	 CA 	500	 -11.863	 -11.122	  14.899
6980	 CA 	503	 -13.690	 -12.315	  10.579
21341	CLA 	735	 -19.887	   1.093	  -0.305
21342	CLA 	736	 -24.940	  -2.609	 -14.501
21344	CLA 	736	  29.270	   1.525	 -15.814
