786	 CA 	110	 -48.949	  -2.061	  33.060
806	 CA 	111	 -51.292	   0.921	  33.318
821	 CA 	112	 -52.452	   3.467	  30.822
894	 CA 	116	 -58.480	   4.012	  35.316
1467	 CA 	151	 -38.762	   1.942	  -4.015
1477	 CA 	152	 -41.757	   2.653	  -6.325
1497	 CA 	153	 -40.625	   6.127	  -7.213
2201	 CA 	197	 -32.676	   7.179	  -8.169
2279	 CA 	202	 -31.903	   3.456	  -0.250
2324	 CA 	206	 -31.425	  -1.513	   2.885
2373	 CA 	209	 -23.018	  -0.406	  -2.142
2380	 CA 	210	 -21.753	   3.193	  -3.126
5325	 CA 	395	 -27.243	 -16.488	  21.094
5344	 CA 	396	 -26.092	 -13.870	  23.641
5356	 CA 	397	 -26.494	 -10.738	  21.374
5367	 CA 	398	 -23.380	  -9.265	  19.638
6370	 CA 	462	 -18.329	 -13.027	   4.079
6406	 CA 	465	 -19.173	 -16.956	   6.672
6933	 CA 	500	 -14.951	 -12.127	  15.439
6980	 CA 	503	 -15.229	 -12.948	  10.623
21341	CLA 	735	 -23.441	   3.382	   2.989
21342	CLA 	736	 -24.452	  -2.667	 -15.383
21344	CLA 	736	  36.077	   5.574	 -11.864
