786	 CA 	110	 -44.401	   1.922	  36.386
806	 CA 	111	 -47.642	   3.737	  37.312
821	 CA 	112	 -49.974	   5.868	  35.240
894	 CA 	116	 -56.090	   3.011	  38.269
1467	 CA 	151	 -38.621	   2.752	  -3.601
1477	 CA 	152	 -41.821	   3.103	  -5.743
1497	 CA 	153	 -40.864	   6.694	  -6.746
2201	 CA 	197	 -32.205	   6.847	  -7.255
2279	 CA 	202	 -30.580	   3.236	   0.528
2324	 CA 	206	 -30.275	  -1.210	   4.722
2373	 CA 	209	 -22.707	  -0.303	  -1.088
2380	 CA 	210	 -22.534	   3.104	  -2.842
5325	 CA 	395	 -23.493	 -16.949	  22.867
5344	 CA 	396	 -22.429	 -14.833	  25.850
5356	 CA 	397	 -23.034	 -11.627	  23.784
5367	 CA 	398	 -20.923	  -9.530	  21.446
6370	 CA 	462	 -17.554	 -12.643	   4.263
6406	 CA 	465	 -19.585	 -16.771	   7.279
6933	 CA 	500	 -12.718	 -12.184	  15.115
6980	 CA 	503	 -14.273	 -13.291	  10.272
21341	CLA 	735	 -22.466	   3.486	   4.489
21342	CLA 	736	 -24.654	  -2.590	 -14.933
21344	CLA 	736	  24.391	  51.429	 -38.356
