786	 CA 	110	 -46.204	  -1.772	  32.172
806	 CA 	111	 -48.034	   1.423	  33.402
821	 CA 	112	 -49.881	   3.936	  31.090
894	 CA 	116	 -55.330	   4.052	  36.545
1467	 CA 	151	 -38.829	   2.216	  -5.072
1477	 CA 	152	 -41.639	   2.856	  -7.626
1497	 CA 	153	 -40.272	   6.364	  -8.057
2201	 CA 	197	 -32.218	   7.285	  -9.028
2279	 CA 	202	 -31.487	   3.640	  -1.214
2324	 CA 	206	 -31.475	  -1.537	   2.179
2373	 CA 	209	 -23.158	   0.031	  -2.169
2380	 CA 	210	 -21.787	   3.328	  -3.381
5325	 CA 	395	 -26.024	 -17.589	  22.304
5344	 CA 	396	 -28.239	 -15.738	  24.742
5356	 CA 	397	 -27.540	 -11.973	  23.965
5367	 CA 	398	 -25.074	 -10.473	  21.485
6370	 CA 	462	 -18.101	 -13.006	   4.191
6406	 CA 	465	 -19.192	 -16.949	   6.399
6933	 CA 	500	 -15.055	 -11.931	  15.319
6980	 CA 	503	 -15.306	 -12.982	  10.558
21341	CLA 	735	 -21.985	   3.109	   1.185
21342	CLA 	736	 -24.271	  -2.439	 -14.744
21344	CLA 	736	  33.334	   5.110	 -10.039
