786	 CA 	110	 -43.366	  -4.606	  34.215
806	 CA 	111	 -45.480	  -1.702	  35.241
821	 CA 	112	 -47.045	   1.254	  33.337
894	 CA 	116	 -53.041	   0.970	  35.934
1467	 CA 	151	 -38.776	   2.198	  -4.623
1477	 CA 	152	 -41.816	   2.747	  -6.833
1497	 CA 	153	 -40.496	   6.309	  -7.760
2201	 CA 	197	 -32.380	   6.532	  -8.201
2279	 CA 	202	 -31.810	   3.003	  -0.548
2324	 CA 	206	 -30.809	  -2.354	   2.343
2373	 CA 	209	 -22.979	  -0.447	  -2.692
2380	 CA 	210	 -21.558	   3.089	  -3.087
5325	 CA 	395	 -25.977	 -17.638	  21.297
5344	 CA 	396	 -26.241	 -15.448	  24.442
5356	 CA 	397	 -26.037	 -12.056	  22.575
5367	 CA 	398	 -22.685	 -10.997	  21.082
6370	 CA 	462	 -18.166	 -13.548	   3.446
6406	 CA 	465	 -19.198	 -17.450	   5.954
6933	 CA 	500	 -14.131	 -12.799	  14.820
6980	 CA 	503	 -14.759	 -13.690	  10.046
21341	CLA 	735	 -23.281	   3.042	   2.816
21342	CLA 	736	 -24.841	  -3.268	 -15.011
21344	CLA 	736	  31.908	   7.955	 -17.106
