786	 CA 	110	 -46.517	   4.197	  34.866
806	 CA 	111	 -49.365	   6.398	  36.114
821	 CA 	112	 -51.839	   8.465	  34.083
894	 CA 	116	 -57.912	   4.585	  36.835
1467	 CA 	151	 -39.523	   2.646	  -3.947
1477	 CA 	152	 -42.434	   3.116	  -6.405
1497	 CA 	153	 -41.220	   6.619	  -7.372
2201	 CA 	197	 -32.290	   6.478	  -7.537
2279	 CA 	202	 -31.345	   2.915	   0.131
2324	 CA 	206	 -31.142	  -1.065	   4.220
2373	 CA 	209	 -23.241	  -0.489	  -1.469
2380	 CA 	210	 -22.547	   2.888	  -3.140
5325	 CA 	395	 -24.538	 -16.833	  22.911
5344	 CA 	396	 -23.683	 -14.447	  25.756
5356	 CA 	397	 -24.023	 -11.303	  23.632
5367	 CA 	398	 -21.640	  -9.373	  21.331
6370	 CA 	462	 -18.045	 -12.933	   4.209
6406	 CA 	465	 -19.746	 -16.619	   7.133
6933	 CA 	500	 -13.787	 -12.104	  15.469
6980	 CA 	503	 -14.866	 -13.262	  10.499
21341	CLA 	735	 -23.026	   3.292	   3.243
21342	CLA 	736	 -24.461	  -2.645	 -14.868
21344	CLA 	736	  23.593	  52.430	 -38.292
