786	 CA 	110	 -48.382	  -1.829	  31.557
806	 CA 	111	 -50.428	   1.017	  33.163
821	 CA 	112	 -52.557	   3.543	  31.325
894	 CA 	116	 -58.370	   2.666	  34.552
1467	 CA 	151	 -39.380	   2.120	  -5.060
1477	 CA 	152	 -42.310	   2.860	  -7.463
1497	 CA 	153	 -40.868	   6.280	  -8.054
2201	 CA 	197	 -31.884	   7.355	  -9.074
2279	 CA 	202	 -31.300	   4.061	  -1.077
2324	 CA 	206	 -31.601	  -0.624	   2.706
2373	 CA 	209	 -23.417	  -0.096	  -2.272
2380	 CA 	210	 -22.330	   3.426	  -3.244
5325	 CA 	395	 -26.486	 -17.261	  23.962
5344	 CA 	396	 -29.972	 -15.837	  23.976
5356	 CA 	397	 -28.163	 -12.737	  22.619
5367	 CA 	398	 -24.559	 -11.491	  21.882
6370	 CA 	462	 -18.424	 -12.604	   4.240
6406	 CA 	465	 -19.931	 -16.339	   6.568
6933	 CA 	500	 -14.890	 -11.938	  15.268
6980	 CA 	503	 -15.379	 -12.865	  10.551
21341	CLA 	735	 -22.163	   3.492	   1.585
21342	CLA 	736	 -25.023	  -2.957	 -14.818
21344	CLA 	736	  33.927	   6.514	  -8.509
