786	 CA 	110	 -44.827	  -0.261	  34.125
806	 CA 	111	 -46.456	   2.921	  35.297
821	 CA 	112	 -48.776	   5.248	  33.268
894	 CA 	116	 -54.350	   4.145	  36.889
1467	 CA 	151	 -38.976	   1.611	  -4.223
1477	 CA 	152	 -41.653	   2.382	  -6.849
1497	 CA 	153	 -40.290	   5.919	  -7.489
2201	 CA 	197	 -32.203	   6.751	  -7.821
2279	 CA 	202	 -31.867	   2.708	  -0.218
2324	 CA 	206	 -31.148	  -2.355	   3.297
2373	 CA 	209	 -23.071	  -0.675	  -1.738
2380	 CA 	210	 -22.357	   2.831	  -3.062
5325	 CA 	395	 -25.366	 -18.496	  21.679
5344	 CA 	396	 -25.492	 -16.282	  24.757
5356	 CA 	397	 -26.189	 -13.200	  22.589
5367	 CA 	398	 -23.405	 -10.986	  21.380
6370	 CA 	462	 -18.215	 -13.351	   4.125
6406	 CA 	465	 -19.189	 -17.426	   6.701
6933	 CA 	500	 -14.080	 -12.424	  15.402
6980	 CA 	503	 -15.038	 -13.591	  10.426
21341	CLA 	735	 -23.767	   3.156	   3.447
21342	CLA 	736	 -24.577	  -2.912	 -14.825
21344	CLA 	736	  38.422	  -0.903	 -27.996
