786	 CA 	110	 -47.993	  -1.627	  33.594
806	 CA 	111	 -50.689	   0.901	  34.530
821	 CA 	112	 -52.472	   3.968	  33.042
894	 CA 	116	 -59.664	   5.230	  36.651
1467	 CA 	151	 -38.804	   1.892	  -3.720
1477	 CA 	152	 -41.710	   2.569	  -6.095
1497	 CA 	153	 -40.313	   6.048	  -6.801
2201	 CA 	197	 -32.348	   7.095	  -7.762
2279	 CA 	202	 -30.999	   3.284	  -0.330
2324	 CA 	206	 -31.064	  -1.653	   2.704
2373	 CA 	209	 -22.732	  -0.521	  -2.143
2380	 CA 	210	 -21.995	   2.983	  -3.352
5325	 CA 	395	 -27.048	 -16.500	  20.561
5344	 CA 	396	 -27.463	 -14.035	  23.464
5356	 CA 	397	 -26.359	 -11.010	  21.341
5367	 CA 	398	 -22.871	 -10.454	  19.782
6370	 CA 	462	 -17.866	 -12.785	   4.191
6406	 CA 	465	 -19.096	 -16.893	   6.180
6933	 CA 	500	 -14.520	 -12.774	  15.339
6980	 CA 	503	 -14.774	 -13.485	  10.315
21341	CLA 	735	 -23.427	   3.223	   4.234
21342	CLA 	736	 -24.432	  -2.146	 -15.309
21344	CLA 	736	  35.605	   5.677	 -12.865
