786	 CA 	110	 -46.620	  -2.889	  33.523
806	 CA 	111	 -48.166	   0.036	  35.393
821	 CA 	112	 -49.033	   3.560	  34.287
894	 CA 	116	 -56.634	   4.262	  36.112
1467	 CA 	151	 -38.938	   2.771	  -4.160
1477	 CA 	152	 -41.827	   3.084	  -6.610
1497	 CA 	153	 -40.574	   6.613	  -7.424
2201	 CA 	197	 -32.486	   7.358	  -7.988
2279	 CA 	202	 -31.953	   3.682	  -0.133
2324	 CA 	206	 -31.571	  -1.310	   2.444
2373	 CA 	209	 -22.990	  -0.589	  -2.569
2380	 CA 	210	 -21.220	   2.882	  -2.733
5325	 CA 	395	 -27.035	 -16.834	  20.605
5344	 CA 	396	 -27.432	 -14.150	  23.239
5356	 CA 	397	 -27.488	 -11.230	  20.777
5367	 CA 	398	 -24.298	 -10.123	  18.965
6370	 CA 	462	 -18.748	 -12.805	   3.239
6406	 CA 	465	 -19.953	 -17.452	   5.736
6933	 CA 	500	 -14.761	 -12.505	  14.771
6980	 CA 	503	 -15.280	 -13.274	  10.365
21341	CLA 	735	 -22.614	   3.211	   3.257
21342	CLA 	736	 -24.039	  -2.586	 -14.753
21344	CLA 	736	  31.977	   6.941	 -16.454
