786	 CA 	110	 -47.793	   2.037	  34.768
806	 CA 	111	 -50.564	   4.206	  36.328
821	 CA 	112	 -53.267	   5.868	  34.318
894	 CA 	116	 -59.615	   2.450	  34.735
1467	 CA 	151	 -39.189	   1.568	  -3.273
1477	 CA 	152	 -42.352	   1.829	  -5.379
1497	 CA 	153	 -41.278	   5.427	  -6.393
2201	 CA 	197	 -32.287	   6.150	  -7.476
2279	 CA 	202	 -30.997	   3.052	   0.372
2324	 CA 	206	 -29.566	  -1.063	   3.672
2373	 CA 	209	 -21.938	  -0.796	  -2.065
2380	 CA 	210	 -20.679	   2.741	  -2.789
5325	 CA 	395	 -20.722	 -19.781	  25.474
5344	 CA 	396	 -24.328	 -19.892	  24.126
5356	 CA 	397	 -25.288	 -16.612	  22.318
5367	 CA 	398	 -23.144	 -13.917	  20.575
6370	 CA 	462	 -16.782	 -12.667	   4.923
6406	 CA 	465	 -18.012	 -16.818	   7.079
6933	 CA 	500	 -12.396	 -11.606	  15.286
6980	 CA 	503	 -13.489	 -12.898	  10.729
21341	CLA 	735	 -19.023	   0.122	   0.080
21342	CLA 	736	 -24.810	  -1.769	 -15.541
21344	CLA 	736	  29.228	   2.480	 -15.401
