786	 CA 	110	 -43.796	  -0.301	  34.816
806	 CA 	111	 -45.559	   2.875	  36.168
821	 CA 	112	 -47.352	   5.992	  34.905
894	 CA 	116	 -54.871	   5.403	  37.337
1467	 CA 	151	 -38.692	   1.750	  -3.788
1477	 CA 	152	 -41.499	   2.294	  -6.433
1497	 CA 	153	 -40.218	   5.866	  -6.823
2201	 CA 	197	 -31.561	   6.303	  -7.262
2279	 CA 	202	 -31.228	   3.060	   0.528
2324	 CA 	206	 -30.821	  -1.557	   4.509
2373	 CA 	209	 -23.005	  -0.301	  -0.667
2380	 CA 	210	 -22.256	   3.124	  -2.255
5325	 CA 	395	 -25.326	 -15.665	  23.724
5344	 CA 	396	 -25.502	 -12.729	  26.076
5356	 CA 	397	 -25.787	 -10.151	  23.292
5367	 CA 	398	 -22.667	  -8.979	  21.185
6370	 CA 	462	 -17.594	 -13.196	   5.090
6406	 CA 	465	 -19.090	 -17.011	   7.827
6933	 CA 	500	 -13.514	 -11.991	  15.858
6980	 CA 	503	 -14.355	 -13.402	  11.446
21341	CLA 	735	 -22.780	   3.504	   4.794
21342	CLA 	736	 -24.389	  -2.670	 -15.074
21344	CLA 	736	  21.873	  24.774	 -45.841
