786	 CA 	110	 -45.499	  -2.703	  32.868
806	 CA 	111	 -47.732	   0.095	  33.924
821	 CA 	112	 -49.560	   3.043	  32.325
894	 CA 	116	 -54.289	   2.602	  37.401
1467	 CA 	151	 -38.789	   1.748	  -3.931
1477	 CA 	152	 -41.800	   1.980	  -6.444
1497	 CA 	153	 -40.554	   5.530	  -7.187
2201	 CA 	197	 -32.634	   6.421	  -8.099
2279	 CA 	202	 -31.667	   2.982	  -0.320
2324	 CA 	206	 -30.610	  -1.968	   3.085
2373	 CA 	209	 -22.502	   0.039	  -1.963
2380	 CA 	210	 -21.791	   3.603	  -2.845
5325	 CA 	395	 -26.111	 -18.676	  21.942
5344	 CA 	396	 -28.373	 -16.877	  24.412
5356	 CA 	397	 -27.472	 -13.495	  23.262
5367	 CA 	398	 -24.666	 -12.173	  21.092
6370	 CA 	462	 -17.799	 -13.190	   3.999
6406	 CA 	465	 -18.323	 -17.624	   6.148
6933	 CA 	500	 -13.987	 -12.433	  15.193
6980	 CA 	503	 -14.614	 -13.504	  10.422
21341	CLA 	735	 -21.293	   3.089	   2.237
21342	CLA 	736	 -24.271	  -3.259	 -14.079
21344	CLA 	736	  34.036	   6.173	 -10.949
