786	 CA 	110	 -46.331	  -2.987	  33.828
806	 CA 	111	 -47.841	  -0.024	  35.815
821	 CA 	112	 -48.834	   3.418	  34.581
894	 CA 	116	 -56.392	   5.070	  36.732
1467	 CA 	151	 -38.580	   2.633	  -3.775
1477	 CA 	152	 -41.394	   3.162	  -6.262
1497	 CA 	153	 -40.128	   6.630	  -6.996
2201	 CA 	197	 -31.861	   6.961	  -7.998
2279	 CA 	202	 -31.183	   3.834	   0.228
2324	 CA 	206	 -30.642	  -1.224	   2.978
2373	 CA 	209	 -22.546	  -0.375	  -2.402
2380	 CA 	210	 -21.124	   3.170	  -2.717
5325	 CA 	395	 -26.609	 -15.863	  20.699
5344	 CA 	396	 -27.191	 -13.432	  23.629
5356	 CA 	397	 -27.317	 -10.308	  21.286
5367	 CA 	398	 -24.370	  -9.502	  18.963
6370	 CA 	462	 -18.127	 -13.067	   4.088
6406	 CA 	465	 -19.203	 -17.137	   6.409
6933	 CA 	500	 -14.079	 -12.186	  14.991
6980	 CA 	503	 -14.867	 -13.233	  10.427
21341	CLA 	735	 -22.371	   3.655	   3.483
21342	CLA 	736	 -24.485	  -2.490	 -14.990
21344	CLA 	736	  34.776	   6.196	 -15.990
