786	 CA 	110	 -46.928	  -1.921	  31.672
806	 CA 	111	 -49.371	   0.527	  33.259
821	 CA 	112	 -50.876	   3.771	  31.770
894	 CA 	116	 -56.771	   3.034	  36.072
1467	 CA 	151	 -39.074	   2.188	  -4.693
1477	 CA 	152	 -41.801	   2.430	  -7.411
1497	 CA 	153	 -40.716	   6.068	  -8.010
2201	 CA 	197	 -32.546	   6.934	  -9.031
2279	 CA 	202	 -31.697	   3.565	  -1.157
2324	 CA 	206	 -31.456	  -1.161	   2.478
2373	 CA 	209	 -22.966	   0.116	  -1.819
2380	 CA 	210	 -21.787	   3.476	  -3.333
5325	 CA 	395	 -26.238	 -18.104	  23.643
5344	 CA 	396	 -28.582	 -16.021	  25.816
5356	 CA 	397	 -27.226	 -12.703	  24.263
5367	 CA 	398	 -25.038	 -11.404	  21.572
6370	 CA 	462	 -18.548	 -12.947	   3.819
6406	 CA 	465	 -19.863	 -17.048	   6.379
6933	 CA 	500	 -14.816	 -12.511	  15.386
6980	 CA 	503	 -15.302	 -12.959	  10.621
21341	CLA 	735	 -21.688	   3.459	   1.626
21342	CLA 	736	 -25.232	  -3.139	 -14.498
21344	CLA 	736	  34.416	   5.130	 -11.125
