786	 CA 	110	 -47.629	  -2.084	  33.116
806	 CA 	111	 -50.485	   0.305	  34.118
821	 CA 	112	 -51.673	   4.003	  33.571
894	 CA 	116	 -58.228	   2.855	  37.072
1467	 CA 	151	 -38.638	   2.526	  -4.085
1477	 CA 	152	 -41.643	   3.107	  -6.323
1497	 CA 	153	 -40.102	   6.603	  -7.180
2201	 CA 	197	 -31.919	   7.420	  -8.274
2279	 CA 	202	 -30.935	   3.778	  -0.214
2324	 CA 	206	 -30.676	  -1.073	   2.935
2373	 CA 	209	 -22.737	  -0.423	  -2.582
2380	 CA 	210	 -21.286	   3.060	  -2.766
5325	 CA 	395	 -26.624	 -16.676	  20.399
5344	 CA 	396	 -26.631	 -14.467	  23.540
5356	 CA 	397	 -26.682	 -11.378	  21.312
5367	 CA 	398	 -24.384	 -10.357	  18.513
6370	 CA 	462	 -18.406	 -13.522	   3.239
6406	 CA 	465	 -19.258	 -17.445	   5.475
6933	 CA 	500	 -14.400	 -12.829	  14.898
6980	 CA 	503	 -15.103	 -13.658	  10.078
21341	CLA 	735	 -22.580	   3.306	   3.223
21342	CLA 	736	 -24.455	  -2.180	 -15.688
21344	CLA 	736	  37.373	   6.175	 -13.091
