786	 CA 	110	 -45.566	   3.431	  35.799
806	 CA 	111	 -48.209	   5.038	  37.874
821	 CA 	112	 -51.207	   7.266	  36.842
894	 CA 	116	 -55.173	   4.502	  40.714
1467	 CA 	151	 -38.362	   1.366	  -3.417
1477	 CA 	152	 -41.289	   2.255	  -5.660
1497	 CA 	153	 -39.809	   5.774	  -6.284
2201	 CA 	197	 -31.992	   6.172	  -7.028
2279	 CA 	202	 -31.059	   2.907	   1.210
2324	 CA 	206	 -30.702	  -1.623	   4.632
2373	 CA 	209	 -22.665	  -0.311	  -0.981
2380	 CA 	210	 -21.823	   2.822	  -2.890
5325	 CA 	395	 -22.637	 -18.027	  23.671
5344	 CA 	396	 -21.447	 -16.057	  26.632
5356	 CA 	397	 -22.649	 -12.877	  24.619
5367	 CA 	398	 -20.768	 -10.682	  22.169
6370	 CA 	462	 -17.330	 -12.551	   4.963
6406	 CA 	465	 -18.787	 -16.537	   7.348
6933	 CA 	500	 -12.048	 -12.106	  15.905
6980	 CA 	503	 -13.656	 -13.067	  10.991
21341	CLA 	735	 -22.750	   2.792	   4.710
21342	CLA 	736	 -24.423	  -3.205	 -14.604
21344	CLA 	736	  17.844	  63.600	 -31.881
