786	 CA 	110	 -45.293	   1.271	  36.507
806	 CA 	111	 -48.125	   3.608	  37.702
821	 CA 	112	 -50.503	   5.740	  35.607
894	 CA 	116	 -57.326	   4.044	  38.276
1467	 CA 	151	 -38.974	   2.782	  -3.725
1477	 CA 	152	 -41.980	   3.688	  -6.111
1497	 CA 	153	 -40.635	   7.385	  -6.598
2201	 CA 	197	 -31.944	   7.276	  -6.772
2279	 CA 	202	 -31.069	   3.260	   0.709
2324	 CA 	206	 -30.535	  -0.825	   4.412
2373	 CA 	209	 -22.818	  -0.121	  -1.179
2380	 CA 	210	 -22.084	   3.181	  -2.942
5325	 CA 	395	 -23.171	 -17.295	  23.181
5344	 CA 	396	 -21.867	 -15.211	  26.127
5356	 CA 	397	 -23.087	 -12.002	  24.067
5367	 CA 	398	 -21.451	  -9.850	  21.464
6370	 CA 	462	 -17.691	 -13.092	   4.338
6406	 CA 	465	 -19.356	 -16.513	   6.924
6933	 CA 	500	 -12.436	 -11.871	  15.162
6980	 CA 	503	 -13.903	 -12.675	  10.744
21341	CLA 	735	 -22.526	   2.769	   4.462
21342	CLA 	736	 -24.127	  -3.204	 -14.511
21344	CLA 	736	  24.133	  55.494	 -28.951
