786	 CA 	110	 -45.647	   3.676	  37.055
806	 CA 	111	 -48.990	   5.400	  37.196
821	 CA 	112	 -51.242	   7.560	  34.878
894	 CA 	116	 -57.049	   4.573	  39.173
1467	 CA 	151	 -38.378	   2.871	  -2.991
1477	 CA 	152	 -41.534	   3.483	  -5.333
1497	 CA 	153	 -40.208	   6.952	  -6.198
2201	 CA 	197	 -31.789	   6.969	  -7.307
2279	 CA 	202	 -31.114	   3.720	   1.376
2324	 CA 	206	 -30.049	  -1.168	   4.807
2373	 CA 	209	 -22.678	   0.209	  -0.996
2380	 CA 	210	 -21.648	   3.195	  -3.173
5325	 CA 	395	 -24.234	 -16.425	  23.369
5344	 CA 	396	 -23.493	 -14.179	  26.297
5356	 CA 	397	 -23.835	 -11.265	  23.838
5367	 CA 	398	 -21.136	  -9.445	  21.779
6370	 CA 	462	 -17.664	 -12.363	   4.574
6406	 CA 	465	 -19.359	 -16.282	   7.220
6933	 CA 	500	 -12.993	 -12.184	  15.620
6980	 CA 	503	 -14.069	 -12.642	  10.865
21341	CLA 	735	 -22.858	   3.523	   4.410
21342	CLA 	736	 -24.828	  -2.872	 -14.353
21344	CLA 	736	  16.946	  46.060	 -42.091
