786	 CA 	110	 -47.403	  -1.309	  32.487
806	 CA 	111	 -49.971	   1.576	  33.407
821	 CA 	112	 -52.075	   4.312	  31.630
894	 CA 	116	 -56.703	   3.544	  35.937
1467	 CA 	151	 -39.232	   1.726	  -4.337
1477	 CA 	152	 -42.150	   2.144	  -6.828
1497	 CA 	153	 -40.771	   5.760	  -7.622
2201	 CA 	197	 -32.783	   7.158	  -8.317
2279	 CA 	202	 -31.850	   3.322	  -0.465
2324	 CA 	206	 -31.142	  -1.380	   2.979
2373	 CA 	209	 -23.311	   0.016	  -2.331
2380	 CA 	210	 -22.184	   3.488	  -3.258
5325	 CA 	395	 -25.412	 -18.224	  20.265
5344	 CA 	396	 -25.087	 -16.810	  23.843
5356	 CA 	397	 -25.916	 -13.203	  22.644
5367	 CA 	398	 -23.032	 -10.593	  22.334
6370	 CA 	462	 -18.220	 -12.946	   3.534
6406	 CA 	465	 -19.035	 -17.234	   5.742
6933	 CA 	500	 -14.353	 -12.211	  14.995
6980	 CA 	503	 -15.008	 -13.241	  10.123
21341	CLA 	735	 -23.112	   2.300	   3.762
21342	CLA 	736	 -24.792	  -2.739	 -14.734
21344	CLA 	736	  34.194	   4.985	 -11.283
