786	 CA 	110	 -47.972	  -2.002	  32.652
806	 CA 	111	 -49.377	   1.192	  34.094
821	 CA 	112	 -51.913	   3.701	  32.571
894	 CA 	116	 -59.489	   3.272	  35.351
1467	 CA 	151	 -38.835	   1.412	  -4.042
1477	 CA 	152	 -41.678	   2.218	  -6.396
1497	 CA 	153	 -40.352	   5.874	  -6.911
2201	 CA 	197	 -32.080	   6.615	  -7.701
2279	 CA 	202	 -31.197	   2.858	   0.379
2324	 CA 	206	 -31.092	  -1.723	   3.257
2373	 CA 	209	 -23.014	  -0.502	  -2.434
2380	 CA 	210	 -22.171	   3.124	  -3.210
5325	 CA 	395	 -25.268	 -17.348	  23.090
5344	 CA 	396	 -29.140	 -17.139	  23.533
5356	 CA 	397	 -28.466	 -13.742	  21.771
5367	 CA 	398	 -25.454	 -12.064	  20.256
6370	 CA 	462	 -18.166	 -12.572	   4.020
6406	 CA 	465	 -19.440	 -16.794	   6.138
6933	 CA 	500	 -14.862	 -12.413	  15.313
6980	 CA 	503	 -15.145	 -13.325	  10.459
21341	CLA 	735	 -21.371	   2.661	   2.020
21342	CLA 	736	 -24.598	  -2.576	 -15.331
21344	CLA 	736	  35.128	   6.710	  -9.672
