786	 CA 	110	 -44.260	  -3.444	  34.128
806	 CA 	111	 -46.662	  -0.756	  35.239
821	 CA 	112	 -48.434	   2.053	  33.369
894	 CA 	116	 -54.270	   1.091	  36.531
1467	 CA 	151	 -38.676	   1.597	  -3.464
1477	 CA 	152	 -41.624	   2.049	  -5.862
1497	 CA 	153	 -40.616	   5.711	  -6.566
2201	 CA 	197	 -32.338	   6.485	  -7.381
2279	 CA 	202	 -31.066	   3.056	   0.458
2324	 CA 	206	 -30.922	  -2.046	   3.681
2373	 CA 	209	 -23.314	  -0.715	  -2.246
2380	 CA 	210	 -21.789	   2.726	  -2.908
5325	 CA 	395	 -24.749	 -18.512	  22.440
5344	 CA 	396	 -24.645	 -16.210	  25.499
5356	 CA 	397	 -25.445	 -13.043	  23.507
5367	 CA 	398	 -22.580	 -11.251	  21.677
6370	 CA 	462	 -18.220	 -13.334	   3.987
6406	 CA 	465	 -19.109	 -17.367	   6.309
6933	 CA 	500	 -13.816	 -12.910	  15.245
6980	 CA 	503	 -14.400	 -13.746	  10.599
21341	CLA 	735	 -23.221	   3.137	   3.548
21342	CLA 	736	 -24.631	  -2.764	 -15.376
21344	CLA 	736	  32.765	  12.165	 -17.833
