786	 CA 	110	 -48.177	   6.068	  35.166
806	 CA 	111	 -50.324	   9.028	  36.072
821	 CA 	112	 -53.303	   9.857	  33.786
894	 CA 	116	 -59.767	   5.054	  35.900
1467	 CA 	151	 -38.747	   1.744	  -2.746
1477	 CA 	152	 -41.876	   2.089	  -4.852
1497	 CA 	153	 -40.961	   5.695	  -5.747
2201	 CA 	197	 -32.036	   6.478	  -7.133
2279	 CA 	202	 -30.479	   4.209	   1.069
2324	 CA 	206	 -29.745	  -0.419	   4.010
2373	 CA 	209	 -22.719	   0.119	  -1.895
2380	 CA 	210	 -21.501	   3.814	  -2.606
5325	 CA 	395	 -20.329	 -18.852	  25.921
5344	 CA 	396	 -23.941	 -19.465	  24.619
5356	 CA 	397	 -24.842	 -15.917	  23.290
5367	 CA 	398	 -22.279	 -13.643	  21.914
6370	 CA 	462	 -17.475	 -11.691	   4.890
6406	 CA 	465	 -18.785	 -15.723	   7.631
6933	 CA 	500	 -12.348	 -10.690	  15.411
6980	 CA 	503	 -13.764	 -12.106	  11.023
21341	CLA 	735	 -19.724	   0.868	  -0.142
21342	CLA 	736	 -24.782	  -2.234	 -14.803
21344	CLA 	736	  28.738	   1.555	 -15.686
