786	 CA 	110	 -46.290	  -1.899	  31.575
806	 CA 	111	 -48.572	   0.773	  33.190
821	 CA 	112	 -50.877	   3.486	  31.793
894	 CA 	116	 -58.109	   3.785	  35.363
1467	 CA 	151	 -38.876	   2.189	  -4.197
1477	 CA 	152	 -41.815	   2.989	  -6.424
1497	 CA 	153	 -40.856	   6.730	  -6.955
2201	 CA 	197	 -32.138	   7.414	  -8.115
2279	 CA 	202	 -30.966	   3.681	  -0.301
2324	 CA 	206	 -31.311	  -1.589	   3.549
2373	 CA 	209	 -22.833	  -0.430	  -1.693
2380	 CA 	210	 -21.815	   3.162	  -2.876
5325	 CA 	395	 -24.026	 -18.169	  24.181
5344	 CA 	396	 -27.826	 -17.457	  24.646
5356	 CA 	397	 -28.053	 -13.875	  23.307
5367	 CA 	398	 -25.726	 -11.831	  20.956
6370	 CA 	462	 -18.047	 -12.618	   4.143
6406	 CA 	465	 -19.524	 -16.550	   6.683
6933	 CA 	500	 -13.804	 -12.013	  15.363
6980	 CA 	503	 -14.854	 -12.971	  10.452
21341	CLA 	735	 -21.689	   3.019	   2.138
21342	CLA 	736	 -24.765	  -2.327	 -14.871
21344	CLA 	736	  35.263	   4.338	 -11.914
