786	 CA 	110	 -43.948	  -4.058	  33.249
806	 CA 	111	 -45.379	  -1.213	  35.320
821	 CA 	112	 -46.930	   1.952	  34.103
894	 CA 	116	 -53.026	   1.160	  38.423
1467	 CA 	151	 -38.576	   2.435	  -4.068
1477	 CA 	152	 -41.546	   2.832	  -6.402
1497	 CA 	153	 -40.620	   6.414	  -7.410
2201	 CA 	197	 -32.176	   7.403	  -7.905
2279	 CA 	202	 -31.713	   3.885	   0.053
2324	 CA 	206	 -31.668	  -1.482	   2.019
2373	 CA 	209	 -23.288	  -0.603	  -2.442
2380	 CA 	210	 -21.765	   2.816	  -2.920
5325	 CA 	395	 -26.354	 -16.463	  21.941
5344	 CA 	396	 -26.903	 -13.957	  24.660
5356	 CA 	397	 -26.272	 -10.887	  22.454
5367	 CA 	398	 -23.021	  -9.780	  20.802
6370	 CA 	462	 -17.590	 -13.317	   4.118
6406	 CA 	465	 -18.636	 -17.397	   6.308
6933	 CA 	500	 -14.110	 -12.224	  15.067
6980	 CA 	503	 -14.629	 -13.247	  10.223
21341	CLA 	735	 -23.759	   2.319	   2.704
21342	CLA 	736	 -24.647	  -2.592	 -14.733
21344	CLA 	736	  30.894	   8.085	 -15.153
