786	 CA 	110	 -49.585	   0.810	  31.646
806	 CA 	111	 -50.985	   4.230	  32.443
821	 CA 	112	 -53.767	   6.205	  30.798
894	 CA 	116	 -61.544	   6.439	  33.036
1467	 CA 	151	 -38.823	   2.686	  -4.480
1477	 CA 	152	 -41.689	   3.452	  -6.939
1497	 CA 	153	 -40.649	   7.161	  -7.299
2201	 CA 	197	 -31.714	   7.929	  -7.908
2279	 CA 	202	 -31.425	   4.025	  -0.369
2324	 CA 	206	 -31.449	  -0.245	   2.765
2373	 CA 	209	 -23.481	  -0.129	  -2.027
2380	 CA 	210	 -22.307	   3.198	  -3.204
5325	 CA 	395	 -27.016	 -16.291	  23.288
5344	 CA 	396	 -30.870	 -16.525	  23.882
5356	 CA 	397	 -30.796	 -12.840	  22.667
5367	 CA 	398	 -27.733	 -10.786	  21.202
6370	 CA 	462	 -19.197	 -12.245	   4.341
6406	 CA 	465	 -20.535	 -16.552	   6.100
6933	 CA 	500	 -15.848	 -11.707	  15.443
6980	 CA 	503	 -16.375	 -12.942	  10.835
21341	CLA 	735	 -21.568	   2.826	   1.134
21342	CLA 	736	 -24.676	  -2.773	 -15.023
21344	CLA 	736	  34.731	   5.538	 -10.043
