786	 CA 	110	 -46.336	  -1.084	  33.365
806	 CA 	111	 -48.713	   1.751	  34.246
821	 CA 	112	 -50.339	   4.477	  32.134
894	 CA 	116	 -55.967	   4.552	  36.738
1467	 CA 	151	 -38.865	   2.685	  -4.398
1477	 CA 	152	 -41.891	   3.492	  -6.621
1497	 CA 	153	 -40.200	   6.771	  -7.540
2201	 CA 	197	 -32.156	   7.063	  -8.439
2279	 CA 	202	 -31.526	   3.676	  -0.413
2324	 CA 	206	 -31.508	  -1.176	   2.982
2373	 CA 	209	 -23.101	  -0.415	  -2.342
2380	 CA 	210	 -22.341	   3.209	  -3.385
5325	 CA 	395	 -26.912	 -18.468	  21.683
5344	 CA 	396	 -28.711	 -16.524	  24.372
5356	 CA 	397	 -28.260	 -12.768	  24.148
5367	 CA 	398	 -25.726	 -11.440	  21.624
6370	 CA 	462	 -18.434	 -12.574	   4.234
6406	 CA 	465	 -19.541	 -16.749	   6.450
6933	 CA 	500	 -14.904	 -12.312	  15.644
6980	 CA 	503	 -15.280	 -13.120	  10.595
21341	CLA 	735	 -21.614	   2.725	   1.458
21342	CLA 	736	 -24.630	  -2.669	 -14.523
21344	CLA 	736	  31.197	   4.560	 -10.228
