786	 CA 	110	 -48.999	   0.094	  32.456
806	 CA 	111	 -51.312	   3.052	  33.275
821	 CA 	112	 -53.545	   5.315	  31.026
894	 CA 	116	 -59.980	   4.911	  33.422
1467	 CA 	151	 -38.523	   2.005	  -4.090
1477	 CA 	152	 -41.585	   2.634	  -6.309
1497	 CA 	153	 -40.544	   6.305	  -6.796
2201	 CA 	197	 -32.123	   7.480	  -7.963
2279	 CA 	202	 -31.002	   4.175	  -0.005
2324	 CA 	206	 -31.261	  -0.440	   2.949
2373	 CA 	209	 -22.445	  -0.534	  -2.012
2380	 CA 	210	 -21.568	   3.190	  -2.565
5325	 CA 	395	 -23.239	 -17.835	  26.052
5344	 CA 	396	 -27.057	 -18.065	  25.898
5356	 CA 	397	 -28.349	 -14.890	  24.353
5367	 CA 	398	 -26.469	 -13.312	  21.420
6370	 CA 	462	 -18.430	 -12.352	   4.185
6406	 CA 	465	 -19.870	 -16.297	   6.631
6933	 CA 	500	 -14.166	 -11.365	  14.847
6980	 CA 	503	 -15.298	 -12.652	  10.381
21341	CLA 	735	 -22.647	   3.392	   3.178
21342	CLA 	736	 -25.233	  -1.957	 -15.747
21344	CLA 	736	  35.766	   4.767	 -11.850
