786	 CA 	110	 -48.223	   0.623	  33.569
806	 CA 	111	 -50.504	   3.706	  34.383
821	 CA 	112	 -52.806	   5.820	  32.117
894	 CA 	116	 -59.110	   4.666	  34.967
1467	 CA 	151	 -38.708	   1.487	  -3.351
1477	 CA 	152	 -41.535	   2.170	  -5.861
1497	 CA 	153	 -40.291	   5.872	  -6.121
2201	 CA 	197	 -31.893	   6.959	  -7.406
2279	 CA 	202	 -30.843	   3.796	   0.257
2324	 CA 	206	 -30.681	  -0.761	   3.744
2373	 CA 	209	 -22.232	  -0.176	  -1.754
2380	 CA 	210	 -21.622	   3.319	  -2.881
5325	 CA 	395	 -22.545	 -17.628	  26.742
5344	 CA 	396	 -26.314	 -18.566	  25.965
5356	 CA 	397	 -27.797	 -15.349	  24.668
5367	 CA 	398	 -25.971	 -13.457	  21.863
6370	 CA 	462	 -17.815	 -12.231	   4.505
6406	 CA 	465	 -19.197	 -16.264	   7.046
6933	 CA 	500	 -13.977	 -11.388	  15.684
6980	 CA 	503	 -14.681	 -12.370	  10.590
21341	CLA 	735	 -22.619	   3.697	   3.554
21342	CLA 	736	 -24.940	  -2.501	 -14.621
21344	CLA 	736	  35.257	   6.792	 -14.012
