786	 CA 	110	 -45.270	  -3.501	  34.694
806	 CA 	111	 -47.753	  -0.943	  36.039
821	 CA 	112	 -49.758	   1.766	  34.328
894	 CA 	116	 -55.534	   0.734	  36.658
1467	 CA 	151	 -39.065	   1.512	  -4.428
1477	 CA 	152	 -42.089	   2.178	  -6.699
1497	 CA 	153	 -40.939	   5.790	  -7.636
2201	 CA 	197	 -32.458	   6.432	  -7.712
2279	 CA 	202	 -31.610	   2.615	  -0.091
2324	 CA 	206	 -30.675	  -2.153	   2.499
2373	 CA 	209	 -22.672	  -0.668	  -1.874
2380	 CA 	210	 -21.405	   2.895	  -2.678
5325	 CA 	395	 -25.266	 -18.963	  21.473
5344	 CA 	396	 -26.185	 -16.257	  24.082
5356	 CA 	397	 -26.499	 -13.530	  21.488
5367	 CA 	398	 -23.020	 -11.990	  20.347
6370	 CA 	462	 -17.787	 -13.738	   3.815
6406	 CA 	465	 -19.171	 -17.868	   6.007
6933	 CA 	500	 -13.871	 -13.206	  14.979
6980	 CA 	503	 -14.718	 -14.251	   9.992
21341	CLA 	735	 -22.923	   2.834	   3.408
21342	CLA 	736	 -24.686	  -3.506	 -15.093
21344	CLA 	736	  32.242	  10.943	 -18.302
