786	 CA 	110	 -48.198	  -2.294	  31.986
806	 CA 	111	 -49.979	   0.956	  32.803
821	 CA 	112	 -52.254	   3.609	  31.094
894	 CA 	116	 -59.114	   2.995	  34.396
1467	 CA 	151	 -38.559	   1.992	  -4.234
1477	 CA 	152	 -41.517	   2.848	  -6.680
1497	 CA 	153	 -40.341	   6.526	  -7.160
2201	 CA 	197	 -31.843	   7.348	  -7.957
2279	 CA 	202	 -31.194	   3.530	  -0.344
2324	 CA 	206	 -31.569	  -1.357	   2.905
2373	 CA 	209	 -23.322	  -0.232	  -2.179
2380	 CA 	210	 -22.120	   3.240	  -3.368
5325	 CA 	395	 -25.443	 -18.780	  22.733
5344	 CA 	396	 -29.271	 -18.208	  23.360
5356	 CA 	397	 -28.893	 -14.564	  21.968
5367	 CA 	398	 -26.078	 -12.453	  20.341
6370	 CA 	462	 -18.698	 -12.884	   4.017
6406	 CA 	465	 -19.810	 -16.961	   6.142
6933	 CA 	500	 -14.381	 -12.065	  15.555
6980	 CA 	503	 -15.510	 -13.330	  10.746
21341	CLA 	735	 -21.871	   3.070	   1.492
21342	CLA 	736	 -24.507	  -2.873	 -14.687
21344	CLA 	736	  34.769	   5.401	 -12.939
