786	 CA 	110	 -46.001	  -0.564	  34.692
806	 CA 	111	 -47.539	   2.881	  35.394
821	 CA 	112	 -49.861	   4.965	  33.167
894	 CA 	116	 -55.986	   6.023	  35.034
1467	 CA 	151	 -38.999	   2.550	  -4.569
1477	 CA 	152	 -41.979	   2.864	  -6.979
1497	 CA 	153	 -40.716	   6.343	  -7.907
2201	 CA 	197	 -32.550	   6.979	  -7.928
2279	 CA 	202	 -32.339	   3.341	  -0.192
2324	 CA 	206	 -31.528	  -1.767	   3.017
2373	 CA 	209	 -23.005	  -0.800	  -1.832
2380	 CA 	210	 -22.177	   2.782	  -2.891
5325	 CA 	395	 -26.098	 -18.717	  21.492
5344	 CA 	396	 -26.246	 -16.400	  24.550
5356	 CA 	397	 -26.590	 -13.206	  22.469
5367	 CA 	398	 -23.574	 -11.468	  20.939
6370	 CA 	462	 -18.220	 -13.615	   4.122
6406	 CA 	465	 -19.599	 -17.487	   6.554
6933	 CA 	500	 -14.893	 -12.591	  15.199
6980	 CA 	503	 -15.117	 -13.408	  10.331
21341	CLA 	735	 -23.954	   3.022	   3.433
21342	CLA 	736	 -24.755	  -2.911	 -14.549
21344	CLA 	736	  39.003	   0.982	 -23.890
