786	 CA 	110	 -48.980	  -0.025	  32.997
806	 CA 	111	 -50.907	   3.230	  33.629
821	 CA 	112	 -52.877	   5.178	  31.027
894	 CA 	116	 -57.034	   4.475	  35.432
1467	 CA 	151	 -38.592	   2.707	  -3.564
1477	 CA 	152	 -41.585	   3.293	  -5.929
1497	 CA 	153	 -40.307	   6.828	  -6.521
2201	 CA 	197	 -32.050	   7.732	  -7.505
2279	 CA 	202	 -30.943	   4.222	   0.348
2324	 CA 	206	 -30.891	  -0.919	   3.319
2373	 CA 	209	 -22.549	  -0.167	  -2.115
2380	 CA 	210	 -21.022	   3.034	  -3.299
5325	 CA 	395	 -25.297	 -17.944	  20.994
5344	 CA 	396	 -25.323	 -16.041	  24.432
5356	 CA 	397	 -25.531	 -12.750	  22.321
5367	 CA 	398	 -22.674	 -10.655	  20.868
6370	 CA 	462	 -18.402	 -12.847	   3.915
6406	 CA 	465	 -19.844	 -17.309	   6.066
6933	 CA 	500	 -14.562	 -12.141	  14.963
6980	 CA 	503	 -15.097	 -13.187	  10.269
21341	CLA 	735	 -22.779	   3.300	   3.587
21342	CLA 	736	 -24.687	  -2.007	 -15.123
21344	CLA 	736	  34.257	   4.686	  -9.275
