786	 CA 	110	 -47.973	   1.018	  33.433
806	 CA 	111	 -49.703	   4.425	  33.781
821	 CA 	112	 -52.463	   5.951	  31.563
894	 CA 	116	 -57.897	   5.258	  35.690
1467	 CA 	151	 -38.629	   2.322	  -3.272
1477	 CA 	152	 -41.602	   2.817	  -5.714
1497	 CA 	153	 -40.287	   6.199	  -6.892
2201	 CA 	197	 -32.580	   7.074	  -7.878
2279	 CA 	202	 -31.165	   2.832	  -0.059
2324	 CA 	206	 -30.971	  -1.816	   3.638
2373	 CA 	209	 -22.833	  -0.824	  -1.992
2380	 CA 	210	 -22.187	   2.770	  -3.299
5325	 CA 	395	 -25.077	 -18.197	  21.267
5344	 CA 	396	 -25.999	 -16.300	  24.493
5356	 CA 	397	 -26.012	 -12.794	  22.714
5367	 CA 	398	 -23.093	 -10.734	  21.414
6370	 CA 	462	 -17.869	 -12.917	   4.125
6406	 CA 	465	 -19.243	 -16.914	   6.518
6933	 CA 	500	 -14.216	 -12.068	  15.771
6980	 CA 	503	 -14.755	 -13.285	  10.449
21341	CLA 	735	 -23.179	   2.828	   3.613
21342	CLA 	736	 -25.155	  -2.471	 -14.760
21344	CLA 	736	  35.053	   5.547	 -10.994
