786	 CA 	110	 -44.628	  -2.847	  32.761
806	 CA 	111	 -47.191	  -0.391	  34.109
821	 CA 	112	 -49.301	   2.559	  32.734
894	 CA 	116	 -54.909	   2.031	  37.419
1467	 CA 	151	 -38.634	   2.455	  -4.973
1477	 CA 	152	 -41.772	   3.098	  -7.178
1497	 CA 	153	 -40.540	   6.667	  -7.811
2201	 CA 	197	 -32.101	   7.132	  -8.346
2279	 CA 	202	 -31.562	   3.425	  -0.779
2324	 CA 	206	 -31.099	  -1.713	   2.623
2373	 CA 	209	 -22.928	  -0.519	  -2.204
2380	 CA 	210	 -22.152	   3.121	  -3.147
5325	 CA 	395	 -26.475	 -17.737	  22.184
5344	 CA 	396	 -28.365	 -15.886	  24.915
5356	 CA 	397	 -27.100	 -12.519	  23.869
5367	 CA 	398	 -24.852	 -11.190	  21.180
6370	 CA 	462	 -18.436	 -13.179	   3.604
6406	 CA 	465	 -19.480	 -17.125	   6.038
6933	 CA 	500	 -15.023	 -12.309	  15.234
6980	 CA 	503	 -15.379	 -13.208	  10.301
21341	CLA 	735	 -21.430	   2.709	   1.535
21342	CLA 	736	 -25.100	  -3.151	 -14.807
21344	CLA 	736	  34.169	   5.325	 -11.687
