786	 CA 	110	 -47.983	  -2.015	  32.476
806	 CA 	111	 -50.259	   1.084	  32.706
821	 CA 	112	 -52.019	   3.693	  30.621
894	 CA 	116	 -56.969	   3.730	  35.887
1467	 CA 	151	 -39.029	   1.180	  -4.572
1477	 CA 	152	 -41.876	   1.829	  -6.999
1497	 CA 	153	 -40.822	   5.537	  -7.427
2201	 CA 	197	 -33.018	   6.833	  -8.078
2279	 CA 	202	 -31.748	   3.192	  -0.223
2324	 CA 	206	 -31.164	  -1.573	   3.136
2373	 CA 	209	 -23.151	  -0.373	  -1.898
2380	 CA 	210	 -21.779	   3.039	  -2.799
5325	 CA 	395	 -26.893	 -16.619	  21.274
5344	 CA 	396	 -26.676	 -14.188	  24.300
5356	 CA 	397	 -26.176	 -11.293	  21.790
5367	 CA 	398	 -22.798	  -9.979	  20.524
6370	 CA 	462	 -18.297	 -12.449	   3.973
6406	 CA 	465	 -19.325	 -16.757	   6.098
6933	 CA 	500	 -14.787	 -12.035	  15.632
6980	 CA 	503	 -15.182	 -12.633	  10.384
21341	CLA 	735	 -23.315	   2.768	   2.881
21342	CLA 	736	 -24.901	  -3.073	 -14.087
21344	CLA 	736	  33.918	   6.785	 -10.304
