786	 CA 	110	 -46.268	  -3.675	  35.649
806	 CA 	111	 -47.689	  -0.372	  36.715
821	 CA 	112	 -48.469	   2.527	  34.044
894	 CA 	116	 -55.062	   3.833	  37.538
1467	 CA 	151	 -38.594	   3.756	  -3.669
1477	 CA 	152	 -41.531	   4.581	  -5.871
1497	 CA 	153	 -40.153	   8.069	  -7.008
2201	 CA 	197	 -32.096	   8.218	  -7.657
2279	 CA 	202	 -31.310	   4.612	   0.182
2324	 CA 	206	 -31.176	  -0.342	   3.083
2373	 CA 	209	 -23.001	  -0.086	  -2.356
2380	 CA 	210	 -21.429	   3.360	  -2.733
5325	 CA 	395	 -26.671	 -16.505	  21.697
5344	 CA 	396	 -26.669	 -13.661	  24.290
5356	 CA 	397	 -26.610	 -11.061	  21.463
5367	 CA 	398	 -23.464	  -9.975	  19.533
6370	 CA 	462	 -18.240	 -12.777	   3.956
6406	 CA 	465	 -20.067	 -16.638	   6.549
6933	 CA 	500	 -14.493	 -12.091	  15.180
6980	 CA 	503	 -15.351	 -12.937	  10.189
21341	CLA 	735	 -23.426	   3.253	   2.987
21342	CLA 	736	 -24.756	  -2.502	 -15.105
21344	CLA 	736	  32.831	   7.159	 -15.221
