786	 CA 	110	 -48.431	  -2.546	  32.790
806	 CA 	111	 -50.540	   0.201	  34.307
821	 CA 	112	 -51.600	   3.737	  33.222
894	 CA 	116	 -58.081	   3.442	  36.663
1467	 CA 	151	 -38.761	   1.674	  -3.844
1477	 CA 	152	 -41.707	   2.577	  -6.030
1497	 CA 	153	 -40.185	   6.065	  -6.778
2201	 CA 	197	 -31.875	   7.438	  -7.963
2279	 CA 	202	 -31.360	   3.324	  -0.199
2324	 CA 	206	 -31.186	  -1.678	   3.100
2373	 CA 	209	 -22.721	  -0.584	  -2.231
2380	 CA 	210	 -21.965	   2.995	  -3.073
5325	 CA 	395	 -26.250	 -17.570	  21.153
5344	 CA 	396	 -26.234	 -14.941	  23.959
5356	 CA 	397	 -25.509	 -12.059	  21.399
5367	 CA 	398	 -22.227	 -10.807	  20.064
6370	 CA 	462	 -18.277	 -13.382	   3.808
6406	 CA 	465	 -19.251	 -17.428	   6.009
6933	 CA 	500	 -14.236	 -13.301	  15.442
6980	 CA 	503	 -15.017	 -13.496	  10.245
21341	CLA 	735	 -22.986	   2.900	   3.675
21342	CLA 	736	 -24.396	  -2.854	 -14.882
21344	CLA 	736	  37.082	   5.484	 -14.293
