786	 CA 	110	 -44.327	   0.270	  35.139
806	 CA 	111	 -46.946	   3.010	  36.255
821	 CA 	112	 -49.249	   5.363	  34.205
894	 CA 	116	 -54.785	   5.068	  37.129
1467	 CA 	151	 -38.624	   2.923	  -3.957
1477	 CA 	152	 -41.709	   3.530	  -6.292
1497	 CA 	153	 -40.383	   6.889	  -7.328
2201	 CA 	197	 -32.199	   7.508	  -7.863
2279	 CA 	202	 -31.796	   3.424	  -0.021
2324	 CA 	206	 -30.826	  -1.852	   3.233
2373	 CA 	209	 -23.076	  -0.339	  -2.489
2380	 CA 	210	 -21.745	   3.211	  -3.107
5325	 CA 	395	 -25.651	 -16.471	  22.063
5344	 CA 	396	 -25.962	 -13.967	  24.888
5356	 CA 	397	 -25.982	 -10.937	  22.537
5367	 CA 	398	 -22.606	 -10.003	  21.353
6370	 CA 	462	 -18.495	 -12.544	   4.056
6406	 CA 	465	 -19.911	 -16.788	   6.208
6933	 CA 	500	 -14.360	 -12.475	  15.208
6980	 CA 	503	 -15.322	 -13.393	  10.158
21341	CLA 	735	 -23.575	   3.498	   2.537
21342	CLA 	736	 -24.597	  -2.849	 -15.179
21344	CLA 	736	  33.324	   6.524	 -18.096
