786	 CA 	110	 -47.882	  -2.234	  33.451
806	 CA 	111	 -50.024	   0.567	  34.958
821	 CA 	112	 -51.293	   3.808	  33.440
894	 CA 	116	 -57.858	   3.482	  37.452
1467	 CA 	151	 -38.578	   2.255	  -3.985
1477	 CA 	152	 -41.547	   2.508	  -6.317
1497	 CA 	153	 -40.282	   5.887	  -7.398
2201	 CA 	197	 -32.265	   7.122	  -8.270
2279	 CA 	202	 -31.559	   3.518	  -0.447
2324	 CA 	206	 -31.048	  -1.374	   2.837
2373	 CA 	209	 -23.167	  -0.507	  -2.530
2380	 CA 	210	 -22.292	   3.148	  -3.406
5325	 CA 	395	 -25.408	 -16.958	  20.828
5344	 CA 	396	 -25.680	 -14.472	  23.794
5356	 CA 	397	 -25.167	 -11.566	  21.313
5367	 CA 	398	 -21.754	 -10.456	  19.721
6370	 CA 	462	 -17.721	 -12.855	   3.654
6406	 CA 	465	 -19.033	 -17.153	   6.090
6933	 CA 	500	 -13.826	 -12.367	  14.983
6980	 CA 	503	 -14.377	 -13.220	  10.068
21341	CLA 	735	 -22.383	   3.433	   3.796
21342	CLA 	736	 -24.446	  -2.633	 -15.517
21344	CLA 	736	  36.548	   5.521	 -15.723
