786	 CA 	110	 -47.831	   1.221	  35.313
806	 CA 	111	 -50.876	   3.201	  36.551
821	 CA 	112	 -52.813	   5.509	  34.279
894	 CA 	116	 -58.384	   2.212	  37.512
1467	 CA 	151	 -39.216	   2.123	  -3.808
1477	 CA 	152	 -42.008	   2.778	  -6.298
1497	 CA 	153	 -40.479	   6.216	  -6.925
2201	 CA 	197	 -32.044	   6.903	  -7.453
2279	 CA 	202	 -31.268	   3.665	   0.498
2324	 CA 	206	 -30.843	  -1.031	   4.007
2373	 CA 	209	 -22.951	  -0.235	  -1.250
2380	 CA 	210	 -22.032	   2.997	  -2.896
5325	 CA 	395	 -23.918	 -17.966	  23.049
5344	 CA 	396	 -23.499	 -15.527	  25.864
5356	 CA 	397	 -24.070	 -12.525	  23.434
5367	 CA 	398	 -21.733	 -10.841	  20.919
6370	 CA 	462	 -17.985	 -13.061	   4.576
6406	 CA 	465	 -19.705	 -17.069	   7.098
6933	 CA 	500	 -13.320	 -12.651	  15.521
6980	 CA 	503	 -14.391	 -13.666	  10.759
21341	CLA 	735	 -23.345	   3.438	   4.909
21342	CLA 	736	 -24.335	  -2.499	 -14.899
21344	CLA 	736	  26.181	  55.724	 -29.261
