786	 CA 	110	 -48.732	   0.962	  32.669
806	 CA 	111	 -50.760	   4.045	  33.692
821	 CA 	112	 -52.672	   6.945	  32.044
894	 CA 	116	 -59.240	   5.561	  34.791
1467	 CA 	151	 -38.924	   1.570	  -4.169
1477	 CA 	152	 -41.806	   2.552	  -6.583
1497	 CA 	153	 -40.433	   6.021	  -7.252
2201	 CA 	197	 -32.090	   6.998	  -7.923
2279	 CA 	202	 -31.029	   3.815	   0.032
2324	 CA 	206	 -31.233	  -0.948	   2.667
2373	 CA 	209	 -22.773	  -0.308	  -2.048
2380	 CA 	210	 -22.011	   3.233	  -3.172
5325	 CA 	395	 -24.478	 -18.538	  25.200
5344	 CA 	396	 -28.186	 -18.053	  24.656
5356	 CA 	397	 -29.311	 -14.763	  23.188
5367	 CA 	398	 -26.659	 -13.213	  20.852
6370	 CA 	462	 -17.943	 -12.672	   4.434
6406	 CA 	465	 -19.978	 -16.567	   6.664
6933	 CA 	500	 -14.713	 -12.128	  15.314
6980	 CA 	503	 -15.061	 -13.191	  10.499
21341	CLA 	735	 -21.665	   3.239	   1.846
21342	CLA 	736	 -23.965	  -2.471	 -15.115
21344	CLA 	736	  34.128	   3.793	 -12.808
