786	 CA 	110	 -44.752	   0.724	  34.853
806	 CA 	111	 -46.557	   4.020	  35.643
821	 CA 	112	 -48.981	   5.965	  33.340
894	 CA 	116	 -56.791	   5.987	  36.841
1467	 CA 	151	 -38.052	   3.007	  -4.046
1477	 CA 	152	 -40.990	   3.918	  -6.419
1497	 CA 	153	 -39.409	   7.341	  -7.162
2201	 CA 	197	 -31.286	   7.417	  -7.483
2279	 CA 	202	 -30.460	   3.773	   0.555
2324	 CA 	206	 -30.814	  -0.344	   4.502
2373	 CA 	209	 -23.118	  -0.376	  -1.046
2380	 CA 	210	 -21.871	   3.050	  -2.509
5325	 CA 	395	 -26.063	 -15.045	  22.656
5344	 CA 	396	 -25.926	 -12.611	  25.594
5356	 CA 	397	 -25.422	  -9.971	  22.824
5367	 CA 	398	 -22.372	  -8.823	  20.956
6370	 CA 	462	 -17.975	 -12.499	   4.707
6406	 CA 	465	 -19.653	 -16.439	   7.138
6933	 CA 	500	 -13.511	 -11.956	  15.396
6980	 CA 	503	 -14.835	 -12.998	  10.729
21341	CLA 	735	 -22.299	   3.346	   4.277
21342	CLA 	736	 -24.486	  -2.793	 -14.944
21344	CLA 	736	  19.885	  24.134	 -41.412
