786	 CA 	110	 -46.032	  -0.875	  32.814
806	 CA 	111	 -47.895	   1.902	  34.442
821	 CA 	112	 -50.247	   4.281	  32.660
894	 CA 	116	 -55.669	   3.396	  36.991
1467	 CA 	151	 -39.115	   1.711	  -4.206
1477	 CA 	152	 -42.085	   2.419	  -6.663
1497	 CA 	153	 -40.561	   6.004	  -7.255
2201	 CA 	197	 -32.591	   7.141	  -8.152
2279	 CA 	202	 -31.963	   3.343	  -0.426
2324	 CA 	206	 -31.877	  -1.040	   3.608
2373	 CA 	209	 -23.535	   0.145	  -1.967
2380	 CA 	210	 -22.140	   3.245	  -3.441
5325	 CA 	395	 -26.752	 -17.818	  21.695
5344	 CA 	396	 -28.907	 -15.811	  24.155
5356	 CA 	397	 -27.826	 -12.304	  22.895
5367	 CA 	398	 -24.664	 -10.976	  21.213
6370	 CA 	462	 -18.282	 -12.529	   4.398
6406	 CA 	465	 -19.462	 -16.842	   6.522
6933	 CA 	500	 -14.659	 -12.191	  15.596
6980	 CA 	503	 -14.949	 -12.898	  10.803
21341	CLA 	735	 -21.631	   3.165	   1.585
21342	CLA 	736	 -24.005	  -2.256	 -15.111
21344	CLA 	736	  34.528	   5.341	  -9.722
