786	 CA 	110	 -47.483	  -3.664	  33.113
806	 CA 	111	 -49.239	  -0.705	  34.632
821	 CA 	112	 -49.726	   2.874	  33.415
894	 CA 	116	 -57.130	   4.576	  35.331
1467	 CA 	151	 -38.241	   2.721	  -3.795
1477	 CA 	152	 -41.174	   3.091	  -6.191
1497	 CA 	153	 -40.107	   6.780	  -7.021
2201	 CA 	197	 -32.012	   7.567	  -7.650
2279	 CA 	202	 -31.138	   3.417	   0.013
2324	 CA 	206	 -30.709	  -1.651	   2.813
2373	 CA 	209	 -22.547	  -0.576	  -2.239
2380	 CA 	210	 -21.619	   3.074	  -2.888
5325	 CA 	395	 -27.369	 -17.127	  20.564
5344	 CA 	396	 -27.812	 -14.727	  23.530
5356	 CA 	397	 -27.031	 -11.523	  21.555
5367	 CA 	398	 -24.852	 -10.079	  18.633
6370	 CA 	462	 -18.045	 -13.254	   3.822
6406	 CA 	465	 -19.605	 -17.167	   6.110
6933	 CA 	500	 -14.204	 -12.469	  14.679
6980	 CA 	503	 -15.029	 -13.412	  10.095
21341	CLA 	735	 -22.619	   3.241	   3.345
21342	CLA 	736	 -24.293	  -2.716	 -15.182
21344	CLA 	736	  36.178	   7.394	 -14.154
