786	 CA 	110	 -49.367	  -3.541	  32.459
806	 CA 	111	 -50.892	  -0.510	  34.336
821	 CA 	112	 -52.799	   2.506	  32.908
894	 CA 	116	 -58.285	   2.468	  36.360
1467	 CA 	151	 -39.117	   1.836	  -4.482
1477	 CA 	152	 -42.049	   2.697	  -6.767
1497	 CA 	153	 -40.632	   6.246	  -7.228
2201	 CA 	197	 -32.281	   7.353	  -8.416
2279	 CA 	202	 -31.757	   3.087	  -0.915
2324	 CA 	206	 -31.470	  -1.955	   2.439
2373	 CA 	209	 -23.048	  -0.632	  -2.630
2380	 CA 	210	 -22.148	   3.049	  -3.128
5325	 CA 	395	 -27.328	 -17.409	  19.928
5344	 CA 	396	 -27.146	 -15.171	  22.931
5356	 CA 	397	 -26.319	 -12.212	  20.451
5367	 CA 	398	 -22.886	 -10.986	  19.074
6370	 CA 	462	 -17.807	 -13.128	   3.549
6406	 CA 	465	 -19.179	 -17.397	   5.485
6933	 CA 	500	 -14.660	 -13.297	  14.684
6980	 CA 	503	 -14.902	 -13.680	   9.755
21341	CLA 	735	 -24.357	   3.135	   4.374
21342	CLA 	736	 -24.491	  -2.741	 -15.331
21344	CLA 	736	  36.528	   4.095	 -12.035
