786	 CA 	110	 -47.952	  -2.199	  31.519
806	 CA 	111	 -50.723	   0.237	  32.480
821	 CA 	112	 -52.520	   3.169	  30.845
894	 CA 	116	 -60.187	   2.724	  33.430
1467	 CA 	151	 -38.940	   2.066	  -4.783
1477	 CA 	152	 -41.877	   2.743	  -7.152
1497	 CA 	153	 -40.844	   6.396	  -7.523
2201	 CA 	197	 -32.330	   7.616	  -8.568
2279	 CA 	202	 -31.010	   3.975	  -0.838
2324	 CA 	206	 -31.855	  -1.486	   2.404
2373	 CA 	209	 -22.993	  -0.167	  -2.377
2380	 CA 	210	 -22.332	   3.377	  -3.583
5325	 CA 	395	 -26.586	 -18.031	  22.573
5344	 CA 	396	 -30.199	 -17.126	  23.094
5356	 CA 	397	 -29.700	 -13.728	  21.488
5367	 CA 	398	 -26.651	 -11.573	  20.570
6370	 CA 	462	 -18.223	 -12.374	   3.773
6406	 CA 	465	 -19.740	 -16.873	   5.624
6933	 CA 	500	 -14.911	 -12.200	  15.007
6980	 CA 	503	 -15.869	 -13.433	  10.358
21341	CLA 	735	 -21.925	   3.284	   1.505
21342	CLA 	736	 -24.891	  -2.642	 -14.957
21344	CLA 	736	  33.864	   5.695	  -8.023
