786	 CA 	110	 -44.417	   0.934	  35.129
806	 CA 	111	 -47.723	   2.449	  36.001
821	 CA 	112	 -50.380	   4.360	  34.250
894	 CA 	116	 -57.159	   2.830	  37.522
1467	 CA 	151	 -38.895	   2.357	  -3.967
1477	 CA 	152	 -41.615	   2.834	  -6.678
1497	 CA 	153	 -40.418	   6.413	  -7.277
2201	 CA 	197	 -32.477	   6.782	  -7.515
2279	 CA 	202	 -31.502	   2.848	  -0.023
2324	 CA 	206	 -30.791	  -1.384	   3.621
2373	 CA 	209	 -23.104	  -0.304	  -1.629
2380	 CA 	210	 -22.276	   3.056	  -3.177
5325	 CA 	395	 -25.382	 -17.527	  22.581
5344	 CA 	396	 -24.262	 -15.459	  25.653
5356	 CA 	397	 -24.454	 -12.190	  23.611
5367	 CA 	398	 -21.937	 -10.195	  21.702
6370	 CA 	462	 -17.988	 -12.924	   4.267
6406	 CA 	465	 -19.452	 -16.762	   6.683
6933	 CA 	500	 -13.824	 -12.271	  15.202
6980	 CA 	503	 -14.694	 -13.200	  10.513
21341	CLA 	735	 -22.864	   3.094	   3.648
21342	CLA 	736	 -24.810	  -2.761	 -15.205
21344	CLA 	736	  20.861	  43.930	 -35.080
