786	 CA 	110	 -48.707	   4.289	  35.566
806	 CA 	111	 -51.097	   6.622	  37.181
821	 CA 	112	 -53.806	   8.084	  34.816
894	 CA 	116	 -61.059	   4.708	  34.527
1467	 CA 	151	 -38.811	   2.118	  -2.169
1477	 CA 	152	 -41.830	   2.652	  -4.477
1497	 CA 	153	 -40.658	   6.169	  -5.191
2201	 CA 	197	 -32.245	   6.318	  -7.092
2279	 CA 	202	 -30.684	   3.930	   1.092
2324	 CA 	206	 -29.939	  -0.531	   3.753
2373	 CA 	209	 -22.715	  -0.304	  -2.144
2380	 CA 	210	 -21.305	   3.245	  -2.593
5325	 CA 	395	 -21.084	 -18.745	  26.237
5344	 CA 	396	 -24.808	 -19.169	  25.478
5356	 CA 	397	 -25.903	 -15.977	  23.590
5367	 CA 	398	 -23.626	 -13.407	  22.032
6370	 CA 	462	 -17.229	 -12.273	   4.397
6406	 CA 	465	 -18.751	 -15.943	   7.338
6933	 CA 	500	 -13.012	 -11.278	  15.135
6980	 CA 	503	 -14.054	 -12.352	  10.581
21341	CLA 	735	 -19.425	   0.294	  -0.371
21342	CLA 	736	 -24.914	  -2.578	 -14.793
21344	CLA 	736	  29.236	   1.490	 -15.461
