786	 CA 	110	 -46.144	  -1.898	  33.146
806	 CA 	111	 -48.339	   1.101	  34.488
821	 CA 	112	 -50.198	   3.858	  32.460
894	 CA 	116	 -56.009	   4.135	  37.071
1467	 CA 	151	 -38.740	   1.822	  -3.922
1477	 CA 	152	 -41.567	   2.651	  -6.403
1497	 CA 	153	 -40.224	   6.219	  -6.746
2201	 CA 	197	 -32.159	   7.397	  -7.844
2279	 CA 	202	 -31.274	   3.319	  -0.218
2324	 CA 	206	 -30.924	  -1.594	   3.106
2373	 CA 	209	 -22.883	  -0.674	  -1.729
2380	 CA 	210	 -22.357	   2.821	  -3.265
5325	 CA 	395	 -26.987	 -17.975	  22.824
5344	 CA 	396	 -28.310	 -16.088	  25.861
5356	 CA 	397	 -27.643	 -12.533	  24.877
5367	 CA 	398	 -25.353	 -10.984	  22.231
6370	 CA 	462	 -18.077	 -12.886	   4.285
6406	 CA 	465	 -19.142	 -16.925	   6.690
6933	 CA 	500	 -14.633	 -12.419	  15.398
6980	 CA 	503	 -14.947	 -13.221	  10.623
21341	CLA 	735	 -22.037	   2.446	   2.182
21342	CLA 	736	 -24.516	  -3.161	 -14.603
21344	CLA 	736	  32.128	   5.436	 -11.393
