786	 CA 	110	 -45.744	  -1.430	  34.643
806	 CA 	111	 -48.513	   1.045	  35.381
821	 CA 	112	 -50.153	   3.855	  33.539
894	 CA 	116	 -56.570	   2.193	  36.742
1467	 CA 	151	 -38.754	   2.463	  -4.096
1477	 CA 	152	 -41.947	   2.533	  -6.133
1497	 CA 	153	 -40.986	   6.102	  -7.121
2201	 CA 	197	 -32.272	   6.522	  -7.849
2279	 CA 	202	 -31.993	   3.131	   0.146
2324	 CA 	206	 -30.732	  -2.139	   2.980
2373	 CA 	209	 -23.194	  -0.435	  -2.176
2380	 CA 	210	 -22.171	   3.175	  -3.199
5325	 CA 	395	 -25.384	 -17.008	  22.030
5344	 CA 	396	 -25.298	 -14.843	  25.163
5356	 CA 	397	 -25.863	 -11.837	  22.657
5367	 CA 	398	 -22.851	 -10.483	  20.632
6370	 CA 	462	 -18.221	 -13.014	   4.290
6406	 CA 	465	 -19.203	 -17.327	   6.614
6933	 CA 	500	 -13.950	 -12.446	  15.367
6980	 CA 	503	 -14.749	 -13.455	  10.573
21341	CLA 	735	 -23.407	   3.062	   2.926
21342	CLA 	736	 -24.629	  -3.321	 -14.947
21344	CLA 	736	  31.197	   9.221	 -17.015
