786	 CA 	110	 -45.438	   3.209	  34.618
806	 CA 	111	 -48.719	   4.802	  35.577
821	 CA 	112	 -51.630	   7.034	  34.416
894	 CA 	116	 -57.596	   3.845	  38.190
1467	 CA 	151	 -39.062	   2.774	  -3.729
1477	 CA 	152	 -42.079	   3.226	  -5.966
1497	 CA 	153	 -40.715	   6.821	  -6.887
2201	 CA 	197	 -32.190	   6.514	  -7.488
2279	 CA 	202	 -31.502	   3.010	   0.404
2324	 CA 	206	 -30.929	  -1.503	   4.000
2373	 CA 	209	 -22.556	   0.125	  -0.947
2380	 CA 	210	 -21.739	   2.994	  -3.011
5325	 CA 	395	 -24.374	 -17.336	  22.628
5344	 CA 	396	 -23.675	 -15.335	  25.722
5356	 CA 	397	 -24.125	 -11.975	  23.540
5367	 CA 	398	 -21.511	  -9.932	  21.655
6370	 CA 	462	 -18.160	 -12.758	   4.316
6406	 CA 	465	 -19.771	 -16.713	   6.786
6933	 CA 	500	 -13.473	 -12.075	  15.025
6980	 CA 	503	 -14.583	 -12.968	  10.452
21341	CLA 	735	 -23.215	   3.105	   3.698
21342	CLA 	736	 -24.899	  -3.032	 -14.690
21344	CLA 	736	  19.946	  47.331	 -41.778
