786	 CA 	110	 -44.778	  -1.048	  33.960
806	 CA 	111	 -47.418	   1.642	  34.843
821	 CA 	112	 -49.082	   4.363	  32.613
894	 CA 	116	 -54.777	   4.248	  37.455
1467	 CA 	151	 -38.275	   2.180	  -3.439
1477	 CA 	152	 -41.231	   2.542	  -5.970
1497	 CA 	153	 -39.984	   6.018	  -6.867
2201	 CA 	197	 -31.966	   6.867	  -7.786
2279	 CA 	202	 -30.682	   3.367	   0.177
2324	 CA 	206	 -30.509	  -1.156	   3.104
2373	 CA 	209	 -22.725	  -0.537	  -1.910
2380	 CA 	210	 -22.012	   3.121	  -2.990
5325	 CA 	395	 -25.857	 -18.259	  22.376
5344	 CA 	396	 -27.670	 -15.962	  24.915
5356	 CA 	397	 -27.132	 -12.249	  24.157
5367	 CA 	398	 -24.992	 -10.505	  21.583
6370	 CA 	462	 -18.214	 -12.810	   4.121
6406	 CA 	465	 -18.960	 -17.042	   6.372
6933	 CA 	500	 -14.260	 -12.217	  15.407
6980	 CA 	503	 -14.709	 -13.283	  10.522
21341	CLA 	735	 -21.297	   3.194	   2.086
21342	CLA 	736	 -24.793	  -3.090	 -14.329
21344	CLA 	736	  33.749	   4.640	 -12.042
