786	 CA 	110	 -45.180	  -4.483	  32.822
806	 CA 	111	 -46.773	  -1.976	  35.226
821	 CA 	112	 -48.499	   1.435	  34.294
894	 CA 	116	 -55.766	   1.942	  36.897
1467	 CA 	151	 -38.719	   2.770	  -4.455
1477	 CA 	152	 -41.616	   3.170	  -6.880
1497	 CA 	153	 -40.285	   6.807	  -7.626
2201	 CA 	197	 -32.245	   7.298	  -8.397
2279	 CA 	202	 -31.480	   3.448	  -0.398
2324	 CA 	206	 -31.284	  -1.085	   2.491
2373	 CA 	209	 -22.633	  -0.198	  -2.973
2380	 CA 	210	 -21.769	   3.532	  -3.256
5325	 CA 	395	 -26.856	 -17.502	  20.661
5344	 CA 	396	 -27.162	 -15.190	  23.738
5356	 CA 	397	 -26.563	 -12.265	  21.340
5367	 CA 	398	 -23.349	 -10.772	  20.054
6370	 CA 	462	 -18.100	 -12.581	   3.488
6406	 CA 	465	 -19.055	 -16.974	   5.829
6933	 CA 	500	 -14.516	 -12.795	  14.882
6980	 CA 	503	 -14.997	 -13.696	  10.043
21341	CLA 	735	 -23.579	   2.119	   2.890
21342	CLA 	736	 -24.219	  -2.653	 -15.033
21344	CLA 	736	  34.929	   7.669	 -13.944
