786	 CA 	110	 -47.730	  -3.779	  33.489
806	 CA 	111	 -50.363	  -0.959	  33.677
821	 CA 	112	 -51.830	   1.864	  31.427
894	 CA 	116	 -57.802	   2.353	  36.207
1467	 CA 	151	 -38.763	   1.488	  -3.671
1477	 CA 	152	 -41.542	   1.947	  -6.150
1497	 CA 	153	 -40.566	   5.599	  -6.984
2201	 CA 	197	 -32.397	   6.835	  -7.799
2279	 CA 	202	 -31.394	   3.435	  -0.164
2324	 CA 	206	 -31.496	  -1.605	   2.925
2373	 CA 	209	 -22.989	  -0.071	  -1.967
2380	 CA 	210	 -22.037	   3.429	  -3.095
5325	 CA 	395	 -26.415	 -17.247	  20.984
5344	 CA 	396	 -25.303	 -14.694	  23.552
5356	 CA 	397	 -25.989	 -11.869	  20.984
5367	 CA 	398	 -23.003	 -10.374	  19.158
6370	 CA 	462	 -18.231	 -13.239	   3.638
6406	 CA 	465	 -18.855	 -17.332	   6.036
6933	 CA 	500	 -14.507	 -12.207	  15.168
6980	 CA 	503	 -14.941	 -13.021	  10.143
21341	CLA 	735	 -23.641	   2.669	   3.163
21342	CLA 	736	 -23.868	  -2.450	 -15.103
21344	CLA 	736	  36.364	   5.812	 -12.598
