786	 CA 	110	 -48.082	  -2.529	  31.464
806	 CA 	111	 -49.920	   0.601	  32.665
821	 CA 	112	 -51.776	   3.538	  31.171
894	 CA 	116	 -58.467	   2.165	  34.642
1467	 CA 	151	 -39.083	   2.643	  -4.780
1477	 CA 	152	 -42.066	   3.113	  -7.275
1497	 CA 	153	 -40.881	   6.672	  -7.889
2201	 CA 	197	 -32.315	   7.492	  -8.396
2279	 CA 	202	 -31.767	   3.812	  -0.506
2324	 CA 	206	 -31.654	  -0.914	   2.286
2373	 CA 	209	 -23.054	  -0.123	  -2.401
2380	 CA 	210	 -22.262	   3.277	  -3.734
5325	 CA 	395	 -26.778	 -17.839	  22.855
5344	 CA 	396	 -30.423	 -16.766	  23.165
5356	 CA 	397	 -29.037	 -13.389	  22.045
5367	 CA 	398	 -25.606	 -12.083	  20.850
6370	 CA 	462	 -18.548	 -12.793	   3.958
6406	 CA 	465	 -20.050	 -17.045	   5.929
6933	 CA 	500	 -15.324	 -12.382	  14.768
6980	 CA 	503	 -15.620	 -13.096	  10.341
21341	CLA 	735	 -21.878	   3.042	   1.795
21342	CLA 	736	 -24.691	  -3.021	 -15.247
21344	CLA 	736	  33.773	   5.667	  -9.681
