786	 CA 	110	 -45.865	  -2.925	  32.915
806	 CA 	111	 -48.057	  -0.742	  35.221
821	 CA 	112	 -49.523	   2.737	  34.407
894	 CA 	116	 -56.692	   3.872	  36.675
1467	 CA 	151	 -38.952	   2.697	  -3.846
1477	 CA 	152	 -41.788	   3.678	  -6.223
1497	 CA 	153	 -40.622	   7.305	  -6.665
2201	 CA 	197	 -31.738	   7.273	  -7.581
2279	 CA 	202	 -31.386	   3.671	   0.213
2324	 CA 	206	 -31.253	  -1.179	   2.994
2373	 CA 	209	 -22.880	  -0.167	  -2.252
2380	 CA 	210	 -21.317	   3.091	  -2.902
5325	 CA 	395	 -27.217	 -17.360	  21.230
5344	 CA 	396	 -27.519	 -14.519	  23.761
5356	 CA 	397	 -27.269	 -11.886	  20.880
5367	 CA 	398	 -24.157	 -10.074	  19.503
6370	 CA 	462	 -18.611	 -13.716	   3.583
6406	 CA 	465	 -19.919	 -17.626	   5.880
6933	 CA 	500	 -15.069	 -12.418	  14.962
6980	 CA 	503	 -15.292	 -13.326	   9.985
21341	CLA 	735	 -22.315	   3.526	   3.295
21342	CLA 	736	 -24.061	  -2.677	 -14.979
21344	CLA 	736	  33.927	   6.478	 -16.147
