786	 CA 	110	 -45.994	  -3.824	  32.361
806	 CA 	111	 -48.369	  -1.211	  33.979
821	 CA 	112	 -49.973	   1.805	  32.461
894	 CA 	116	 -56.118	   1.325	  36.733
1467	 CA 	151	 -38.903	   1.615	  -4.417
1477	 CA 	152	 -41.667	   2.102	  -6.957
1497	 CA 	153	 -40.630	   5.830	  -7.584
2201	 CA 	197	 -32.403	   7.083	  -8.700
2279	 CA 	202	 -31.458	   3.452	  -0.916
2324	 CA 	206	 -31.496	  -1.637	   2.560
2373	 CA 	209	 -22.998	  -0.353	  -2.431
2380	 CA 	210	 -22.104	   3.206	  -3.353
5325	 CA 	395	 -25.716	 -17.898	  22.458
5344	 CA 	396	 -27.288	 -16.304	  25.620
5356	 CA 	397	 -26.151	 -13.011	  23.928
5367	 CA 	398	 -23.967	 -11.657	  21.171
6370	 CA 	462	 -18.251	 -12.484	   3.934
6406	 CA 	465	 -19.494	 -16.802	   6.058
6933	 CA 	500	 -14.609	 -12.523	  15.307
6980	 CA 	503	 -14.971	 -13.370	  10.198
21341	CLA 	735	 -21.339	   2.880	   1.493
21342	CLA 	736	 -25.279	  -2.569	 -15.345
21344	CLA 	736	  33.658	   6.121	 -10.271
