786	 CA 	110	 -44.295	  -0.915	  34.481
806	 CA 	111	 -46.198	   2.337	  35.444
821	 CA 	112	 -48.920	   4.047	  33.276
894	 CA 	116	 -54.521	   3.065	  36.567
1467	 CA 	151	 -39.017	   1.511	  -4.433
1477	 CA 	152	 -41.939	   1.814	  -6.962
1497	 CA 	153	 -40.608	   5.353	  -7.716
2201	 CA 	197	 -33.029	   6.393	  -7.949
2279	 CA 	202	 -32.124	   2.447	  -0.620
2324	 CA 	206	 -31.171	  -2.592	   3.741
2373	 CA 	209	 -23.273	  -0.305	  -1.531
2380	 CA 	210	 -22.508	   2.981	  -3.013
5325	 CA 	395	 -26.449	 -17.706	  21.413
5344	 CA 	396	 -26.590	 -15.548	  24.500
5356	 CA 	397	 -26.476	 -12.074	  22.707
5367	 CA 	398	 -23.115	 -10.714	  21.220
6370	 CA 	462	 -17.829	 -13.249	   4.040
6406	 CA 	465	 -19.207	 -17.328	   6.515
6933	 CA 	500	 -14.508	 -12.730	  15.251
6980	 CA 	503	 -14.884	 -13.683	  10.626
21341	CLA 	735	 -24.027	   2.958	   2.849
21342	CLA 	736	 -24.331	  -2.970	 -14.816
21344	CLA 	736	  37.375	  -0.002	 -26.376
