786	 CA 	110	 -46.237	  -1.713	  31.918
806	 CA 	111	 -47.841	   1.636	  33.181
821	 CA 	112	 -49.936	   4.450	  31.427
894	 CA 	116	 -57.325	   4.746	  34.877
1467	 CA 	151	 -38.922	   0.699	  -4.550
1477	 CA 	152	 -41.874	   1.780	  -6.824
1497	 CA 	153	 -40.589	   5.349	  -7.031
2201	 CA 	197	 -32.236	   6.480	  -8.061
2279	 CA 	202	 -31.206	   3.229	  -0.089
2324	 CA 	206	 -31.342	  -1.308	   3.455
2373	 CA 	209	 -22.764	  -0.447	  -2.089
2380	 CA 	210	 -22.129	   3.273	  -2.922
5325	 CA 	395	 -23.466	 -18.215	  23.689
5344	 CA 	396	 -27.209	 -17.492	  24.610
5356	 CA 	397	 -27.207	 -14.333	  22.425
5367	 CA 	398	 -24.817	 -12.268	  20.275
6370	 CA 	462	 -17.411	 -12.959	   4.773
6406	 CA 	465	 -18.890	 -16.671	   7.259
6933	 CA 	500	 -13.236	 -11.804	  15.777
6980	 CA 	503	 -14.050	 -13.019	  10.886
21341	CLA 	735	 -20.809	   1.602	   0.622
21342	CLA 	736	 -24.244	  -2.974	 -14.937
21344	CLA 	736	  31.846	   6.848	 -13.555
