786	 CA 	110	 -44.015	  -2.436	  34.511
806	 CA 	111	 -46.258	   0.388	  36.013
821	 CA 	112	 -47.457	   3.535	  34.342
894	 CA 	116	 -54.021	   4.348	  36.292
1467	 CA 	151	 -37.918	   2.429	  -3.604
1477	 CA 	152	 -40.798	   2.799	  -6.151
1497	 CA 	153	 -39.560	   6.280	  -7.086
2201	 CA 	197	 -31.272	   7.068	  -7.434
2279	 CA 	202	 -31.088	   2.965	   0.481
2324	 CA 	206	 -31.210	  -1.148	   4.363
2373	 CA 	209	 -22.901	  -0.202	  -0.848
2380	 CA 	210	 -21.694	   2.671	  -3.110
5325	 CA 	395	 -25.016	 -17.419	  22.563
5344	 CA 	396	 -23.977	 -15.108	  25.501
5356	 CA 	397	 -24.550	 -12.049	  23.059
5367	 CA 	398	 -22.172	  -9.975	  20.857
6370	 CA 	462	 -18.040	 -12.957	   4.924
6406	 CA 	465	 -19.750	 -17.068	   7.274
6933	 CA 	500	 -13.227	 -12.166	  15.627
6980	 CA 	503	 -14.895	 -13.243	  10.761
21341	CLA 	735	 -23.141	   3.226	   4.391
21342	CLA 	736	 -24.518	  -3.370	 -14.184
21344	CLA 	736	  28.185	  16.686	 -46.563
