786	 CA 	110	 -49.123	  -3.054	  31.874
806	 CA 	111	 -51.872	  -0.357	  32.361
821	 CA 	112	 -53.465	   2.240	  30.123
894	 CA 	116	 -58.344	   1.687	  34.082
1467	 CA 	151	 -39.160	   1.661	  -4.755
1477	 CA 	152	 -42.125	   2.231	  -7.195
1497	 CA 	153	 -40.914	   5.735	  -7.874
2201	 CA 	197	 -32.726	   6.797	  -8.298
2279	 CA 	202	 -31.797	   3.115	  -0.757
2324	 CA 	206	 -31.464	  -1.613	   2.384
2373	 CA 	209	 -23.009	  -0.175	  -1.881
2380	 CA 	210	 -22.117	   3.311	  -3.066
5325	 CA 	395	 -27.003	 -16.722	  20.633
5344	 CA 	396	 -27.464	 -14.290	  23.733
5356	 CA 	397	 -26.604	 -11.439	  21.247
5367	 CA 	398	 -22.893	 -10.358	  20.478
6370	 CA 	462	 -18.427	 -12.243	   3.884
6406	 CA 	465	 -19.852	 -16.581	   6.016
6933	 CA 	500	 -15.168	 -12.152	  15.571
6980	 CA 	503	 -15.511	 -13.126	  10.416
21341	CLA 	735	 -23.381	   3.276	   3.246
21342	CLA 	736	 -24.618	  -2.693	 -14.545
21344	CLA 	736	  34.018	   5.891	  -9.724
