786	 CA 	110	 -46.488	  -1.451	  31.708
806	 CA 	111	 -48.674	   1.252	  33.390
821	 CA 	112	 -50.647	   4.281	  31.965
894	 CA 	116	 -55.892	   3.463	  37.082
1467	 CA 	151	 -38.590	   2.391	  -4.181
1477	 CA 	152	 -41.334	   2.844	  -6.804
1497	 CA 	153	 -40.149	   6.386	  -7.521
2201	 CA 	197	 -32.033	   7.415	  -8.479
2279	 CA 	202	 -31.137	   4.149	  -0.545
2324	 CA 	206	 -31.939	  -0.697	   3.260
2373	 CA 	209	 -22.695	  -0.503	  -1.891
2380	 CA 	210	 -22.038	   2.967	  -3.187
5325	 CA 	395	 -25.468	 -18.051	  24.132
5344	 CA 	396	 -27.806	 -16.383	  26.623
5356	 CA 	397	 -27.351	 -13.082	  24.847
5367	 CA 	398	 -25.685	 -11.994	  21.563
6370	 CA 	462	 -18.675	 -12.897	   4.739
6406	 CA 	465	 -19.897	 -16.842	   7.005
6933	 CA 	500	 -15.021	 -11.564	  15.326
6980	 CA 	503	 -15.681	 -12.789	  10.749
21341	CLA 	735	 -21.475	   3.214	   1.621
21342	CLA 	736	 -25.055	  -2.863	 -14.410
21344	CLA 	736	  35.041	   4.066	 -11.008
