786	 CA 	110	 -48.346	   1.616	  33.374
806	 CA 	111	 -50.727	   4.386	  34.632
821	 CA 	112	 -52.873	   6.903	  32.653
894	 CA 	116	 -59.453	   6.042	  35.396
1467	 CA 	151	 -39.037	   2.202	  -3.598
1477	 CA 	152	 -42.210	   2.882	  -5.849
1497	 CA 	153	 -40.899	   6.503	  -6.374
2201	 CA 	197	 -31.994	   7.725	  -7.805
2279	 CA 	202	 -30.837	   4.631	   0.284
2324	 CA 	206	 -31.100	  -0.190	   3.726
2373	 CA 	209	 -22.495	  -0.212	  -1.720
2380	 CA 	210	 -21.582	   3.406	  -2.800
5325	 CA 	395	 -24.261	 -18.038	  26.471
5344	 CA 	396	 -27.818	 -17.748	  25.312
5356	 CA 	397	 -29.004	 -14.579	  23.627
5367	 CA 	398	 -26.548	 -13.125	  21.090
6370	 CA 	462	 -18.137	 -12.059	   4.538
6406	 CA 	465	 -19.961	 -15.943	   7.152
6933	 CA 	500	 -14.526	 -11.481	  15.635
6980	 CA 	503	 -15.285	 -12.454	  10.839
21341	CLA 	735	 -22.652	   4.304	   3.882
21342	CLA 	736	 -24.618	  -1.598	 -15.088
21344	CLA 	736	  30.750	   2.145	 -11.493
