786	 CA 	110	 -44.222	  -3.087	  34.048
806	 CA 	111	 -45.406	   0.182	  35.514
821	 CA 	112	 -46.909	   3.109	  33.573
894	 CA 	116	 -52.122	   3.116	  38.505
1467	 CA 	151	 -38.575	   1.646	  -3.428
1477	 CA 	152	 -41.447	   2.289	  -6.021
1497	 CA 	153	 -40.240	   5.931	  -6.595
2201	 CA 	197	 -32.149	   6.191	  -7.477
2279	 CA 	202	 -30.875	   2.887	   0.567
2324	 CA 	206	 -30.768	  -1.946	   4.357
2373	 CA 	209	 -22.979	  -0.850	  -1.395
2380	 CA 	210	 -22.300	   2.482	  -2.945
5325	 CA 	395	 -25.568	 -18.557	  22.439
5344	 CA 	396	 -25.863	 -16.285	  25.535
5356	 CA 	397	 -26.653	 -13.272	  23.257
5367	 CA 	398	 -23.532	 -11.790	  21.662
6370	 CA 	462	 -17.500	 -13.323	   4.336
6406	 CA 	465	 -18.445	 -17.613	   6.612
6933	 CA 	500	 -13.645	 -13.234	  15.508
6980	 CA 	503	 -14.413	 -13.802	  10.680
21341	CLA 	735	 -22.787	   1.055	   4.793
21342	CLA 	736	 -24.380	  -3.051	 -14.615
21344	CLA 	736	  32.837	   3.704	 -40.109
