786	 CA 	110	 -47.535	  -2.067	  32.927
806	 CA 	111	 -49.934	   0.669	  34.312
821	 CA 	112	 -51.693	   3.213	  32.118
894	 CA 	116	 -55.729	   2.533	  36.366
1467	 CA 	151	 -38.604	   1.959	  -4.383
1477	 CA 	152	 -41.695	   2.257	  -6.690
1497	 CA 	153	 -40.673	   5.894	  -7.438
2201	 CA 	197	 -32.482	   6.762	  -8.274
2279	 CA 	202	 -31.562	   2.835	  -0.669
2324	 CA 	206	 -31.320	  -1.788	   2.523
2373	 CA 	209	 -22.901	  -0.576	  -2.362
2380	 CA 	210	 -21.833	   3.125	  -2.739
5325	 CA 	395	 -26.392	 -16.547	  20.416
5344	 CA 	396	 -26.499	 -13.951	  23.323
5356	 CA 	397	 -25.822	 -10.961	  21.014
5367	 CA 	398	 -22.285	  -9.629	  20.285
6370	 CA 	462	 -18.166	 -12.789	   3.629
6406	 CA 	465	 -19.471	 -16.960	   6.021
6933	 CA 	500	 -14.210	 -12.120	  14.913
6980	 CA 	503	 -15.235	 -13.009	  10.320
21341	CLA 	735	 -23.329	   3.134	   2.627
21342	CLA 	736	 -25.009	  -2.801	 -14.387
21344	CLA 	736	  34.408	   5.555	  -9.150
