786	 CA 	110	 -48.281	  -0.192	  33.175
806	 CA 	111	 -50.485	   2.597	  34.315
821	 CA 	112	 -52.584	   5.002	  32.192
894	 CA 	116	 -59.308	   5.366	  34.320
1467	 CA 	151	 -39.001	   1.686	  -3.451
1477	 CA 	152	 -41.995	   2.411	  -5.728
1497	 CA 	153	 -40.894	   6.017	  -6.134
2201	 CA 	197	 -32.242	   6.946	  -7.391
2279	 CA 	202	 -30.958	   3.261	   0.548
2324	 CA 	206	 -31.001	  -1.305	   3.532
2373	 CA 	209	 -22.526	  -0.514	  -2.201
2380	 CA 	210	 -21.840	   3.086	  -2.945
5325	 CA 	395	 -23.581	 -18.987	  24.564
5344	 CA 	396	 -27.351	 -19.198	  24.196
5356	 CA 	397	 -28.813	 -16.006	  22.772
5367	 CA 	398	 -26.371	 -14.076	  20.486
6370	 CA 	462	 -17.723	 -12.899	   4.222
6406	 CA 	465	 -19.410	 -17.021	   6.577
6933	 CA 	500	 -13.495	 -12.149	  15.572
6980	 CA 	503	 -14.497	 -13.321	  10.769
21341	CLA 	735	 -22.636	   2.672	   3.226
21342	CLA 	736	 -25.095	  -2.784	 -15.189
21344	CLA 	736	  33.056	   5.240	 -14.231
