786	 CA 	110	 -47.203	  -1.668	  32.376
806	 CA 	111	 -49.833	   0.860	  33.387
821	 CA 	112	 -51.923	   3.620	  31.731
894	 CA 	116	 -59.502	   3.695	  34.605
1467	 CA 	151	 -38.833	   2.124	  -4.294
1477	 CA 	152	 -41.759	   3.255	  -6.616
1497	 CA 	153	 -40.180	   6.669	  -7.022
2201	 CA 	197	 -31.643	   6.955	  -7.999
2279	 CA 	202	 -31.002	   3.156	  -0.333
2324	 CA 	206	 -31.357	  -1.223	   2.975
2373	 CA 	209	 -23.222	   0.032	  -1.700
2380	 CA 	210	 -22.041	   3.431	  -3.019
5325	 CA 	395	 -26.095	 -17.666	  22.920
5344	 CA 	396	 -29.973	 -17.220	  23.301
5356	 CA 	397	 -29.203	 -13.860	  21.522
5367	 CA 	398	 -25.870	 -12.104	  20.521
6370	 CA 	462	 -18.356	 -12.296	   4.223
6406	 CA 	465	 -19.699	 -16.424	   6.192
6933	 CA 	500	 -14.547	 -12.466	  15.195
6980	 CA 	503	 -15.342	 -13.089	  10.433
21341	CLA 	735	 -21.395	   3.585	   2.229
21342	CLA 	736	 -24.950	  -2.690	 -15.143
21344	CLA 	736	  34.387	   5.370	  -9.983
