786	 CA 	110	 -47.285	  -3.646	  33.352
806	 CA 	111	 -49.396	  -0.826	  34.802
821	 CA 	112	 -50.156	   2.649	  33.519
894	 CA 	116	 -56.913	   3.191	  36.500
1467	 CA 	151	 -38.315	   2.553	  -3.928
1477	 CA 	152	 -41.209	   2.809	  -6.290
1497	 CA 	153	 -40.088	   6.320	  -7.394
2201	 CA 	197	 -31.776	   7.291	  -7.714
2279	 CA 	202	 -31.646	   3.372	  -0.057
2324	 CA 	206	 -30.721	  -1.795	   2.905
2373	 CA 	209	 -23.029	  -0.172	  -2.012
2380	 CA 	210	 -21.312	   3.134	  -2.664
5325	 CA 	395	 -27.005	 -17.748	  19.760
5344	 CA 	396	 -28.297	 -15.154	  22.332
5356	 CA 	397	 -27.073	 -11.892	  20.811
5367	 CA 	398	 -24.508	 -10.469	  18.209
6370	 CA 	462	 -18.292	 -12.966	   3.811
6406	 CA 	465	 -19.317	 -17.578	   5.659
6933	 CA 	500	 -14.016	 -13.105	  15.233
6980	 CA 	503	 -15.134	 -13.896	  10.227
21341	CLA 	735	 -22.241	   3.476	   3.160
21342	CLA 	736	 -24.142	  -2.963	 -14.502
21344	CLA 	736	  36.618	   6.593	 -14.333
