786	 CA 	110	 -44.884	  -1.987	  34.587
806	 CA 	111	 -47.486	   0.470	  35.992
821	 CA 	112	 -49.422	   3.195	  34.067
894	 CA 	116	 -55.053	   3.002	  37.265
1467	 CA 	151	 -38.483	   2.440	  -3.593
1477	 CA 	152	 -41.513	   3.001	  -5.902
1497	 CA 	153	 -40.364	   6.506	  -6.700
2201	 CA 	197	 -31.735	   6.862	  -7.342
2279	 CA 	202	 -31.567	   2.939	   0.484
2324	 CA 	206	 -30.813	  -1.530	   3.339
2373	 CA 	209	 -22.637	  -0.420	  -1.952
2380	 CA 	210	 -21.380	   3.115	  -2.798
5325	 CA 	395	 -25.611	 -17.338	  22.259
5344	 CA 	396	 -25.837	 -14.760	  25.054
5356	 CA 	397	 -25.380	 -11.326	  23.476
5367	 CA 	398	 -22.308	  -9.867	  21.770
6370	 CA 	462	 -17.729	 -13.007	   4.547
6406	 CA 	465	 -19.551	 -17.092	   7.094
6933	 CA 	500	 -14.246	 -12.616	  15.641
6980	 CA 	503	 -14.770	 -13.468	  10.647
21341	CLA 	735	 -22.543	   3.341	   3.702
21342	CLA 	736	 -23.940	  -3.032	 -14.867
21344	CLA 	736	  32.989	   8.221	 -16.612
