786	 CA 	110	 -46.172	   2.686	  35.530
806	 CA 	111	 -49.385	   4.372	  36.441
821	 CA 	112	 -51.835	   6.854	  35.069
894	 CA 	116	 -57.208	   3.740	  38.488
1467	 CA 	151	 -38.414	   2.675	  -3.410
1477	 CA 	152	 -41.252	   3.370	  -6.020
1497	 CA 	153	 -39.955	   6.846	  -6.737
2201	 CA 	197	 -32.025	   7.104	  -7.458
2279	 CA 	202	 -31.208	   3.583	   0.397
2324	 CA 	206	 -30.316	  -1.019	   4.391
2373	 CA 	209	 -22.680	  -0.095	  -1.230
2380	 CA 	210	 -21.970	   3.079	  -3.221
5325	 CA 	395	 -24.904	 -16.531	  22.911
5344	 CA 	396	 -23.896	 -14.545	  25.948
5356	 CA 	397	 -24.385	 -11.495	  23.713
5367	 CA 	398	 -21.648	  -9.517	  21.863
6370	 CA 	462	 -17.994	 -12.052	   4.674
6406	 CA 	465	 -19.587	 -16.311	   7.041
6933	 CA 	500	 -13.272	 -12.306	  15.395
6980	 CA 	503	 -14.562	 -13.072	  10.679
21341	CLA 	735	 -23.063	   3.507	   4.093
21342	CLA 	736	 -24.593	  -2.957	 -14.573
21344	CLA 	736	  17.828	  47.091	 -40.906
