786	 CA 	110	 -45.994	  -2.687	  32.703
806	 CA 	111	 -47.760	  -0.367	  35.249
821	 CA 	112	 -48.428	   3.384	  34.590
894	 CA 	116	 -55.273	   4.722	  37.366
1467	 CA 	151	 -38.676	   3.739	  -3.987
1477	 CA 	152	 -41.594	   4.470	  -6.478
1497	 CA 	153	 -40.198	   7.982	  -6.855
2201	 CA 	197	 -32.124	   8.190	  -7.565
2279	 CA 	202	 -31.062	   4.508	   0.025
2324	 CA 	206	 -31.208	  -0.401	   2.649
2373	 CA 	209	 -23.269	  -0.014	  -2.873
2380	 CA 	210	 -21.681	   3.445	  -3.286
5325	 CA 	395	 -27.218	 -16.404	  21.288
5344	 CA 	396	 -27.578	 -13.885	  24.273
5356	 CA 	397	 -27.319	 -10.901	  21.772
5367	 CA 	398	 -23.760	  -9.594	  20.866
6370	 CA 	462	 -18.693	 -12.837	   3.590
6406	 CA 	465	 -20.047	 -16.899	   6.067
6933	 CA 	500	 -14.858	 -12.261	  14.956
6980	 CA 	503	 -15.672	 -13.448	  10.275
21341	CLA 	735	 -22.679	   3.785	   2.790
21342	CLA 	736	 -24.592	  -2.504	 -14.727
21344	CLA 	736	  35.487	   5.178	 -14.747
