786	 CA 	110	 -44.636	  -2.838	  35.206
806	 CA 	111	 -47.343	  -0.257	  35.817
821	 CA 	112	 -48.628	   3.139	  34.492
894	 CA 	116	 -55.160	   3.724	  38.250
1467	 CA 	151	 -39.054	   2.720	  -4.418
1477	 CA 	152	 -41.968	   3.634	  -6.783
1497	 CA 	153	 -40.375	   7.026	  -7.468
2201	 CA 	197	 -31.751	   8.045	  -7.818
2279	 CA 	202	 -30.903	   4.116	  -0.201
2324	 CA 	206	 -32.166	  -0.978	   3.190
2373	 CA 	209	 -23.707	  -0.323	  -2.551
2380	 CA 	210	 -22.367	   3.079	  -2.899
5325	 CA 	395	 -27.070	 -16.778	  20.952
5344	 CA 	396	 -26.634	 -14.240	  23.928
5356	 CA 	397	 -26.734	 -11.501	  21.157
5367	 CA 	398	 -23.189	 -10.301	  20.224
6370	 CA 	462	 -18.478	 -12.965	   3.865
6406	 CA 	465	 -20.142	 -16.982	   6.026
6933	 CA 	500	 -15.305	 -12.498	  14.997
6980	 CA 	503	 -15.821	 -13.240	  10.066
21341	CLA 	735	 -23.534	   2.592	   2.936
21342	CLA 	736	 -24.159	  -2.551	 -14.943
21344	CLA 	736	  34.927	   7.317	 -12.059
