786	 CA 	110	 -47.145	   1.013	  33.449
806	 CA 	111	 -49.823	   3.760	  34.343
821	 CA 	112	 -51.977	   5.777	  32.113
894	 CA 	116	 -59.092	   5.561	  34.991
1467	 CA 	151	 -38.776	   2.486	  -2.919
1477	 CA 	152	 -42.043	   3.048	  -5.041
1497	 CA 	153	 -40.717	   6.516	  -5.815
2201	 CA 	197	 -32.254	   6.945	  -7.155
2279	 CA 	202	 -30.594	   3.513	   0.789
2324	 CA 	206	 -30.666	  -1.090	   3.804
2373	 CA 	209	 -22.298	  -0.544	  -1.566
2380	 CA 	210	 -21.455	   3.005	  -2.707
5325	 CA 	395	 -22.600	 -17.603	  26.390
5344	 CA 	396	 -26.308	 -18.216	  26.176
5356	 CA 	397	 -27.699	 -15.199	  24.158
5367	 CA 	398	 -25.734	 -13.178	  21.615
6370	 CA 	462	 -17.232	 -12.078	   4.932
6406	 CA 	465	 -18.318	 -16.549	   7.060
6933	 CA 	500	 -13.329	 -11.102	  16.046
6980	 CA 	503	 -14.248	 -12.519	  11.278
21341	CLA 	735	 -22.924	   3.613	   3.672
21342	CLA 	736	 -25.399	  -2.003	 -15.364
21344	CLA 	736	  35.076	   6.882	 -15.126
