786	 CA 	110	 -44.725	  -4.240	  33.151
806	 CA 	111	 -46.963	  -1.195	  33.922
821	 CA 	112	 -48.892	   1.390	  31.960
894	 CA 	116	 -54.336	   1.672	  37.653
1467	 CA 	151	 -39.207	   1.106	  -3.889
1477	 CA 	152	 -42.167	   1.793	  -6.327
1497	 CA 	153	 -40.940	   5.339	  -6.764
2201	 CA 	197	 -32.812	   6.760	  -7.583
2279	 CA 	202	 -31.373	   2.852	   0.085
2324	 CA 	206	 -30.924	  -2.423	   2.936
2373	 CA 	209	 -22.606	  -0.528	  -1.771
2380	 CA 	210	 -21.863	   2.894	  -3.243
5325	 CA 	395	 -24.993	 -18.825	  21.852
5344	 CA 	396	 -26.981	 -17.346	  24.575
5356	 CA 	397	 -26.523	 -13.557	  23.820
5367	 CA 	398	 -23.927	 -11.669	  21.595
6370	 CA 	462	 -17.945	 -12.708	   4.167
6406	 CA 	465	 -18.936	 -17.058	   6.432
6933	 CA 	500	 -13.964	 -12.494	  15.218
6980	 CA 	503	 -14.707	 -13.424	  10.499
21341	CLA 	735	 -21.716	   2.828	   2.076
21342	CLA 	736	 -24.509	  -2.935	 -14.274
21344	CLA 	736	  30.437	   7.570	 -12.155
