786	 CA 	110	 -49.420	  -0.581	  30.752
806	 CA 	111	 -51.562	   2.537	  31.474
821	 CA 	112	 -53.681	   5.003	  29.437
894	 CA 	116	 -60.442	   5.169	  32.796
1467	 CA 	151	 -39.222	   2.585	  -4.810
1477	 CA 	152	 -41.657	   3.788	  -7.433
1497	 CA 	153	 -40.278	   7.326	  -7.661
2201	 CA 	197	 -31.536	   8.148	  -8.437
2279	 CA 	202	 -31.117	   4.157	  -0.863
2324	 CA 	206	 -31.239	  -0.675	   2.059
2373	 CA 	209	 -22.669	   0.180	  -2.054
2380	 CA 	210	 -21.843	   3.476	  -3.610
5325	 CA 	395	 -26.978	 -15.720	  23.999
5344	 CA 	396	 -30.731	 -14.727	  23.681
5356	 CA 	397	 -29.381	 -11.294	  22.375
5367	 CA 	398	 -25.750	 -10.427	  21.482
6370	 CA 	462	 -18.577	 -12.688	   4.456
6406	 CA 	465	 -20.438	 -16.699	   6.828
6933	 CA 	500	 -15.185	 -12.407	  15.392
6980	 CA 	503	 -15.847	 -12.967	  10.728
21341	CLA 	735	 -21.523	   3.398	   1.924
21342	CLA 	736	 -24.695	  -2.733	 -14.699
21344	CLA 	736	  34.640	   5.652	  -9.215
