786	 CA 	110	 -45.252	  -1.407	  34.468
806	 CA 	111	 -47.249	   1.651	  35.824
821	 CA 	112	 -49.260	   4.155	  33.564
894	 CA 	116	 -56.531	   5.516	  35.461
1467	 CA 	151	 -38.417	   2.268	  -4.328
1477	 CA 	152	 -41.432	   2.447	  -6.933
1497	 CA 	153	 -40.322	   6.058	  -7.598
2201	 CA 	197	 -32.086	   6.784	  -7.865
2279	 CA 	202	 -31.894	   3.331	  -0.060
2324	 CA 	206	 -31.013	  -1.986	   3.739
2373	 CA 	209	 -23.139	  -0.707	  -1.812
2380	 CA 	210	 -21.901	   2.789	  -2.723
5325	 CA 	395	 -25.813	 -19.091	  21.434
5344	 CA 	396	 -26.149	 -17.073	  24.504
5356	 CA 	397	 -26.787	 -13.650	  22.731
5367	 CA 	398	 -23.798	 -11.916	  21.109
6370	 CA 	462	 -18.290	 -13.461	   3.940
6406	 CA 	465	 -19.485	 -17.507	   6.241
6933	 CA 	500	 -14.621	 -12.764	  15.490
6980	 CA 	503	 -15.026	 -13.484	  10.523
21341	CLA 	735	 -23.692	   2.818	   2.871
21342	CLA 	736	 -24.644	  -3.151	 -14.951
21344	CLA 	736	  41.888	  -1.077	 -24.085
