786	 CA 	110	 -46.082	  -0.879	  32.668
806	 CA 	111	 -48.293	   2.013	  33.832
821	 CA 	112	 -50.698	   4.661	  32.578
894	 CA 	116	 -57.648	   3.887	  35.603
1467	 CA 	151	 -38.857	   1.874	  -4.165
1477	 CA 	152	 -41.741	   2.833	  -6.493
1497	 CA 	153	 -40.504	   6.438	  -6.485
2201	 CA 	197	 -31.747	   7.629	  -7.541
2279	 CA 	202	 -31.093	   3.359	   0.269
2324	 CA 	206	 -31.591	  -1.473	   3.040
2373	 CA 	209	 -23.002	  -0.607	  -2.301
2380	 CA 	210	 -21.900	   2.955	  -3.388
5325	 CA 	395	 -26.042	 -16.754	  23.122
5344	 CA 	396	 -29.765	 -15.768	  23.166
5356	 CA 	397	 -28.435	 -12.242	  22.196
5367	 CA 	398	 -25.136	 -10.570	  21.221
6370	 CA 	462	 -18.035	 -12.921	   3.851
6406	 CA 	465	 -19.320	 -16.755	   6.228
6933	 CA 	500	 -14.446	 -12.297	  15.471
6980	 CA 	503	 -14.961	 -13.136	  10.613
21341	CLA 	735	 -22.864	   3.382	   3.312
21342	CLA 	736	 -25.341	  -2.502	 -15.105
21344	CLA 	736	  34.745	   5.326	 -10.525
