786	 CA 	110	 -47.250	  -0.620	  32.513
806	 CA 	111	 -49.460	   2.185	  33.966
821	 CA 	112	 -51.031	   4.986	  31.975
894	 CA 	116	 -57.958	   3.389	  36.103
1467	 CA 	151	 -39.397	   2.200	  -4.618
1477	 CA 	152	 -42.321	   2.744	  -6.931
1497	 CA 	153	 -41.065	   6.224	  -7.745
2201	 CA 	197	 -32.477	   7.600	  -8.988
2279	 CA 	202	 -31.549	   4.280	  -0.811
2324	 CA 	206	 -31.774	  -0.545	   2.405
2373	 CA 	209	 -23.171	  -0.268	  -2.294
2380	 CA 	210	 -21.798	   3.253	  -3.387
5325	 CA 	395	 -27.757	 -17.638	  22.403
5344	 CA 	396	 -30.276	 -15.650	  24.332
5356	 CA 	397	 -29.011	 -12.326	  23.080
5367	 CA 	398	 -26.151	 -11.443	  20.747
6370	 CA 	462	 -18.883	 -13.147	   3.787
6406	 CA 	465	 -20.356	 -17.058	   6.626
6933	 CA 	500	 -15.490	 -12.248	  15.196
6980	 CA 	503	 -15.742	 -13.046	  10.355
21341	CLA 	735	 -21.999	   3.370	   2.066
21342	CLA 	736	 -25.043	  -2.322	 -14.917
21344	CLA 	736	  34.832	   4.834	  -9.293
