786	 CA 	110	 -44.312	  -1.409	  34.082
806	 CA 	111	 -46.962	   1.112	  34.906
821	 CA 	112	 -48.716	   3.898	  32.917
894	 CA 	116	 -54.143	   4.144	  36.321
1467	 CA 	151	 -38.815	   1.564	  -3.766
1477	 CA 	152	 -41.751	   2.153	  -6.144
1497	 CA 	153	 -40.512	   5.693	  -7.081
2201	 CA 	197	 -32.236	   5.962	  -7.516
2279	 CA 	202	 -31.768	   2.890	   0.453
2324	 CA 	206	 -30.899	  -1.698	   3.569
2373	 CA 	209	 -22.885	   0.102	  -1.907
2380	 CA 	210	 -21.925	   3.733	  -2.602
5325	 CA 	395	 -25.326	 -17.116	  21.896
5344	 CA 	396	 -25.339	 -15.024	  25.080
5356	 CA 	397	 -25.717	 -11.889	  22.702
5367	 CA 	398	 -22.166	 -10.744	  21.414
6370	 CA 	462	 -17.310	 -12.652	   4.180
6406	 CA 	465	 -18.539	 -17.071	   6.660
6933	 CA 	500	 -13.584	 -12.232	  15.077
6980	 CA 	503	 -14.145	 -13.164	  10.568
21341	CLA 	735	 -23.053	   3.657	   3.872
21342	CLA 	736	 -24.480	  -3.221	 -15.192
21344	CLA 	736	  30.854	   7.831	 -17.957
