786	 CA 	110	 -47.789	  -3.514	  31.922
806	 CA 	111	 -49.595	  -0.510	  33.122
821	 CA 	112	 -52.036	   2.263	  32.381
894	 CA 	116	 -59.115	   2.007	  34.991
1467	 CA 	151	 -38.619	   1.485	  -4.572
1477	 CA 	152	 -41.569	   2.211	  -7.006
1497	 CA 	153	 -40.336	   5.939	  -7.322
2201	 CA 	197	 -32.082	   7.268	  -8.156
2279	 CA 	202	 -30.791	   3.052	  -0.191
2324	 CA 	206	 -31.182	  -2.491	   3.117
2373	 CA 	209	 -23.115	  -0.758	  -2.063
2380	 CA 	210	 -22.649	   2.919	  -3.195
5325	 CA 	395	 -26.315	 -18.752	  22.307
5344	 CA 	396	 -30.012	 -18.008	  22.729
5356	 CA 	397	 -29.173	 -14.629	  21.320
5367	 CA 	398	 -26.411	 -12.669	  19.643
6370	 CA 	462	 -18.416	 -13.207	   3.736
6406	 CA 	465	 -19.725	 -17.562	   5.740
6933	 CA 	500	 -14.531	 -13.296	  14.876
6980	 CA 	503	 -14.934	 -14.186	  10.146
21341	CLA 	735	 -21.270	   2.557	   0.822
21342	CLA 	736	 -24.779	  -2.596	 -14.770
21344	CLA 	736	  35.237	   6.694	  -8.434
