786	 CA 	110	 -44.906	  -1.218	  35.076
806	 CA 	111	 -47.553	   1.600	  35.643
821	 CA 	112	 -49.335	   4.501	  33.886
894	 CA 	116	 -55.529	   4.971	  36.743
1467	 CA 	151	 -38.731	   2.265	  -3.413
1477	 CA 	152	 -41.709	   2.750	  -5.787
1497	 CA 	153	 -40.341	   6.197	  -6.682
2201	 CA 	197	 -32.690	   6.724	  -7.706
2279	 CA 	202	 -31.588	   3.335	   0.187
2324	 CA 	206	 -30.804	  -1.677	   3.295
2373	 CA 	209	 -22.952	  -0.424	  -1.969
2380	 CA 	210	 -22.235	   3.047	  -3.289
5325	 CA 	395	 -25.639	 -17.029	  22.660
5344	 CA 	396	 -25.900	 -15.074	  25.871
5356	 CA 	397	 -25.612	 -11.822	  23.889
5367	 CA 	398	 -22.352	 -10.598	  22.238
6370	 CA 	462	 -17.978	 -12.790	   4.568
6406	 CA 	465	 -18.985	 -16.896	   6.983
6933	 CA 	500	 -13.847	 -12.092	  15.457
6980	 CA 	503	 -14.439	 -13.095	  10.897
21341	CLA 	735	 -23.315	   2.538	   3.703
21342	CLA 	736	 -25.021	  -2.807	 -15.273
21344	CLA 	736	  32.935	   9.040	 -15.964
