786	 CA 	110	 -44.816	  -2.020	  31.836
806	 CA 	111	 -47.603	   0.489	  33.107
821	 CA 	112	 -48.989	   3.763	  31.740
894	 CA 	116	 -54.588	   4.098	  36.148
1467	 CA 	151	 -38.524	   2.743	  -4.706
1477	 CA 	152	 -41.288	   3.248	  -7.239
1497	 CA 	153	 -40.090	   6.644	  -8.143
2201	 CA 	197	 -31.909	   7.520	  -8.672
2279	 CA 	202	 -31.451	   3.883	  -1.154
2324	 CA 	206	 -31.261	  -1.059	   2.374
2373	 CA 	209	 -22.980	  -0.200	  -2.453
2380	 CA 	210	 -21.821	   3.322	  -3.508
5325	 CA 	395	 -26.574	 -17.479	  22.890
5344	 CA 	396	 -28.260	 -15.343	  25.600
5356	 CA 	397	 -27.240	 -12.023	  23.896
5367	 CA 	398	 -24.809	 -10.466	  21.281
6370	 CA 	462	 -18.503	 -12.432	   4.232
6406	 CA 	465	 -19.452	 -16.901	   6.481
6933	 CA 	500	 -15.351	 -12.292	  15.583
6980	 CA 	503	 -15.487	 -12.969	  10.668
21341	CLA 	735	 -21.812	   2.286	   1.233
21342	CLA 	736	 -25.014	  -2.908	 -14.625
21344	CLA 	736	  34.281	   4.601	 -11.731
