786	 CA 	110	 -50.066	   3.711	  32.983
806	 CA 	111	 -52.142	   6.700	  33.917
821	 CA 	112	 -54.621	   7.719	  31.278
894	 CA 	116	 -60.433	   3.144	  33.667
1467	 CA 	151	 -39.092	   1.132	  -3.654
1477	 CA 	152	 -42.044	   1.902	  -5.939
1497	 CA 	153	 -40.701	   5.432	  -6.375
2201	 CA 	197	 -31.972	   6.410	  -7.081
2279	 CA 	202	 -30.890	   2.852	   0.482
2324	 CA 	206	 -30.809	  -1.495	   2.837
2373	 CA 	209	 -22.702	  -0.330	  -2.252
2380	 CA 	210	 -21.530	   3.234	  -2.880
5325	 CA 	395	 -22.923	 -20.679	  25.014
5344	 CA 	396	 -26.542	 -19.846	  23.882
5356	 CA 	397	 -26.997	 -16.233	  22.660
5367	 CA 	398	 -23.890	 -14.921	  20.794
6370	 CA 	462	 -17.217	 -12.631	   4.006
6406	 CA 	465	 -18.804	 -16.671	   6.459
6933	 CA 	500	 -13.104	 -12.575	  15.044
6980	 CA 	503	 -13.759	 -13.553	  10.381
21341	CLA 	735	 -22.923	   2.683	   4.414
21342	CLA 	736	 -24.615	  -2.041	 -14.648
21344	CLA 	736	  30.091	   3.992	 -14.343
