786	 CA 	110	 -47.304	  -1.268	  32.632
806	 CA 	111	 -49.480	   1.855	  33.806
821	 CA 	112	 -50.801	   4.827	  31.843
894	 CA 	116	 -56.518	   5.191	  36.119
1467	 CA 	151	 -38.884	   2.533	  -4.458
1477	 CA 	152	 -41.621	   3.209	  -7.009
1497	 CA 	153	 -39.984	   6.565	  -7.710
2201	 CA 	197	 -32.320	   7.185	  -8.392
2279	 CA 	202	 -31.672	   3.443	  -0.601
2324	 CA 	206	 -31.259	  -0.995	   2.884
2373	 CA 	209	 -23.346	  -0.233	  -2.086
2380	 CA 	210	 -22.481	   3.215	  -3.449
5325	 CA 	395	 -27.896	 -17.855	  22.070
5344	 CA 	396	 -29.560	 -15.725	  24.739
5356	 CA 	397	 -28.532	 -12.048	  24.104
5367	 CA 	398	 -26.111	 -10.434	  21.686
6370	 CA 	462	 -18.695	 -12.901	   3.924
6406	 CA 	465	 -19.999	 -17.011	   6.372
6933	 CA 	500	 -15.251	 -12.451	  15.243
6980	 CA 	503	 -15.626	 -13.152	  10.432
21341	CLA 	735	 -21.832	   2.860	   1.179
21342	CLA 	736	 -25.382	  -2.888	 -14.938
21344	CLA 	736	  31.781	   4.683	  -7.938
