786	 CA 	110	 -44.738	  -1.755	  34.894
806	 CA 	111	 -47.320	   0.992	  35.940
821	 CA 	112	 -49.331	   3.466	  33.866
894	 CA 	116	 -53.642	   3.791	  37.903
1467	 CA 	151	 -39.324	   2.573	  -4.190
1477	 CA 	152	 -42.345	   3.186	  -6.558
1497	 CA 	153	 -40.934	   6.754	  -7.294
2201	 CA 	197	 -32.398	   7.338	  -7.871
2279	 CA 	202	 -32.033	   3.779	  -0.298
2324	 CA 	206	 -31.000	  -1.843	   2.721
2373	 CA 	209	 -22.750	  -0.187	  -1.959
2380	 CA 	210	 -21.418	   3.348	  -2.816
5325	 CA 	395	 -27.058	 -17.390	  21.172
5344	 CA 	396	 -27.399	 -15.143	  24.284
5356	 CA 	397	 -27.053	 -11.848	  22.260
5367	 CA 	398	 -23.508	 -11.098	  21.114
6370	 CA 	462	 -18.439	 -13.160	   3.737
6406	 CA 	465	 -19.600	 -17.213	   6.204
6933	 CA 	500	 -14.916	 -12.628	  15.159
6980	 CA 	503	 -15.261	 -13.376	  10.187
21341	CLA 	735	 -23.276	   3.182	   3.149
21342	CLA 	736	 -24.696	  -2.989	 -14.798
21344	CLA 	736	  33.848	   7.983	 -17.274
