786	 CA 	110	 -48.551	  -1.423	  32.865
806	 CA 	111	 -50.208	   1.920	  33.099
821	 CA 	112	 -53.159	   3.420	  31.150
894	 CA 	116	 -57.975	   3.480	  34.906
1467	 CA 	151	 -38.696	   1.033	  -4.047
1477	 CA 	152	 -41.470	   1.377	  -6.509
1497	 CA 	153	 -40.390	   4.973	  -6.881
2201	 CA 	197	 -32.436	   6.471	  -7.801
2279	 CA 	202	 -31.239	   2.374	   0.067
2324	 CA 	206	 -30.903	  -2.295	   3.268
2373	 CA 	209	 -22.251	  -0.558	  -1.899
2380	 CA 	210	 -21.794	   2.972	  -3.228
5325	 CA 	395	 -25.774	 -17.818	  20.486
5344	 CA 	396	 -25.784	 -15.883	  23.819
5356	 CA 	397	 -25.645	 -12.367	  22.331
5367	 CA 	398	 -22.573	 -10.651	  20.796
6370	 CA 	462	 -17.488	 -12.691	   4.137
6406	 CA 	465	 -18.853	 -17.067	   6.232
6933	 CA 	500	 -13.639	 -12.897	  15.056
6980	 CA 	503	 -14.071	 -13.910	  10.398
21341	CLA 	735	 -23.306	   2.928	   3.650
21342	CLA 	736	 -24.741	  -3.168	 -14.630
21344	CLA 	736	  34.420	   6.931	 -10.802
