786	 CA 	110	 -46.450	  -0.772	  32.347
806	 CA 	111	 -49.025	   1.905	  33.391
821	 CA 	112	 -50.955	   4.657	  31.568
894	 CA 	116	 -57.819	   4.945	  35.119
1467	 CA 	151	 -39.322	   2.880	  -4.209
1477	 CA 	152	 -42.130	   3.373	  -6.884
1497	 CA 	153	 -40.558	   6.893	  -7.613
2201	 CA 	197	 -32.076	   7.391	  -8.420
2279	 CA 	202	 -31.527	   3.581	  -0.818
2324	 CA 	206	 -31.582	  -0.938	   2.847
2373	 CA 	209	 -23.293	  -0.016	  -2.055
2380	 CA 	210	 -22.712	   3.408	  -3.387
5325	 CA 	395	 -27.861	 -16.911	  21.452
5344	 CA 	396	 -29.640	 -15.261	  24.477
5356	 CA 	397	 -28.448	 -11.802	  23.483
5367	 CA 	398	 -25.965	 -10.310	  21.045
6370	 CA 	462	 -18.869	 -12.366	   3.516
6406	 CA 	465	 -20.081	 -16.690	   5.919
6933	 CA 	500	 -15.162	 -11.980	  14.703
6980	 CA 	503	 -15.504	 -13.254	  10.137
21341	CLA 	735	 -22.011	   3.474	   2.149
21342	CLA 	736	 -24.593	  -2.998	 -14.840
21344	CLA 	736	  32.317	   4.111	  -8.645
