786	 CA 	110	 -43.500	  -1.234	  35.230
806	 CA 	111	 -46.006	   1.629	  36.369
821	 CA 	112	 -48.136	   4.186	  34.563
894	 CA 	116	 -53.440	   3.356	  37.752
1467	 CA 	151	 -38.698	   2.267	  -3.411
1477	 CA 	152	 -41.638	   2.728	  -5.922
1497	 CA 	153	 -40.794	   6.328	  -6.708
2201	 CA 	197	 -32.391	   7.247	  -7.160
2279	 CA 	202	 -31.585	   3.543	   0.763
2324	 CA 	206	 -30.538	  -1.176	   4.189
2373	 CA 	209	 -23.205	  -0.393	  -2.027
2380	 CA 	210	 -21.842	   3.082	  -3.013
5325	 CA 	395	 -24.616	 -18.461	  22.865
5344	 CA 	396	 -24.671	 -16.344	  26.045
5356	 CA 	397	 -25.309	 -13.351	  23.769
5367	 CA 	398	 -22.409	 -11.770	  21.962
6370	 CA 	462	 -17.962	 -12.626	   4.306
6406	 CA 	465	 -19.395	 -16.819	   6.573
6933	 CA 	500	 -14.217	 -12.886	  15.214
6980	 CA 	503	 -14.768	 -13.407	  10.459
21341	CLA 	735	 -22.851	   3.273	   4.066
21342	CLA 	736	 -24.517	  -2.141	 -15.085
21344	CLA 	736	  31.035	   7.427	 -20.624
