786	 CA 	110	 -43.358	  -5.155	  34.078
806	 CA 	111	 -46.073	  -2.990	  35.825
821	 CA 	112	 -47.639	   0.381	  34.930
894	 CA 	116	 -52.938	  -0.600	  38.426
1467	 CA 	151	 -39.042	   2.493	  -3.607
1477	 CA 	152	 -42.162	   2.862	  -5.891
1497	 CA 	153	 -40.696	   6.246	  -6.991
2201	 CA 	197	 -32.091	   7.231	  -7.649
2279	 CA 	202	 -32.053	   3.501	   0.158
2324	 CA 	206	 -31.700	  -1.254	   3.166
2373	 CA 	209	 -23.237	  -0.214	  -1.981
2380	 CA 	210	 -21.681	   3.325	  -2.515
5325	 CA 	395	 -26.152	 -17.549	  22.056
5344	 CA 	396	 -25.714	 -15.573	  25.279
5356	 CA 	397	 -25.713	 -12.470	  22.902
5367	 CA 	398	 -22.694	 -10.767	  21.249
6370	 CA 	462	 -17.740	 -13.284	   3.801
6406	 CA 	465	 -19.297	 -17.259	   6.168
6933	 CA 	500	 -13.762	 -12.496	  14.845
6980	 CA 	503	 -14.752	 -13.292	  10.319
21341	CLA 	735	 -23.377	   2.973	   3.167
21342	CLA 	736	 -24.125	  -2.609	 -14.767
21344	CLA 	736	  30.912	   6.931	 -16.168
