786	 CA 	110	 -48.288	   3.641	  35.357
806	 CA 	111	 -51.098	   5.875	  36.755
821	 CA 	112	 -53.609	   7.449	  34.378
894	 CA 	116	 -60.965	   3.540	  33.967
1467	 CA 	151	 -38.268	   1.889	  -2.536
1477	 CA 	152	 -41.433	   2.613	  -4.613
1497	 CA 	153	 -40.211	   6.155	  -5.591
2201	 CA 	197	 -31.866	   6.939	  -7.003
2279	 CA 	202	 -30.482	   3.767	   0.885
2324	 CA 	206	 -29.952	  -1.339	   3.533
2373	 CA 	209	 -22.205	   0.079	  -2.232
2380	 CA 	210	 -21.129	   3.706	  -2.453
5325	 CA 	395	 -21.254	 -19.337	  26.124
5344	 CA 	396	 -24.858	 -19.789	  24.923
5356	 CA 	397	 -25.756	 -16.520	  23.155
5367	 CA 	398	 -23.210	 -14.100	  21.714
6370	 CA 	462	 -16.927	 -12.227	   4.642
6406	 CA 	465	 -18.630	 -16.190	   7.262
6933	 CA 	500	 -12.940	 -11.661	  15.330
6980	 CA 	503	 -13.877	 -12.772	  10.744
21341	CLA 	735	 -19.041	   0.885	  -0.594
21342	CLA 	736	 -25.045	  -2.523	 -14.976
21344	CLA 	736	  29.415	   1.319	 -14.731
