786	 CA 	110	 -45.435	  -2.028	  33.256
806	 CA 	111	 -46.656	   1.051	  34.930
821	 CA 	112	 -47.981	   3.910	  32.765
894	 CA 	116	 -54.589	   4.850	  35.605
1467	 CA 	151	 -38.798	   1.171	  -4.120
1477	 CA 	152	 -41.519	   1.597	  -6.643
1497	 CA 	153	 -40.373	   5.143	  -7.474
2201	 CA 	197	 -32.339	   6.030	  -8.085
2279	 CA 	202	 -31.407	   2.574	  -0.122
2324	 CA 	206	 -30.739	  -1.715	   3.447
2373	 CA 	209	 -23.196	  -0.348	  -1.672
2380	 CA 	210	 -22.583	   3.151	  -3.141
5325	 CA 	395	 -25.384	 -18.189	  22.008
5344	 CA 	396	 -25.255	 -16.080	  25.207
5356	 CA 	397	 -25.534	 -12.800	  23.493
5367	 CA 	398	 -22.786	 -11.190	  21.421
6370	 CA 	462	 -17.780	 -12.725	   4.729
6406	 CA 	465	 -19.029	 -16.940	   6.697
6933	 CA 	500	 -14.424	 -12.909	  15.406
6980	 CA 	503	 -14.869	 -13.607	  10.733
21341	CLA 	735	 -23.126	   1.884	   4.378
21342	CLA 	736	 -24.338	  -3.116	 -14.925
21344	CLA 	736	  24.469	   7.868	 -40.611
