786	 CA 	110	 -45.319	  -1.799	  34.984
806	 CA 	111	 -47.174	   1.451	  35.681
821	 CA 	112	 -48.978	   3.791	  33.307
894	 CA 	116	 -55.072	   4.103	  36.395
1467	 CA 	151	 -38.845	   2.487	  -3.760
1477	 CA 	152	 -41.599	   3.064	  -6.456
1497	 CA 	153	 -40.307	   6.693	  -7.158
2201	 CA 	197	 -32.106	   6.902	  -7.614
2279	 CA 	202	 -31.970	   3.235	   0.577
2324	 CA 	206	 -31.083	  -1.721	   3.314
2373	 CA 	209	 -22.728	  -0.131	  -2.013
2380	 CA 	210	 -21.517	   3.369	  -2.771
5325	 CA 	395	 -26.833	 -17.742	  22.017
5344	 CA 	396	 -26.757	 -15.577	  25.130
5356	 CA 	397	 -26.872	 -12.329	  23.088
5367	 CA 	398	 -23.627	 -10.985	  21.549
6370	 CA 	462	 -18.810	 -12.959	   3.777
6406	 CA 	465	 -20.003	 -17.196	   6.152
6933	 CA 	500	 -15.203	 -12.536	  15.432
6980	 CA 	503	 -15.644	 -13.354	  10.372
21341	CLA 	735	 -23.341	   3.664	   3.673
21342	CLA 	736	 -23.936	  -3.168	 -14.780
21344	CLA 	736	  33.387	   3.009	 -20.932
