786	 CA 	110	 -47.130	  -2.724	  33.145
806	 CA 	111	 -49.252	  -0.077	  35.038
821	 CA 	112	 -50.450	   3.435	  33.920
894	 CA 	116	 -57.354	   2.192	  36.076
1467	 CA 	151	 -38.874	   2.534	  -4.280
1477	 CA 	152	 -41.684	   3.218	  -6.881
1497	 CA 	153	 -40.371	   6.713	  -7.504
2201	 CA 	197	 -32.087	   7.666	  -8.165
2279	 CA 	202	 -31.436	   3.682	  -0.633
2324	 CA 	206	 -31.040	  -1.694	   2.870
2373	 CA 	209	 -22.739	  -0.255	  -1.981
2380	 CA 	210	 -20.839	   2.998	  -2.843
5325	 CA 	395	 -27.110	 -17.398	  19.506
5344	 CA 	396	 -28.342	 -15.023	  22.232
5356	 CA 	397	 -27.337	 -11.708	  20.482
5367	 CA 	398	 -25.123	 -10.680	  17.505
6370	 CA 	462	 -18.131	 -13.401	   3.484
6406	 CA 	465	 -19.356	 -17.612	   5.271
6933	 CA 	500	 -14.164	 -13.042	  14.835
6980	 CA 	503	 -14.710	 -13.733	   9.889
21341	CLA 	735	 -22.217	   3.299	   3.279
21342	CLA 	736	 -24.419	  -1.973	 -15.128
21344	CLA 	736	  36.824	   8.818	 -13.296
