786	 CA 	110	 -45.209	  -0.020	  33.976
806	 CA 	111	 -47.617	   2.774	  34.708
821	 CA 	112	 -49.110	   5.381	  32.288
894	 CA 	116	 -55.800	   5.387	  33.976
1467	 CA 	151	 -38.847	   2.845	  -4.605
1477	 CA 	152	 -41.503	   3.440	  -7.248
1497	 CA 	153	 -40.539	   7.129	  -7.910
2201	 CA 	197	 -32.543	   7.076	  -8.643
2279	 CA 	202	 -31.469	   3.848	  -0.232
2324	 CA 	206	 -31.061	  -0.753	   2.990
2373	 CA 	209	 -23.157	  -0.094	  -2.040
2380	 CA 	210	 -21.946	   3.310	  -2.951
5325	 CA 	395	 -26.299	 -17.084	  21.144
5344	 CA 	396	 -26.486	 -15.232	  24.447
5356	 CA 	397	 -26.513	 -11.986	  22.254
5367	 CA 	398	 -23.256	 -10.569	  20.920
6370	 CA 	462	 -18.556	 -13.032	   4.129
6406	 CA 	465	 -19.799	 -17.309	   6.408
6933	 CA 	500	 -14.377	 -12.158	  15.228
6980	 CA 	503	 -15.155	 -13.216	  10.736
21341	CLA 	735	 -23.500	   3.532	   2.769
21342	CLA 	736	 -24.201	  -3.050	 -14.654
21344	CLA 	736	  37.448	  -3.203	 -21.961
