786	 CA 	110	 -45.301	  -2.410	  33.059
806	 CA 	111	 -47.881	   0.239	  33.627
821	 CA 	112	 -49.659	   3.231	  31.928
894	 CA 	116	 -55.022	   2.995	  37.458
1467	 CA 	151	 -38.799	   1.714	  -4.450
1477	 CA 	152	 -41.495	   2.705	  -6.972
1497	 CA 	153	 -40.074	   6.269	  -7.573
2201	 CA 	197	 -32.073	   7.216	  -8.438
2279	 CA 	202	 -30.668	   3.342	  -0.706
2324	 CA 	206	 -30.859	  -1.490	   2.602
2373	 CA 	209	 -22.523	  -0.677	  -1.950
2380	 CA 	210	 -22.479	   2.866	  -3.321
5325	 CA 	395	 -26.875	 -17.555	  22.243
5344	 CA 	396	 -29.023	 -15.493	  24.686
5356	 CA 	397	 -28.147	 -11.862	  23.679
5367	 CA 	398	 -25.056	 -10.608	  21.809
6370	 CA 	462	 -18.003	 -12.858	   4.061
6406	 CA 	465	 -19.377	 -17.129	   6.564
6933	 CA 	500	 -14.796	 -12.487	  15.087
6980	 CA 	503	 -15.281	 -13.162	  10.437
21341	CLA 	735	 -21.520	   2.660	   1.561
21342	CLA 	736	 -24.650	  -2.737	 -14.868
21344	CLA 	736	  33.179	   5.449	 -11.834
