786	 CA 	110	 -48.302	  -3.085	  32.303
806	 CA 	111	 -50.689	  -0.246	  33.281
821	 CA 	112	 -52.692	   2.505	  31.630
894	 CA 	116	 -60.075	   1.059	  34.641
1467	 CA 	151	 -38.462	   1.667	  -4.248
1477	 CA 	152	 -41.629	   2.154	  -6.581
1497	 CA 	153	 -40.639	   5.813	  -7.081
2201	 CA 	197	 -32.385	   6.944	  -7.816
2279	 CA 	202	 -30.949	   3.145	  -0.244
2324	 CA 	206	 -30.510	  -1.744	   3.590
2373	 CA 	209	 -22.923	  -0.599	  -1.833
2380	 CA 	210	 -22.215	   2.881	  -3.287
5325	 CA 	395	 -23.247	 -19.226	  24.587
5344	 CA 	396	 -27.037	 -19.455	  24.701
5356	 CA 	397	 -27.703	 -16.112	  23.102
5367	 CA 	398	 -25.549	 -13.563	  21.243
6370	 CA 	462	 -17.965	 -13.038	   4.215
6406	 CA 	465	 -19.088	 -17.227	   6.247
6933	 CA 	500	 -13.466	 -12.383	  15.163
6980	 CA 	503	 -14.372	 -13.332	  10.578
21341	CLA 	735	 -21.932	   2.826	   2.010
21342	CLA 	736	 -24.591	  -1.779	 -15.420
21344	CLA 	736	  30.112	   3.321	 -17.258
