786	 CA 	110	 -44.608	  -3.238	  34.971
806	 CA 	111	 -47.085	  -0.377	  35.816
821	 CA 	112	 -48.722	   2.448	  33.929
894	 CA 	116	 -54.408	   1.948	  36.786
1467	 CA 	151	 -38.975	   2.051	  -4.500
1477	 CA 	152	 -41.806	   2.456	  -6.960
1497	 CA 	153	 -40.709	   6.092	  -7.767
2201	 CA 	197	 -32.540	   7.095	  -8.180
2279	 CA 	202	 -31.848	   3.599	  -0.124
2324	 CA 	206	 -30.558	  -1.990	   2.175
2373	 CA 	209	 -22.810	  -0.440	  -2.407
2380	 CA 	210	 -21.634	   3.111	  -2.901
5325	 CA 	395	 -26.852	 -18.885	  20.405
5344	 CA 	396	 -27.269	 -16.842	  23.659
5356	 CA 	397	 -27.128	 -13.530	  21.691
5367	 CA 	398	 -23.501	 -12.776	  20.550
6370	 CA 	462	 -18.162	 -13.147	   3.718
6406	 CA 	465	 -19.356	 -17.468	   5.761
6933	 CA 	500	 -14.482	 -13.203	  14.711
6980	 CA 	503	 -14.886	 -13.848	   9.628
21341	CLA 	735	 -22.270	   3.748	   3.208
21342	CLA 	736	 -24.231	  -2.764	 -14.893
21344	CLA 	736	  31.038	  10.297	 -18.538
