786	 CA 	110	 -49.660	   3.440	  33.344
806	 CA 	111	 -51.691	   6.351	  34.793
821	 CA 	112	 -54.370	   8.093	  32.532
894	 CA 	116	 -61.029	   3.625	  33.821
1467	 CA 	151	 -38.967	   0.588	  -3.862
1477	 CA 	152	 -42.259	   1.181	  -5.773
1497	 CA 	153	 -41.240	   4.898	  -6.528
2201	 CA 	197	 -32.554	   5.906	  -7.351
2279	 CA 	202	 -31.187	   2.895	   0.471
2324	 CA 	206	 -30.716	  -1.060	   3.280
2373	 CA 	209	 -22.358	  -0.874	  -1.951
2380	 CA 	210	 -21.074	   2.693	  -2.576
5325	 CA 	395	 -21.007	 -18.714	  26.435
5344	 CA 	396	 -24.754	 -18.568	  25.524
5356	 CA 	397	 -25.744	 -15.616	  23.189
5367	 CA 	398	 -23.319	 -13.235	  21.621
6370	 CA 	462	 -17.316	 -12.510	   4.087
6406	 CA 	465	 -18.636	 -16.538	   7.073
6933	 CA 	500	 -12.759	 -11.705	  15.226
6980	 CA 	503	 -13.997	 -12.712	  10.672
21341	CLA 	735	 -21.994	   1.147	   3.176
21342	CLA 	736	 -24.310	  -1.968	 -15.167
21344	CLA 	736	  30.194	   2.646	 -15.209
