786	 CA 	110	 -47.654	  -2.878	  33.170
806	 CA 	111	 -49.807	  -0.294	  34.995
821	 CA 	112	 -50.785	   3.296	  34.016
894	 CA 	116	 -57.151	   3.332	  37.104
1467	 CA 	151	 -38.647	   2.927	  -4.151
1477	 CA 	152	 -41.672	   3.535	  -6.408
1497	 CA 	153	 -40.566	   7.210	  -7.064
2201	 CA 	197	 -32.130	   7.659	  -7.912
2279	 CA 	202	 -31.986	   3.563	  -0.370
2324	 CA 	206	 -30.642	  -1.644	   2.528
2373	 CA 	209	 -22.973	  -0.143	  -2.332
2380	 CA 	210	 -21.245	   3.195	  -2.971
5325	 CA 	395	 -26.458	 -17.578	  20.391
5344	 CA 	396	 -26.090	 -14.802	  23.145
5356	 CA 	397	 -26.187	 -12.406	  20.072
5367	 CA 	398	 -22.942	 -10.856	  18.936
6370	 CA 	462	 -18.234	 -12.932	   3.766
6406	 CA 	465	 -19.414	 -17.237	   5.571
6933	 CA 	500	 -14.483	 -12.522	  14.753
6980	 CA 	503	 -15.227	 -13.342	   9.854
21341	CLA 	735	 -22.373	   3.000	   2.981
21342	CLA 	736	 -24.601	  -2.673	 -15.043
21344	CLA 	736	  35.964	   5.782	 -12.597
