786	 CA 	110	 -47.693	  -1.560	  31.712
806	 CA 	111	 -49.461	   1.825	  32.823
821	 CA 	112	 -51.457	   4.286	  30.614
894	 CA 	116	 -58.235	   3.993	  34.734
1467	 CA 	151	 -39.013	   1.838	  -4.647
1477	 CA 	152	 -41.814	   2.545	  -7.262
1497	 CA 	153	 -40.604	   6.120	  -7.734
2201	 CA 	197	 -32.148	   7.011	  -8.405
2279	 CA 	202	 -31.307	   3.623	  -0.535
2324	 CA 	206	 -31.482	  -0.778	   2.877
2373	 CA 	209	 -22.860	  -0.240	  -1.755
2380	 CA 	210	 -22.197	   3.167	  -3.400
5325	 CA 	395	 -25.616	 -18.563	  22.554
5344	 CA 	396	 -29.335	 -17.870	  23.178
5356	 CA 	397	 -28.647	 -14.664	  21.331
5367	 CA 	398	 -25.708	 -12.381	  20.183
6370	 CA 	462	 -18.462	 -12.726	   4.231
6406	 CA 	465	 -19.838	 -16.777	   6.303
6933	 CA 	500	 -14.140	 -11.787	  15.334
6980	 CA 	503	 -15.262	 -13.095	  10.594
21341	CLA 	735	 -21.358	   3.203	   2.297
21342	CLA 	736	 -24.518	  -2.859	 -15.240
21344	CLA 	736	  35.065	   3.885	 -12.838
