786	 CA 	110	 -48.169	  -2.000	  31.843
806	 CA 	111	 -50.209	   1.159	  32.813
821	 CA 	112	 -52.251	   3.987	  31.338
894	 CA 	116	 -59.750	   3.516	  34.206
1467	 CA 	151	 -39.202	   2.705	  -4.539
1477	 CA 	152	 -42.241	   3.432	  -6.709
1497	 CA 	153	 -41.125	   7.079	  -7.273
2201	 CA 	197	 -32.403	   7.093	  -8.476
2279	 CA 	202	 -31.352	   3.459	  -0.103
2324	 CA 	206	 -31.428	  -1.268	   3.021
2373	 CA 	209	 -23.225	  -0.407	  -2.174
2380	 CA 	210	 -22.632	   3.166	  -3.387
5325	 CA 	395	 -25.522	 -17.369	  23.523
5344	 CA 	396	 -29.381	 -16.944	  24.240
5356	 CA 	397	 -29.695	 -13.399	  22.666
5367	 CA 	398	 -27.183	 -11.152	  20.820
6370	 CA 	462	 -18.590	 -12.580	   3.635
6406	 CA 	465	 -19.718	 -16.951	   6.069
6933	 CA 	500	 -14.807	 -12.910	  15.588
6980	 CA 	503	 -15.227	 -13.435	  10.436
21341	CLA 	735	 -22.083	   2.971	   2.066
21342	CLA 	736	 -25.172	  -3.312	 -14.685
21344	CLA 	736	  34.629	   5.669	  -9.782
