786	 CA 	110	 -46.581	  -2.559	  31.818
806	 CA 	111	 -49.077	  -0.137	  33.368
821	 CA 	112	 -51.630	   2.280	  31.902
894	 CA 	116	 -57.776	   1.186	  35.608
1467	 CA 	151	 -38.831	   2.159	  -4.483
1477	 CA 	152	 -41.884	   2.506	  -6.833
1497	 CA 	153	 -40.633	   6.142	  -7.442
2201	 CA 	197	 -31.887	   7.748	  -8.646
2279	 CA 	202	 -31.594	   3.937	  -1.129
2324	 CA 	206	 -31.881	  -1.096	   2.141
2373	 CA 	209	 -23.395	  -0.512	  -2.095
2380	 CA 	210	 -22.441	   3.069	  -3.103
5325	 CA 	395	 -26.690	 -17.716	  23.596
5344	 CA 	396	 -30.386	 -16.804	  23.589
5356	 CA 	397	 -28.809	 -13.622	  22.300
5367	 CA 	398	 -25.428	 -12.149	  21.298
6370	 CA 	462	 -18.962	 -12.612	   3.697
6406	 CA 	465	 -20.052	 -16.755	   6.101
6933	 CA 	500	 -15.485	 -12.652	  15.296
6980	 CA 	503	 -15.905	 -13.347	  10.431
21341	CLA 	735	 -21.712	   2.802	   1.501
21342	CLA 	736	 -24.457	  -2.727	 -14.968
21344	CLA 	736	  32.704	   6.563	  -9.154
