786	 CA 	110	 -50.947	   3.598	  32.863
806	 CA 	111	 -52.725	   6.868	  33.628
821	 CA 	112	 -55.233	   7.647	  30.856
894	 CA 	116	 -61.338	   3.427	  33.623
1467	 CA 	151	 -39.030	   1.417	  -4.036
1477	 CA 	152	 -42.245	   1.826	  -6.082
1497	 CA 	153	 -41.294	   5.520	  -6.931
2201	 CA 	197	 -32.815	   6.256	  -7.581
2279	 CA 	202	 -31.581	   3.078	   0.410
2324	 CA 	206	 -30.780	  -1.582	   2.937
2373	 CA 	209	 -22.933	  -0.311	  -2.652
2380	 CA 	210	 -21.902	   3.300	  -3.022
5325	 CA 	395	 -23.674	 -19.114	  25.500
5344	 CA 	396	 -27.245	 -19.086	  24.147
5356	 CA 	397	 -27.644	 -15.397	  23.129
5367	 CA 	398	 -24.974	 -14.109	  20.685
6370	 CA 	462	 -17.593	 -12.512	   3.730
6406	 CA 	465	 -18.853	 -16.536	   6.106
6933	 CA 	500	 -13.536	 -12.990	  14.616
6980	 CA 	503	 -13.946	 -13.591	  10.154
21341	CLA 	735	 -22.860	   2.453	   3.957
21342	CLA 	736	 -24.755	  -2.211	 -15.082
21344	CLA 	736	  29.597	   3.204	 -14.896
