786	 CA 	110	 -46.289	  -2.217	  31.869
806	 CA 	111	 -48.562	   0.548	  33.321
821	 CA 	112	 -50.685	   3.349	  31.542
894	 CA 	116	 -55.775	   2.444	  37.028
1467	 CA 	151	 -39.161	   2.017	  -4.496
1477	 CA 	152	 -41.766	   2.609	  -7.097
1497	 CA 	153	 -40.543	   6.241	  -7.603
2201	 CA 	197	 -31.997	   7.346	  -8.843
2279	 CA 	202	 -31.411	   4.702	  -0.667
2324	 CA 	206	 -31.984	  -1.184	   2.906
2373	 CA 	209	 -23.430	  -0.313	  -1.754
2380	 CA 	210	 -22.297	   3.075	  -3.220
5325	 CA 	395	 -25.403	 -18.917	  23.162
5344	 CA 	396	 -27.578	 -17.496	  26.106
5356	 CA 	397	 -27.196	 -14.117	  24.433
5367	 CA 	398	 -25.270	 -12.949	  21.394
6370	 CA 	462	 -17.849	 -12.730	   4.062
6406	 CA 	465	 -19.432	 -16.963	   6.395
6933	 CA 	500	 -14.610	 -12.333	  15.196
6980	 CA 	503	 -15.121	 -13.193	  10.107
21341	CLA 	735	 -21.765	   2.935	   2.216
21342	CLA 	736	 -25.271	  -2.537	 -14.795
21344	CLA 	736	  34.440	   5.059	 -11.398
