786	 CA 	110	 -49.352	  -2.110	  32.212
806	 CA 	111	 -51.651	   0.813	  33.066
821	 CA 	112	 -52.690	   4.333	  31.896
894	 CA 	116	 -59.734	   4.527	  35.335
1467	 CA 	151	 -39.274	   2.202	  -4.877
1477	 CA 	152	 -42.010	   2.993	  -7.449
1497	 CA 	153	 -40.587	   6.529	  -7.887
2201	 CA 	197	 -32.558	   7.541	  -8.158
2279	 CA 	202	 -31.894	   4.054	  -0.253
2324	 CA 	206	 -31.716	  -0.454	   3.433
2373	 CA 	209	 -23.147	  -0.475	  -1.948
2380	 CA 	210	 -22.159	   3.143	  -2.935
5325	 CA 	395	 -27.515	 -16.668	  20.488
5344	 CA 	396	 -27.720	 -14.152	  23.520
5356	 CA 	397	 -26.860	 -11.654	  20.596
5367	 CA 	398	 -23.410	 -10.767	  19.309
6370	 CA 	462	 -19.105	 -13.111	   3.644
6406	 CA 	465	 -20.131	 -17.155	   5.730
6933	 CA 	500	 -15.457	 -13.058	  15.140
6980	 CA 	503	 -15.706	 -13.694	  10.128
21341	CLA 	735	 -22.989	   4.515	   4.734
21342	CLA 	736	 -24.315	  -2.664	 -14.923
21344	CLA 	736	  34.411	   5.792	 -12.070
