786	 CA 	110	 -48.165	  -0.377	  33.513
806	 CA 	111	 -50.770	   2.235	  34.654
821	 CA 	112	 -53.034	   4.412	  32.369
894	 CA 	116	 -59.653	   3.466	  34.978
1467	 CA 	151	 -38.325	   0.961	  -3.916
1477	 CA 	152	 -41.211	   1.758	  -6.194
1497	 CA 	153	 -40.202	   5.385	  -6.763
2201	 CA 	197	 -32.162	   6.625	  -7.819
2279	 CA 	202	 -30.676	   3.449	   0.138
2324	 CA 	206	 -31.058	  -1.597	   2.932
2373	 CA 	209	 -22.460	  -0.026	  -1.907
2380	 CA 	210	 -21.399	   3.433	  -3.009
5325	 CA 	395	 -22.739	 -18.863	  25.362
5344	 CA 	396	 -26.484	 -19.309	  24.563
5356	 CA 	397	 -27.835	 -15.902	  23.120
5367	 CA 	398	 -25.298	 -13.998	  20.989
6370	 CA 	462	 -17.717	 -12.351	   4.632
6406	 CA 	465	 -19.365	 -16.366	   6.937
6933	 CA 	500	 -13.832	 -12.384	  15.809
6980	 CA 	503	 -14.551	 -13.168	  10.979
21341	CLA 	735	 -23.030	   3.157	   3.323
21342	CLA 	736	 -24.507	  -2.034	 -15.184
21344	CLA 	736	  29.583	   2.283	 -14.105
