786	 CA 	110	 -45.393	  -1.733	  32.570
806	 CA 	111	 -47.346	   1.348	  33.476
821	 CA 	112	 -49.260	   4.092	  31.669
894	 CA 	116	 -54.875	   4.505	  36.886
1467	 CA 	151	 -38.674	   2.622	  -3.950
1477	 CA 	152	 -41.557	   3.333	  -6.407
1497	 CA 	153	 -40.201	   6.888	  -7.112
2201	 CA 	197	 -32.215	   7.502	  -8.138
2279	 CA 	202	 -31.596	   3.397	  -0.626
2324	 CA 	206	 -31.204	  -1.352	   2.735
2373	 CA 	209	 -23.370	  -0.474	  -2.476
2380	 CA 	210	 -22.406	   3.171	  -3.074
5325	 CA 	395	 -27.514	 -17.985	  21.718
5344	 CA 	396	 -28.790	 -15.990	  24.720
5356	 CA 	397	 -28.027	 -12.392	  23.471
5367	 CA 	398	 -25.137	 -11.179	  21.163
6370	 CA 	462	 -17.915	 -12.487	   3.844
6406	 CA 	465	 -19.342	 -16.684	   5.798
6933	 CA 	500	 -14.528	 -12.691	  15.285
6980	 CA 	503	 -15.016	 -13.673	  10.299
21341	CLA 	735	 -22.045	   2.805	   2.747
21342	CLA 	736	 -25.135	  -1.995	 -15.097
21344	CLA 	736	  31.692	   4.009	 -11.491
