786	 CA 	110	 -48.374	  -0.580	  32.039
806	 CA 	111	 -50.661	   2.217	  33.354
821	 CA 	112	 -52.781	   5.119	  32.275
894	 CA 	116	 -60.819	   4.573	  34.217
1467	 CA 	151	 -38.901	   2.469	  -4.468
1477	 CA 	152	 -41.866	   3.488	  -6.636
1497	 CA 	153	 -40.328	   7.060	  -7.140
2201	 CA 	197	 -32.028	   7.096	  -8.021
2279	 CA 	202	 -31.174	   3.380	  -0.196
2324	 CA 	206	 -31.079	  -1.169	   2.705
2373	 CA 	209	 -22.936	   0.297	  -1.874
2380	 CA 	210	 -21.905	   3.586	  -3.317
5325	 CA 	395	 -25.356	 -16.872	  23.124
5344	 CA 	396	 -29.211	 -16.659	  23.116
5356	 CA 	397	 -28.472	 -13.205	  21.739
5367	 CA 	398	 -25.274	 -11.174	  21.124
6370	 CA 	462	 -18.256	 -12.500	   3.997
6406	 CA 	465	 -19.617	 -16.851	   6.052
6933	 CA 	500	 -14.886	 -12.341	  15.244
6980	 CA 	503	 -15.229	 -13.179	  10.419
21341	CLA 	735	 -21.643	   2.704	   0.901
21342	CLA 	736	 -24.807	  -2.677	 -15.137
21344	CLA 	736	  34.456	   6.656	  -9.969
