786	 CA 	110	 -43.006	  -3.985	  34.348
806	 CA 	111	 -45.127	  -1.093	  35.802
821	 CA 	112	 -46.810	   2.215	  34.802
894	 CA 	116	 -53.517	   2.256	  37.886
1467	 CA 	151	 -38.301	   1.869	  -3.307
1477	 CA 	152	 -41.082	   2.671	  -5.861
1497	 CA 	153	 -39.510	   6.106	  -6.268
2201	 CA 	197	 -31.431	   6.469	  -6.624
2279	 CA 	202	 -30.829	   2.619	   1.277
2324	 CA 	206	 -30.300	  -1.340	   4.463
2373	 CA 	209	 -22.540	  -0.408	  -1.340
2380	 CA 	210	 -21.682	   2.971	  -2.798
5325	 CA 	395	 -24.433	 -18.705	  21.783
5344	 CA 	396	 -24.197	 -16.197	  24.671
5356	 CA 	397	 -24.093	 -13.009	  22.464
5367	 CA 	398	 -21.398	 -10.773	  20.937
6370	 CA 	462	 -17.303	 -13.400	   4.199
6406	 CA 	465	 -18.932	 -17.120	   6.678
6933	 CA 	500	 -12.603	 -12.707	  14.893
6980	 CA 	503	 -13.701	 -13.488	   9.982
21341	CLA 	735	 -22.455	   3.611	   4.762
21342	CLA 	736	 -24.711	  -3.228	 -14.784
21344	CLA 	736	  27.989	  19.476	 -44.991
