786	 CA 	110	 -44.405	  -2.197	  34.746
806	 CA 	111	 -46.559	   0.888	  35.319
821	 CA 	112	 -48.474	   3.313	  33.054
894	 CA 	116	 -54.503	   2.782	  35.874
1467	 CA 	151	 -39.013	   1.590	  -3.864
1477	 CA 	152	 -41.903	   1.951	  -6.359
1497	 CA 	153	 -40.789	   5.536	  -7.328
2201	 CA 	197	 -32.715	   6.062	  -7.680
2279	 CA 	202	 -31.276	   2.313	   0.251
2324	 CA 	206	 -30.773	  -2.318	   3.249
2373	 CA 	209	 -23.008	  -0.698	  -1.985
2380	 CA 	210	 -22.129	   2.918	  -2.766
5325	 CA 	395	 -25.617	 -18.563	  21.547
5344	 CA 	396	 -25.355	 -16.477	  24.798
5356	 CA 	397	 -25.944	 -13.084	  22.967
5367	 CA 	398	 -22.846	 -11.532	  21.326
6370	 CA 	462	 -17.776	 -13.548	   3.957
6406	 CA 	465	 -18.771	 -17.437	   6.018
6933	 CA 	500	 -14.555	 -13.012	  15.049
6980	 CA 	503	 -14.819	 -13.760	  10.306
21341	CLA 	735	 -23.221	   3.288	   3.404
21342	CLA 	736	 -24.363	  -2.758	 -14.981
21344	CLA 	736	  34.621	   0.686	 -23.270
