786	 CA 	110	 -47.514	  -1.457	  32.162
806	 CA 	111	 -48.687	   2.160	  32.364
821	 CA 	112	 -51.692	   4.090	  31.328
894	 CA 	116	 -55.938	   3.129	  36.217
1467	 CA 	151	 -38.813	   2.227	  -4.189
1477	 CA 	152	 -41.809	   2.779	  -6.556
1497	 CA 	153	 -40.378	   6.320	  -7.350
2201	 CA 	197	 -31.893	   6.858	  -7.640
2279	 CA 	202	 -31.505	   2.967	   0.349
2324	 CA 	206	 -30.934	  -2.190	   3.037
2373	 CA 	209	 -22.338	  -0.167	  -1.896
2380	 CA 	210	 -21.801	   3.345	  -3.240
5325	 CA 	395	 -25.626	 -18.185	  20.424
5344	 CA 	396	 -25.905	 -16.711	  23.953
5356	 CA 	397	 -26.088	 -13.082	  22.543
5367	 CA 	398	 -22.984	 -11.316	  21.293
6370	 CA 	462	 -18.126	 -12.949	   3.818
6406	 CA 	465	 -19.158	 -17.123	   6.089
6933	 CA 	500	 -13.992	 -12.648	  14.662
6980	 CA 	503	 -14.823	 -13.369	  10.127
21341	CLA 	735	 -22.995	   2.457	   3.863
21342	CLA 	736	 -25.100	  -2.729	 -14.995
21344	CLA 	736	  34.959	   5.818	 -10.902
