786	 CA 	110	 -49.259	  -2.844	  32.360
806	 CA 	111	 -51.735	   0.065	  32.801
821	 CA 	112	 -52.958	   3.099	  30.768
894	 CA 	116	 -60.088	   2.722	  33.473
1467	 CA 	151	 -38.844	   2.057	  -4.887
1477	 CA 	152	 -41.790	   2.760	  -7.225
1497	 CA 	153	 -40.458	   6.327	  -7.845
2201	 CA 	197	 -31.936	   7.442	  -8.475
2279	 CA 	202	 -31.285	   3.762	  -1.000
2324	 CA 	206	 -31.822	  -0.793	   2.301
2373	 CA 	209	 -22.929	  -0.026	  -2.164
2380	 CA 	210	 -22.242	   3.471	  -3.502
5325	 CA 	395	 -26.960	 -17.582	  23.339
5344	 CA 	396	 -30.496	 -16.295	  23.415
5356	 CA 	397	 -29.243	 -12.765	  22.053
5367	 CA 	398	 -25.964	 -11.294	  20.638
6370	 CA 	462	 -18.878	 -12.925	   3.678
6406	 CA 	465	 -20.018	 -17.246	   5.941
6933	 CA 	500	 -15.718	 -12.636	  15.341
6980	 CA 	503	 -16.063	 -13.634	  10.434
21341	CLA 	735	 -21.512	   2.741	   0.423
21342	CLA 	736	 -24.508	  -2.700	 -14.842
21344	CLA 	736	  33.446	   5.524	  -8.344
