786	 CA 	110	 -48.348	  -0.971	  31.807
806	 CA 	111	 -50.227	   2.309	  32.659
821	 CA 	112	 -52.839	   4.695	  31.103
894	 CA 	116	 -60.107	   4.776	  33.394
1467	 CA 	151	 -39.653	   1.695	  -4.351
1477	 CA 	152	 -42.337	   2.743	  -6.679
1497	 CA 	153	 -41.029	   6.380	  -7.064
2201	 CA 	197	 -32.463	   7.447	  -7.932
2279	 CA 	202	 -31.762	   3.445	  -0.384
2324	 CA 	206	 -31.857	  -1.392	   3.017
2373	 CA 	209	 -22.897	   0.013	  -1.511
2380	 CA 	210	 -22.029	   3.226	  -3.359
5325	 CA 	395	 -26.621	 -17.414	  24.290
5344	 CA 	396	 -30.406	 -16.760	  24.990
5356	 CA 	397	 -29.717	 -13.339	  23.328
5367	 CA 	398	 -26.771	 -11.616	  21.528
6370	 CA 	462	 -19.036	 -12.533	   4.338
6406	 CA 	465	 -20.776	 -16.676	   6.521
6933	 CA 	500	 -15.384	 -12.592	  15.130
6980	 CA 	503	 -15.931	 -13.346	  10.618
21341	CLA 	735	 -22.078	   3.338	   2.004
21342	CLA 	736	 -24.861	  -3.161	 -14.541
21344	CLA 	736	  34.163	   7.181	 -10.191
