786	 CA 	110	 -47.191	  -2.409	  32.711
806	 CA 	111	 -49.915	  -0.017	  33.714
821	 CA 	112	 -51.854	   2.871	  32.007
894	 CA 	116	 -59.123	   1.905	  34.820
1467	 CA 	151	 -38.939	   0.978	  -4.054
1477	 CA 	152	 -42.088	   1.450	  -6.250
1497	 CA 	153	 -40.997	   5.119	  -6.852
2201	 CA 	197	 -32.275	   6.658	  -7.919
2279	 CA 	202	 -31.217	   3.136	  -0.249
2324	 CA 	206	 -31.107	  -1.476	   3.289
2373	 CA 	209	 -22.827	  -0.400	  -2.111
2380	 CA 	210	 -21.951	   3.169	  -2.975
5325	 CA 	395	 -22.959	 -19.028	  25.445
5344	 CA 	396	 -26.613	 -19.551	  24.215
5356	 CA 	397	 -28.220	 -16.300	  22.853
5367	 CA 	398	 -25.865	 -14.172	  20.643
6370	 CA 	462	 -17.653	 -12.626	   3.987
6406	 CA 	465	 -19.411	 -17.052	   6.253
6933	 CA 	500	 -14.466	 -12.020	  15.066
6980	 CA 	503	 -15.073	 -13.266	  10.350
21341	CLA 	735	 -22.956	   2.924	   3.643
21342	CLA 	736	 -25.245	  -2.495	 -15.071
21344	CLA 	736	  33.236	   5.872	 -13.166
