786	 CA 	110	 -45.539	   3.243	  35.929
806	 CA 	111	 -49.056	   4.598	  36.624
821	 CA 	112	 -52.010	   6.814	  35.214
894	 CA 	116	 -56.569	   4.338	  39.605
1467	 CA 	151	 -39.082	   2.497	  -3.774
1477	 CA 	152	 -42.072	   3.459	  -5.867
1497	 CA 	153	 -40.496	   6.910	  -6.547
2201	 CA 	197	 -31.853	   7.046	  -7.363
2279	 CA 	202	 -31.091	   3.084	   0.761
2324	 CA 	206	 -30.747	  -1.479	   4.235
2373	 CA 	209	 -22.341	  -0.432	  -1.325
2380	 CA 	210	 -21.770	   2.936	  -3.030
5325	 CA 	395	 -23.521	 -16.962	  23.295
5344	 CA 	396	 -22.953	 -15.100	  26.604
5356	 CA 	397	 -24.005	 -11.822	  24.909
5367	 CA 	398	 -21.829	  -9.872	  22.592
6370	 CA 	462	 -18.277	 -13.071	   4.179
6406	 CA 	465	 -19.472	 -17.207	   7.265
6933	 CA 	500	 -13.787	 -11.731	  15.552
6980	 CA 	503	 -14.629	 -12.751	  10.854
21341	CLA 	735	 -22.604	   2.839	   4.452
21342	CLA 	736	 -24.408	  -3.072	 -14.581
21344	CLA 	736	  22.861	  61.712	 -31.527
