786	 CA 	110	 -48.964	  -3.211	  33.026
806	 CA 	111	 -51.421	  -0.526	  33.959
821	 CA 	112	 -52.715	   2.308	  31.640
894	 CA 	116	 -58.299	   2.733	  35.876
1467	 CA 	151	 -39.339	   1.636	  -4.042
1477	 CA 	152	 -42.111	   2.254	  -6.573
1497	 CA 	153	 -40.824	   5.842	  -7.146
2201	 CA 	197	 -32.758	   7.011	  -8.135
2279	 CA 	202	 -31.801	   3.557	  -0.365
2324	 CA 	206	 -31.710	  -1.485	   3.173
2373	 CA 	209	 -23.102	  -0.299	  -1.461
2380	 CA 	210	 -21.993	   3.065	  -2.870
5325	 CA 	395	 -26.049	 -16.407	  21.323
5344	 CA 	396	 -25.826	 -13.962	  24.205
5356	 CA 	397	 -25.597	 -10.964	  21.704
5367	 CA 	398	 -22.524	  -9.410	  19.937
6370	 CA 	462	 -17.725	 -12.367	   4.433
6406	 CA 	465	 -18.922	 -16.701	   6.988
6933	 CA 	500	 -13.956	 -11.596	  15.679
6980	 CA 	503	 -14.627	 -12.570	  10.851
21341	CLA 	735	 -23.771	   2.970	   3.342
21342	CLA 	736	 -25.090	  -2.826	 -14.783
21344	CLA 	736	  35.769	   4.941	 -11.760
