786	 CA 	110	 -45.486	  -2.696	  35.990
806	 CA 	111	 -47.364	   0.536	  35.387
821	 CA 	112	 -48.133	   3.073	  32.602
894	 CA 	116	 -55.242	   3.226	  34.854
1467	 CA 	151	 -38.613	   2.301	  -4.144
1477	 CA 	152	 -41.414	   2.874	  -6.658
1497	 CA 	153	 -40.477	   6.472	  -7.506
2201	 CA 	197	 -32.209	   6.874	  -7.534
2279	 CA 	202	 -31.510	   3.137	   0.083
2324	 CA 	206	 -30.538	  -2.676	   3.147
2373	 CA 	209	 -23.068	  -0.767	  -1.952
2380	 CA 	210	 -21.751	   2.782	  -2.740
5325	 CA 	395	 -26.029	 -19.102	  21.378
5344	 CA 	396	 -25.749	 -17.090	  24.463
5356	 CA 	397	 -26.427	 -13.793	  22.601
5367	 CA 	398	 -23.513	 -12.092	  20.939
6370	 CA 	462	 -18.238	 -12.895	   3.957
6406	 CA 	465	 -19.725	 -17.105	   5.680
6933	 CA 	500	 -14.659	 -13.153	  15.141
6980	 CA 	503	 -15.292	 -13.724	  10.148
21341	CLA 	735	 -23.080	   2.763	   3.132
21342	CLA 	736	 -24.450	  -3.056	 -15.090
21344	CLA 	736	  31.012	  -8.288	 -31.228
