786	 CA 	110	 -43.023	  -2.385	  33.730
806	 CA 	111	 -45.303	   0.283	  35.411
821	 CA 	112	 -46.791	   3.479	  34.237
894	 CA 	116	 -53.824	   3.395	  37.184
1467	 CA 	151	 -38.480	   2.007	  -4.002
1477	 CA 	152	 -41.405	   2.728	  -6.372
1497	 CA 	153	 -40.029	   6.178	  -7.181
2201	 CA 	197	 -32.106	   6.534	  -7.819
2279	 CA 	202	 -30.669	   2.744	  -0.074
2324	 CA 	206	 -30.605	  -1.656	   3.522
2373	 CA 	209	 -22.647	  -0.307	  -1.422
2380	 CA 	210	 -22.438	   3.206	  -2.888
5325	 CA 	395	 -24.559	 -16.479	  22.692
5344	 CA 	396	 -24.736	 -13.956	  25.536
5356	 CA 	397	 -25.109	 -11.122	  22.812
5367	 CA 	398	 -22.253	 -10.080	  20.553
6370	 CA 	462	 -17.765	 -13.154	   4.211
6406	 CA 	465	 -19.177	 -17.099	   6.541
6933	 CA 	500	 -13.068	 -13.143	  14.992
6980	 CA 	503	 -14.217	 -13.980	  10.203
21341	CLA 	735	 -23.490	   2.137	   3.660
21342	CLA 	736	 -24.667	  -2.690	 -14.879
21344	CLA 	736	  22.687	  24.920	 -44.191
