786	 CA 	110	 -47.368	  -2.772	  32.395
806	 CA 	111	 -49.315	  -0.012	  34.024
821	 CA 	112	 -50.820	   3.343	  33.187
894	 CA 	116	 -57.399	   2.858	  36.492
1467	 CA 	151	 -38.590	   2.539	  -4.198
1477	 CA 	152	 -41.601	   3.086	  -6.531
1497	 CA 	153	 -40.421	   6.748	  -6.947
2201	 CA 	197	 -32.185	   7.826	  -7.808
2279	 CA 	202	 -31.352	   3.538	  -0.302
2324	 CA 	206	 -30.608	  -1.338	   3.262
2373	 CA 	209	 -23.041	  -0.517	  -2.590
2380	 CA 	210	 -21.408	   2.990	  -2.723
5325	 CA 	395	 -25.631	 -17.463	  20.980
5344	 CA 	396	 -24.649	 -14.708	  23.412
5356	 CA 	397	 -25.308	 -12.013	  20.851
5367	 CA 	398	 -22.671	 -10.449	  18.552
6370	 CA 	462	 -18.174	 -13.067	   3.424
6406	 CA 	465	 -19.328	 -17.480	   5.572
6933	 CA 	500	 -14.139	 -12.613	  14.495
6980	 CA 	503	 -15.046	 -13.635	   9.574
21341	CLA 	735	 -22.467	   2.917	   3.223
21342	CLA 	736	 -24.817	  -2.558	 -15.079
21344	CLA 	736	  36.212	   6.736	 -13.539
