786	 CA 	110	 -47.550	  -1.824	  32.060
806	 CA 	111	 -49.987	   0.932	  33.270
821	 CA 	112	 -52.131	   3.547	  31.480
894	 CA 	116	 -59.283	   2.606	  35.104
1467	 CA 	151	 -38.781	   1.827	  -4.620
1477	 CA 	152	 -41.757	   2.916	  -6.843
1497	 CA 	153	 -40.410	   6.585	  -7.080
2201	 CA 	197	 -31.783	   7.040	  -8.089
2279	 CA 	202	 -31.119	   3.187	  -0.496
2324	 CA 	206	 -31.418	  -1.198	   3.088
2373	 CA 	209	 -22.968	  -0.504	  -1.908
2380	 CA 	210	 -22.371	   2.945	  -3.333
5325	 CA 	395	 -24.808	 -18.850	  24.021
5344	 CA 	396	 -28.567	 -18.383	  24.583
5356	 CA 	397	 -28.377	 -15.103	  22.645
5367	 CA 	398	 -26.114	 -13.023	  20.462
6370	 CA 	462	 -18.121	 -12.906	   4.127
6406	 CA 	465	 -19.702	 -16.918	   6.563
6933	 CA 	500	 -13.934	 -11.915	  15.333
6980	 CA 	503	 -15.197	 -12.987	  10.527
21341	CLA 	735	 -21.873	   1.751	   1.637
21342	CLA 	736	 -24.703	  -2.340	 -15.141
21344	CLA 	736	  32.703	   3.514	 -13.411
